1530175844 0 0 0 0 514 501 406 377 310 488 377 310 488 
1532694236 0 0 0 0 514 501 408 376 310 487 375 310 487 
1533679304 0 0 0 0 514 500 407 375 310 488 375 310 488 
1535173824 0 0 0 0 515 500 408 376 309 489 376 309 489 
1536158890 0 0 0 0 515 500 408 376 310 489 376 309 489 
1537691418 0 0 0 0 516 500 406 376 310 490 376 310 490 
1538674616 0 0 0 0 516 499 406 377 311 490 377 311 490 
1540208212 0 0 0 0 515 500 406 378 314 490 377 314 490 
1541191816 0 0 0 0 515 499 407 378 314 490 378 314 490 
1542688612 0 0 0 0 515 499 408 379 314 490 379 314 490 
1545247394 0 0 0 0 513 501 408 379 312 489 379 312 489 
1546349002 0 0 0 0 514 501 407 378 311 489 378 311 489 
1547726994 0 0 0 0 515 501 405 376 311 489 376 311 489 
1548867790 0 0 0 0 514 502 406 376 311 488 375 311 488 
1550243786 0 0 0 0 513 500 407 375 310 487 375 310 487 
1551385390 0 0 0 0 513 500 407 376 310 487 376 310 487 
1552721786 0 0 0 0 514 500 408 377 309 487 377 309 487 
1553901784 0 0 0 0 515 500 407 377 308 487 377 308 487 
1555238174 0 0 0 0 515 501 406 377 309 488 377 309 488 
1557755012 0 0 0 0 514 500 406 376 311 489 376 311 489 
1559013364 0 0 0 0 514 500 407 377 313 489 376 312 489 
1560273762 0 0 0 0 514 500 408 377 313 489 377 313 489 
1561531846 0 0 0 0 514 500 407 378 314 490 378 313 489 
1562752162 0 0 0 0 514 500 406 379 314 490 379 314 490 
1564049246 0 0 0 0 513 501 407 379 314 491 379 314 491 
1565269230 0 0 0 0 514 500 407 379 312 491 379 312 491 
1566567346 0 0 0 0 514 501 407 378 312 491 378 312 491 
1567786550 0 0 0 0 514 501 406 377 312 491 377 312 491 
1570265062 0 0 0 0 513 500 407 377 311 490 377 311 490 
1571720808 0 0 0 0 514 500 407 377 310 489 377 310 489 
1572824136 0 0 0 0 514 500 407 377 309 489 377 309 489 
1574239720 0 0 0 0 515 500 407 378 309 489 378 309 489 
1575300618 0 0 0 0 515 500 406 377 310 489 377 310 489 
1576756514 0 0 0 0 515 500 407 378 310 489 378 310 489 
1577779312 0 0 0 0 515 499 407 378 311 489 378 311 489 
1579236114 0 0 0 0 515 499 408 379 312 489 378 312 489 
1580337718 0 0 0 0 514 499 407 379 312 489 379 312 489 
1582816906 0 0 0 0 514 502 408 379 313 488 379 313 488 
1584390102 0 0 0 0 514 503 408 379 312 488 379 312 488 
1585334506 0 0 0 0 513 501 407 378 312 488 378 311 488 
1586907694 0 0 0 0 513 502 406 376 311 487 376 311 487 
1587850498 0 0 0 0 513 502 406 376 311 488 376 311 487 
1589422094 0 0 0 0 513 502 408 376 311 488 375 310 487 
1590327292 0 0 0 0 513 502 409 376 309 487 376 309 487 
1591900888 0 0 0 0 514 502 408 376 308 487 376 308 487 
1592844886 0 0 0 0 513 502 408 376 309 488 376 308 487 
1595361680 0 0 0 0 514 500 405 375 310 488 375 310 488 
1597093664 0 0 0 0 514 501 406 376 311 489 376 311 489 
1597840468 0 0 0 0 514 500 407 376 312 490 376 311 489 
1599610864 0 0 0 0 514 500 406 377 312 490 377 312 490 
1600358056 0 0 0 0 514 500 405 377 312 490 377 312 490 
1602129250 0 0 0 0 513 500 406 378 313 490 378 313 490 
1602838462 0 0 0 0 513 500 407 378 313 490 378 313 490 
1604648056 0 0 0 0 513 501 407 378 311 490 378 311 490 
1605396048 0 0 0 0 514 501 408 379 312 490 378 312 490 
1607874048 0 0 0 0 513 501 407 379 310 490 379 310 489 
1609764844 0 0 0 0 514 501 406 377 310 489 377 310 489 
1610393512 0 0 0 0 514 502 406 377 310 490 377 310 489 
1612320838 0 0 0 0 514 501 407 377 309 489 377 309 489 
1612870436 0 0 0 0 514 500 407 378 309 489 378 309 489 
1614798044 0 0 0 0 514 500 407 378 310 489 378 309 489 
1615427624 0 0 0 0 514 501 407 378 311 490 378 310 490 
1617315626 0 0 0 0 515 502 407 379 311 490 379 310 490 
1617905618 0 0 0 0 515 502 408 380 311 490 379 311 490 
1620423204 0 0 0 0 515 501 407 378 311 491 378 311 491 
1622467606 0 0 0 0 514 503 408 379 312 490 379 312 490 
1622940010 0 0 0 0 514 502 408 378 312 490 378 312 490 
1625026000 0 0 0 0 514 502 407 377 311 489 377 311 489 
1625418404 0 0 0 0 514 503 407 378 311 489 378 311 489 
1627505480 0 0 0 0 514 503 408 376 311 488 376 311 488 
1627898798 0 0 0 0 514 502 406 376 310 488 376 310 488 
1630022786 0 0 0 0 514 502 408 376 311 488 376 310 488 
1630416498 0 0 0 0 514 502 407 376 310 488 376 310 488 
1632934780 0 0 0 0 515 502 408 377 310 487 377 310 487 
1635138768 0 0 0 0 514 502 407 377 311 488 377 311 488 
1635452542 0 0 0 0 514 502 407 377 311 488 377 310 488 
1637655162 0 0 0 0 515 502 406 376 312 489 376 312 489 
1637969974 0 0 0 0 515 502 407 376 313 489 376 313 489 
1640171556 0 0 0 0 514 502 408 377 312 489 377 312 489 
1640447168 0 0 0 0 514 503 409 378 312 489 378 312 489 
1642686356 0 0 0 0 514 502 405 377 312 489 377 312 489 
1642961854 0 0 0 0 514 502 405 378 312 489 377 312 489 
1645480348 0 0 0 0 514 502 405 377 312 489 377 312 489 
1647840424 0 0 0 0 513 502 408 379 311 488 378 310 488 
1648037148 0 0 0 0 513 502 407 379 310 488 379 310 488 
1650319542 0 0 0 0 514 502 406 379 310 489 378 309 489 
1650517142 0 0 0 0 514 503 406 378 310 489 378 310 489 
1652837924 0 0 0 0 514 502 408 378 311 490 377 310 490 
1653034722 0 0 0 0 514 502 408 377 310 490 377 310 490 
1655357130 0 0 0 0 514 503 408 377 311 489 377 311 489 
1655553930 0 0 0 0 514 503 408 378 311 489 378 311 489 
1657991922 0 0 0 0 515 503 408 377 312 489 377 311 489 
1660511116 0 0 0 0 515 503 408 376 311 489 376 311 489 
1660629516 0 0 0 0 515 503 407 376 311 489 376 311 489 
1662990298 0 0 0 0 514 502 407 377 311 488 377 311 488 
1663147910 0 0 0 0 515 502 407 377 312 488 377 311 488 
1665545504 0 0 0 0 514 503 406 377 312 488 377 312 488 
1665663904 0 0 0 0 514 503 407 377 312 488 377 312 488 
1668024292 0 0 0 0 514 503 408 377 311 488 377 311 488 
1668142698 0 0 0 0 514 503 407 377 311 488 377 311 488 
1670543492 0 0 0 0 514 502 407 375 311 489 375 311 489 
1673021486 0 0 0 0 514 501 407 376 311 489 376 311 489 
1673178284 0 0 0 0 514 501 407 377 311 489 377 311 489 
1675539078 0 0 0 0 514 502 407 378 311 488 378 311 488 
1675657072 0 0 0 0 514 502 407 379 311 488 379 311 488 
1678018666 0 0 0 0 514 502 406 377 313 490 376 312 489 
1678176666 0 0 0 0 514 502 405 376 312 490 376 312 490 
1680577866 0 0 0 0 513 502 408 377 312 489 377 312 489 
1680696266 0 0 0 0 513 502 407 377 312 489 376 312 489 
1683057460 0 0 0 0 514 502 406 378 311 488 378 311 488 
1685535842 0 0 0 0 514 503 407 378 310 488 378 310 488 
1685850646 0 0 0 0 514 503 407 378 310 488 378 310 488 
1688094648 0 0 0 0 514 504 408 377 310 488 377 310 488 
1688370240 0 0 0 0 513 503 408 378 310 488 377 310 488 
1690572234 0 0 0 0 514 503 407 376 311 488 376 311 488 
1690847028 0 0 0 0 514 503 407 376 311 488 376 311 488 
1693051434 0 0 0 0 513 502 408 376 311 488 376 311 488 
1693405028 0 0 0 0 514 503 408 377 311 489 376 311 488 
1695569022 0 0 0 0 514 502 406 376 311 489 376 311 489 
1698087410 0 0 0 0 514 502 406 377 312 489 377 312 489 
1698519822 0 0 0 0 514 503 407 377 312 489 377 312 489 
1700603410 0 0 0 0 513 502 406 378 312 489 377 311 489 
1701036202 0 0 0 0 513 502 406 378 311 489 378 311 489 
1703082484 0 0 0 0 513 502 407 378 310 488 378 310 488 
1703515084 0 0 0 0 513 503 407 378 310 488 378 310 488 
1705600190 0 0 0 0 513 503 407 377 309 489 377 309 489 
1706072590 0 0 0 0 514 502 407 377 310 489 377 309 489 
1708118190 0 0 0 0 515 503 407 377 309 489 377 309 489 
1710597778 0 0 0 0 515 503 408 377 310 488 376 310 488 
1711188184 0 0 0 0 515 503 407 377 311 488 377 311 488 
1713116184 0 0 0 0 514 502 407 376 312 489 376 312 489 
1713744582 0 0 0 0 514 502 407 376 312 489 376 312 489 
1715631366 0 0 0 0 515 502 408 378 312 489 378 312 489 
1716222170 0 0 0 0 515 502 407 378 312 489 378 312 489 
1718110972 0 0 0 0 515 503 406 378 313 490 378 313 490 
1718701770 0 0 0 0 514 503 406 378 312 489 378 312 489 
1720629360 0 0 0 0 514 503 407 378 312 489 378 312 489 
1723146560 0 0 0 0 513 503 408 377 311 488 377 311 488 
1723855358 0 0 0 0 513 503 408 377 310 488 377 310 488 
1725666152 0 0 0 0 513 502 406 377 310 488 377 310 488 
1726413344 0 0 0 0 514 502 405 376 310 488 376 310 488 
1728184140 0 0 0 0 514 503 406 376 310 488 376 310 488 
1728892270 0 0 0 0 514 503 407 377 311 488 376 310 488 
1730700134 0 0 0 0 513 502 407 377 310 487 377 310 487 
1731408800 0 0 0 0 514 502 407 378 311 488 378 311 488 
1733180134 0 0 0 0 514 503 407 378 311 489 378 311 489 
1735697328 0 0 0 0 514 503 407 378 311 489 378 311 489 
1736562126 0 0 0 0 514 504 407 378 311 490 378 311 489 
1738212122 0 0 0 0 514 503 408 377 311 489 377 311 489 
1739078162 0 0 0 0 513 503 407 377 311 489 377 311 489 
1740691316 0 0 0 0 514 503 406 376 312 489 376 312 489 
1741557306 0 0 0 0 514 504 407 377 312 489 377 312 489 
1743209302 0 0 0 0 513 503 407 376 311 489 376 311 489 
1744075576 0 0 0 0 513 502 407 377 312 489 377 311 489 
1745728890 0 0 0 0 514 502 406 376 312 489 376 312 489 
1748207340 0 0 0 0 513 503 407 377 311 489 377 311 489 
1749269288 0 0 0 0 513 502 408 377 310 489 377 310 489 
1750726090 0 0 0 0 513 502 408 378 310 489 378 310 489 
1751749682 0 0 0 0 514 503 407 378 310 489 378 310 489 
1753243284 0 0 0 0 514 503 406 377 311 489 377 311 489 
1754266474 0 0 0 0 515 503 406 377 311 489 376 311 489 
1755722096 0 0 0 0 514 502 407 377 312 489 376 312 489 
1756745750 0 0 0 0 514 502 407 377 311 489 377 311 489 
1758240872 0 0 0 0 514 502 407 378 312 489 378 312 489 
1760760864 0 0 0 0 514 504 407 378 311 489 378 311 488 
1761902462 0 0 0 0 513 503 408 378 311 489 378 311 488 
1763278452 0 0 0 0 514 504 408 377 311 489 377 311 489 
1764417656 0 0 0 0 514 504 407 376 310 489 376 310 489 
1765756446 0 0 0 0 514 504 407 376 311 488 376 311 488 
1766936836 0 0 0 0 514 503 407 376 311 488 376 311 488 
1768234446 0 0 0 0 514 503 407 376 311 488 376 311 488 
1769454442 0 0 0 0 514 503 406 376 312 488 375 311 488 
1770753234 0 0 0 0 514 504 407 377 311 488 376 311 488 
1773271226 0 0 0 0 514 503 407 377 311 488 377 311 488 
1774608824 0 0 0 0 513 503 407 378 311 489 378 311 489 
1775790826 0 0 0 0 513 503 406 378 311 489 377 311 489 
1777088024 0 0 0 0 513 504 408 377 311 489 377 311 489 
1778268014 0 0 0 0 513 504 408 377 311 489 377 311 489 
1779644018 0 0 0 0 513 504 407 377 312 489 377 311 489 
1780823940 0 0 0 0 513 503 408 376 311 489 376 311 489 
1782161918 0 0 0 0 514 502 407 376 311 489 376 311 489 
1783301996 0 0 0 0 514 503 406 376 312 489 376 312 489 
1785780390 0 0 0 0 514 503 407 377 312 489 377 312 489 
1787274392 0 0 0 0 513 503 407 377 312 489 377 312 489 
1788295596 0 0 0 0 513 503 406 377 311 489 377 311 489 
1789789186 0 0 0 0 513 503 406 377 311 488 377 311 488 
1790851582 0 0 0 0 513 503 407 377 310 488 377 310 488 
1792267574 0 0 0 0 514 504 408 378 310 489 378 310 488 
1793329982 0 0 0 0 513 504 408 378 309 488 378 309 488 
1794786766 0 0 0 0 514 505 409 377 309 488 377 309 488 
1795810770 0 0 0 0 514 503 407 375 310 488 375 310 488 
1798326764 0 0 0 0 515 504 407 374 313 488 374 313 488 
1799979166 0 0 0 0 513 502 408 375 311 488 375 311 488 
1800844758 0 0 0 0 513 502 408 376 312 489 376 312 489 
1802455154 0 0 0 0 514 502 406 377 312 489 377 312 489 
1803319952 0 0 0 0 513 502 406 378 312 490 378 312 490 
1804973154 0 0 0 0 513 502 406 378 311 489 378 311 489 
1805837952 0 0 0 0 513 503 406 378 312 490 378 311 489 
1807487948 0 0 0 0 513 503 407 378 311 489 378 311 489 
1808354338 0 0 0 0 514 504 407 378 310 489 378 310 489 
1810873532 0 0 0 0 514 503 407 377 310 489 377 310 489 
1812643134 0 0 0 0 514 504 407 376 310 488 376 310 488 
1813351120 0 0 0 0 514 503 407 377 311 488 377 311 488 
1815158960 0 0 0 0 514 503 409 378 310 488 377 310 487 
1815867926 0 0 0 0 514 503 407 377 310 488 377 310 488 
1817640722 0 0 0 0 514 503 407 377 311 489 376 311 488 
1818388714 0 0 0 0 514 503 407 376 311 489 376 311 489 
1820197990 0 0 0 0 514 503 408 377 312 489 377 311 489 
1820867514 0 0 0 0 513 504 409 377 311 489 377 311 489 
1823385908 0 0 0 0 514 504 408 377 312 489 377 312 489 
1825316690 0 0 0 0 513 504 407 375 312 489 375 311 489 
1825907100 0 0 0 0 514 503 407 374 312 489 374 312 489 
1827874696 0 0 0 0 513 502 406 374 312 489 374 312 489 
1828424982 0 0 0 0 513 501 406 375 313 489 374 312 489 
1830353090 0 0 0 0 513 501 405 376 312 489 376 312 488 
1830903876 0 0 0 0 513 501 405 376 312 489 376 311 488 
1832831870 0 0 0 0 513 501 406 378 311 489 378 310 489 
1833422276 0 0 0 0 513 501 405 378 310 489 378 310 489 
1835939088 0 0 0 0 514 503 408 379 309 489 378 308 489 
1838023470 0 0 0 0 514 503 407 378 310 489 378 310 489 
1838417070 0 0 0 0 514 503 407 378 310 488 378 309 488 
1840541852 0 0 0 0 515 503 407 376 312 489 376 312 489 
1840935062 0 0 0 0 514 503 407 376 312 489 375 311 488 
1843019052 0 0 0 0 514 503 408 376 312 488 376 312 488 
1843451856 0 0 0 0 514 503 409 377 312 488 377 312 488 
1845537932 0 0 0 0 513 503 407 378 311 488 378 311 488 
1845970356 0 0 0 0 513 503 406 378 311 488 378 311 488 
1848487832 0 0 0 0 513 504 408 377 311 489 377 311 488 
1850690238 0 0 0 0 513 502 406 375 311 489 375 311 489 
1850965838 0 0 0 0 513 502 406 375 311 489 375 311 489 
1853209044 0 0 0 0 512 503 407 376 311 488 376 311 488 
1853484232 0 0 0 0 512 503 408 376 311 488 376 311 488 
1855726220 0 0 0 0 513 501 405 376 310 488 376 310 488 
1856000612 0 0 0 0 513 502 406 376 310 489 376 310 489 
1858202606 0 0 0 0 513 502 407 377 310 489 377 310 489 
1858517812 0 0 0 0 513 502 407 377 310 489 377 310 489 
1860995232 0 0 0 0 514 503 408 377 310 489 377 310 489 
1863394100 0 0 0 0 514 501 406 377 311 489 377 311 489 
1863590274 0 0 0 0 513 501 406 376 311 489 376 311 489 
1865873476 0 0 0 0 513 502 408 377 312 489 377 312 489 
1866070194 0 0 0 0 514 502 407 378 312 489 377 312 489 
1868389100 0 0 0 0 513 502 407 378 311 489 378 311 489 
1868585780 0 0 0 0 513 502 407 378 311 489 378 311 489 
1870906980 0 0 0 0 513 502 406 377 311 489 376 311 489 
1871103374 0 0 0 0 513 502 406 376 311 489 376 311 489 
1873541380 0 0 0 0 513 503 406 376 312 488 376 312 488 
1876020574 0 0 0 0 512 502 407 378 311 487 378 311 487 
1876178218 0 0 0 0 513 503 407 378 311 488 377 311 488 
1878538968 0 0 0 0 513 503 408 378 310 489 378 310 489 
1878657368 0 0 0 0 513 503 408 377 310 489 377 310 489 
1881016962 0 0 0 0 513 504 408 377 310 489 377 310 489 
1881174554 0 0 0 0 513 503 408 377 310 489 377 310 489 
1883574556 0 0 0 0 514 503 406 376 312 489 376 312 489 
1883692818 0 0 0 0 514 503 406 376 312 489 376 312 489 
1886092936 0 0 0 0 513 502 407 375 312 489 375 312 489 
1888570130 0 0 0 0 512 502 408 378 311 488 378 311 488 
1888727742 0 0 0 0 512 502 407 377 311 488 377 311 488 
1891048136 0 0 0 0 513 503 406 377 311 488 377 310 488 
1891244936 0 0 0 0 513 503 406 377 311 489 377 311 489 
1893604924 0 0 0 0 513 502 406 376 311 489 375 311 489 
1893761718 0 0 0 0 513 503 407 376 312 489 376 311 489 
1896083318 0 0 0 0 512 502 408 377 311 488 377 310 488 
1896280524 0 0 0 0 512 502 407 377 311 488 377 311 488 
1898600112 0 0 0 0 513 503 407 378 311 489 378 310 488 
1901078898 0 0 0 0 513 503 406 376 311 489 376 311 489 
1901393310 0 0 0 0 513 503 407 376 311 489 376 311 489 
1903596898 0 0 0 0 512 502 407 377 311 489 377 311 489 
1903911692 0 0 0 0 512 502 407 377 312 489 377 311 489 
1906114110 0 0 0 0 513 503 407 377 311 489 377 311 489 
1906430098 0 0 0 0 513 503 408 377 311 489 377 311 489 
1908634880 0 0 0 0 512 502 407 376 310 489 376 310 489 
1908909684 0 0 0 0 513 503 408 377 310 489 377 310 489 
1911150972 0 0 0 0 513 503 407 376 312 489 376 311 489 
1913628866 0 0 0 0 513 502 407 377 312 489 377 312 489 
1914062078 0 0 0 0 512 501 406 376 312 489 376 312 489 
1916147136 0 0 0 0 513 501 406 377 311 489 377 311 489 
1916618472 0 0 0 0 513 502 406 378 312 489 378 311 489 
