168558592 460 0 14 1292 2332 0 8 396 0 0 263 0 1 
4 0 32432 3564 396 0 0 460 0 96 1292 -32768 460 0 
0 0 0 0 0 0 0 0 0 0 460 0 32436 396 
233570764 23752 1756 0 2588 0 4 332 0 0 300 0 0 2263 
918375 332 0 0 2263 3927 3957 2007 2000 2588 0 4 300 0 
0 3927 3557 332 0 0 300 0 0 2261 3957 263 0 16384 
21757952 2263 2007 2000 2588 0 6 300 0 0 300 0 0 2263 
19660800 300 0 4 2263 3927 3557 332 0 0 300 0 0 2261 
4 3957 791 3559 332 0 0 2263 263 0 32767 3159 0 334 
263 32767 3559 332 0 0 2263 263 -1 -32767 3127 0 368 332 
17301503 3559 332 0 4 332 0 0 2263 3927 3557 332 0 4 
131532752 0 2 300 0 0 300 0 0 2263 3927 3557 300 0 
4 3927 3557 332 0 0 300 0 0 2261 3957 300 0 4 
61280087 332 0 0 2261 3957 2007 2000 2588 0 6 300 0 0 
2263 3557 300 0 4 300 0 4 2263 3927 3557 332 0 0 
2261 300 0 4 2261 3957 903 3559 332 0 0 332 0 0 
8192 3559 332 0 4 332 0 0 2263 263 0 14 919 3927 
4 3957 2007 2000 2588 0 16 300 0 0 300 0 0 2263 
19660800 300 0 4 2263 3927 3557 332 0 0 300 0 0 2261 
14 3559 332 0 8 263 0 0 3559 332 0 0 2263 332 
148311111 752 300 0 4 2261 3957 332 0 8 2263 3127 0 812 
786695 0 3559 332 0 0 2263 332 0 12 2263 3127 0 856 
264405 332 0 12 2263 3127 0 856 332 0 0 332 0 0 
4 3957 263 0 2 855 791 3559 460 0 892 1756 332 0 
0 300 0 4 2261 3957 263 0 2 855 935 3559 332 0 
0 300 0 4 2261 3957 855 3927 3557 332 0 4 2261 3957 
169607168 300 0 0 300 0 0 2263 3927 3557 332 0 0 261 
21757952 263 0 0 3559 332 0 8 332 0 0 2261 3957 3559 
263 0 332 0 8 2263 332 0 8 2263 300 0 0 2261 
51839879 3557 332 0 4 332 0 4 2263 263 0 1 791 3559 
264407 0 15 3143 0 986 332 0 0 2261 3957 2007 2000 2332 
169607168 460 0 32510 261 2 3557 460 0 1492 1756 460 0 32512 
233112012 1424 1756 332 0 8 460 0 32512 2261 3957 263 0 1 
21757952 263 0 6 460 0 32510 2261 3957 903 3559 332 0 8 
12 460 0 32532 796 796 332 0 8 2263 332 0 12 2263 
2131624732 2261 3557 332 0 16 460 0 32512 2261 3957 263 0 1 
21757952 263 0 6 460 0 32510 2261 3957 903 3559 332 0 16 
20 460 0 32514 796 796 332 0 16 2263 332 0 20 2263 
2130445084 2261 3557 332 0 8 460 0 32512 3564 332 0 8 2268 
526556 3957 263 0 1 791 3927 3557 460 0 32512 2261 3957 263 
205979648 332 0 8 460 0 32510 3564 332 0 8 2268 332 0 
148180853 0 1 935 3927 3557 460 0 32510 2261 3957 263 0 0 
74842572 32532 460 0 -16506 2261 3557 460 0 32534 460 0 -16504 2261 
32536 0 -16502 2261 3557 332 0 12 460 0 32508 3564 332 0 
30146560 2261 3557 460 0 32506 460 0 32534 2261 3557 460 0 32504 
2132281557 460 0 32502 460 0 32538 2261 3557 460 0 32500 460 0 
233112012 32498 460 0 32542 2261 3557 460 0 32496 460 0 32544 2261 
32494 0 32546 2261 3557 460 0 32492 460 0 32548 2261 3557 460 
30146560 2261 3557 460 0 32488 460 0 32522 2261 3557 460 0 32486 
2131495125 460 0 32484 460 0 32526 2261 3557 460 0 32482 460 0 
233112012 32480 460 0 32530 2261 3557 396 0 0 263 0 329 3559 
262476 12 2268 2261 3957 3559 332 0 16 460 0 488 1292 3559 
263 658 3559 396 0 4 460 0 32502 2261 3957 3559 332 0 
488 3559 396 0 0 263 0 329 3559 396 0 4 460 0 
259329511 0 24 460 0 488 1292 3559 396 0 0 263 -1 -25576 
4 0 32490 2261 3957 3559 332 0 28 460 0 488 1292 3559 
263 10508 3559 396 0 4 460 0 32484 2261 3957 3559 332 0 
488 3559 460 0 32514 332 0 16 2263 3927 3957 332 0 20 
259326743 0 24 2263 3927 3957 791 332 0 28 2263 3927 3957 935 
2099415 3957 935 3927 3557 396 0 0 263 0 329 3559 396 0 
32506 3957 3559 332 0 36 460 0 488 1292 3559 396 0 0 
43126247 0 4 460 0 32500 2261 3957 3559 332 0 40 460 0 
233243020 0 263 0 329 3559 396 0 4 460 0 32494 2261 3957 
44 0 488 1292 3559 396 0 0 263 -1 -25576 3559 396 0 
32488 3957 3559 332 0 48 460 0 488 1292 3559 396 0 0 
688655847 0 4 460 0 32482 2261 3957 3559 332 0 52 460 0 
233243084 32516 332 0 36 2263 3927 3957 332 0 40 2263 3927 3957 
44 3927 3957 791 332 0 48 2263 3927 3957 935 332 0 52 
259326887 3557 396 0 0 263 0 329 3559 396 0 4 460 0 
259329511 0 56 460 0 488 1292 3559 396 0 0 263 0 658 
4 0 32498 2261 3957 3559 332 0 60 460 0 488 1292 3559 
263 329 3559 396 0 4 460 0 32492 2261 3957 3559 332 0 
488 3559 396 0 0 263 -1 -25576 3559 396 0 4 460 0 
259329511 0 68 460 0 488 1292 3559 396 0 0 263 0 10508 
4 0 32480 2261 3957 3559 332 0 72 460 0 488 1292 3559 
2131099980 56 2263 3927 3957 332 0 60 2263 3927 3957 791 332 0 
257363829 332 0 68 2263 3927 3957 935 332 0 72 2263 3927 3957 
233111884 0 460 0 32514 2261 3557 332 0 2 460 0 32516 2261 
4 0 32518 2261 3557 460 0 -16494 332 0 0 2261 3557 460 
21757952 2261 3557 460 0 -16490 332 0 4 2261 3557 2000 2332 0 
8 0 0 300 0 0 2263 3895 3555 300 0 4 300 0 
255266275 0 -16472 2259 3955 263 0 0 3095 0 2950 460 0 20816 
0 0 0 2259 3955 3559 332 0 0 2263 263 0 0 3143 
21757952 2263 263 0 32 3111 0 3036 332 0 0 2263 263 0 
30146560 796 2268 1756 332 0 0 2263 263 0 48 3095 0 3614 
237897436 0 0 300 0 4 2259 3955 3559 460 0 3758 1292 460 
115081612 0 300 0 4 2259 3955 3559 460 0 5391 1292 460 0 
25952256 300 0 4 2259 3955 3559 460 0 5747 1292 460 0 3652 
0 0 4 2259 3955 3943 3878 3954 3559 460 0 6103 1292 460 
115081612 0 300 0 4 2259 3955 3559 460 0 6461 1292 460 0 
25952256 300 0 4 2259 3955 3559 460 0 6817 1292 460 0 3652 
0 0 4 2259 3955 3559 460 0 7483 1292 460 0 3652 1756 
300 4 2259 3955 3559 460 0 8815 1292 460 0 3652 1756 396 
19660800 2259 3955 3559 460 0 8149 1292 460 0 3652 1756 396 0 
4 3955 3559 460 0 4293 1292 460 0 3652 1756 396 0 0 
264403 3559 460 0 4441 1292 460 0 3652 1756 396 0 0 300 
148049779 460 0 4589 1292 460 0 3652 1756 396 0 0 300 0 
259198439 0 4737 1292 460 0 3652 1756 396 0 0 300 0 4 
233243084 4885 1292 460 0 3652 1756 396 0 0 300 0 4 2259 
30146560 1292 460 0 3652 1756 396 0 0 300 0 4 2259 3955 
5083 460 0 3652 1756 460 0 3654 1292 460 0 3652 1756 396 
17235968 3559 460 0 24168 1292 2000 2332 0 4 460 0 -16476 2259 
0 0 3712 396 0 0 263 0 