111327 0 0 0 0 0 0 0 0 0 0 1144 -29108 3216 
111377 0 0 0 0 0 0 0 0 0 0 1144 -29108 3216 
111427 0 0 0 0 0 0 0 0 0 0 1144 -29108 3216 
111478 0 0 0 0 0 0 0 0 0 0 1144 -29108 3216 
111528 0 0 0 0 0 0 0 0 0 0 1144 -29108 3216 
111578 0 0 0 0 0 0 0 0 0 0 1144 -29108 3216 
111628 0 0 0 0 0 0 0 0 0 0 1144 -29108 3216 
111678 0 0 0 0 0 0 0 0 0 0 1144 -29108 3216 
111728 0 0 0 0 0 0 0 0 0 0 1144 -29108 3216 
111778 0 0 0 0 0 0 0 0 0 0 1144 -29108 3216 
111828 0 0 0 0 0 0 0 0 0 0 1144 -29108 3216 
111879 0 0 0 0 0 0 0 0 0 0 1144 -29108 3216 
111929 0 0 0 0 0 0 0 0 0 0 1144 -29108 3216 
111979 0 0 0 0 0 0 0 0 0 0 1144 -29108 3216 
112029 0 0 0 0 0 0 0 0 0 0 1144 -29108 3216 
112079 0 0 0 0 0 0 0 0 0 0 1144 -29108 3216 
112129 0 0 0 0 0 0 0 0 0 0 1144 -29108 3216 
112179 0 0 0 0 0 0 0 0 0 0 1144 -29108 3216 
112229 0 0 0 0 0 0 0 0 0 0 1144 -29108 3216 
112279 0 0 0 0 0 0 0 0 0 0 1144 -29108 3216 
112329 0 0 0 0 0 0 0 0 0 0 1144 -29108 3216 
112379 0 0 0 0 0 0 0 0 0 0 1144 -29108 3216 
112430 0 0 0 0 0 0 0 0 0 0 1144 -29108 3216 
112480 0 0 0 0 0 0 0 0 0 0 1144 -29108 3216 
112530 0 0 0 0 0 0 0 0 0 0 1144 -29108 3216 
112580 0 0 0 0 0 0 0 0 0 0 1144 -29108 3216 
112630 0 0 0 0 0 0 0 0 0 0 1144 -29108 3216 
112680 0 0 0 0 0 0 0 0 0 0 1144 -29108 3216 
112730 0 0 0 0 0 0 0 0 0 0 1144 -29108 3216 
112780 0 0 0 0 0 0 0 0 0 0 1144 -29108 3216 
112830 0 0 0 0 0 0 0 0 0 0 1144 -29108 3216 
112880 0 0 0 0 0 0 0 0 0 0 1144 -29108 3216 
112931 0 0 0 0 0 0 0 0 0 0 1144 -29108 3216 
112981 0 0 0 0 0 0 0 0 0 0 1144 -29108 3216 
113031 0 0 0 0 0 0 0 0 0 0 1144 -29108 3216 
113081 0 0 0 0 0 0 0 0 0 0 1144 -29108 3216 
113131 0 0 0 0 0 0 0 0 0 0 1144 -29108 3216 
113181 0 0 0 0 0 0 0 0 0 0 1144 -29108 3216 
113231 0 0 0 0 0 0 0 0 0 0 1144 -29108 3216 
113281 0 0 0 0 0 0 0 0 0 0 1144 -29108 3216 
113331 0 0 0 0 0 0 0 0 0 0 1144 -29108 3216 
113381 0 0 0 0 0 0 0 0 0 0 1144 -29108 3216 
113431 0 0 0 0 0 0 0 0 0 0 1144 -29108 3216 
113482 0 0 0 0 0 0 0 0 0 0 1144 -29108 3216 
113532 0 0 0 0 0 0 0 0 0 0 1144 -29108 3216 
113582 0 0 0 0 0 0 0 0 0 0 1144 -29108 3216 
113632 0 0 0 0 0 0 0 0 0 0 1144 -29108 3216 
113682 0 0 0 0 0 0 0 0 0 0 1144 -29108 3216 
113732 0 0 0 0 0 0 0 0 0 0 1144 -29108 3216 
113782 0 0 0 0 0 0 0 0 0 0 1144 -29108 3216 
113832 0 0 0 0 0 0 0 0 0 0 1144 -29108 3216 
113882 0 0 0 0 0 0 0 0 0 0 1144 -29108 3216 
113932 0 0 0 0 0 0 0 0 0 0 1144 -29108 3216 
113982 0 0 0 0 0 0 0 0 0 0 1144 -29108 3216 
114033 0 0 0 0 0 0 0 0 0 0 1144 -29108 3216 
114083 0 0 0 0 0 0 0 0 0 0 1144 -29108 3216 
114133 0 0 0 0 0 0 0 0 0 0 1144 -29108 3216 
114183 0 0 0 0 0 0 0 0 0 0 1144 -29108 3216 
114233 0 0 0 0 0 0 0 0 0 0 1144 -29108 3216 
114284 0 0 0 0 0 0 0 0 0 0 1144 -29108 3216 
114335 0 0 0 0 0 0 0 0 0 0 1144 -29108 3216 
114386 0 0 0 0 0 0 0 0 0 0 1144 -29108 3216 
114436 0 0 0 0 0 0 0 0 0 0 1144 -29108 3216 
114487 0 0 0 0 0 0 0 0 0 0 1144 -29108 3216 
114537 0 0 0 0 0 0 0 0 0 0 1144 -29108 3216 
114587 0 0 0 0 0 0 0 0 0 0 1144 -29108 3216 
114637 0 0 0 0 0 0 0 0 0 0 1144 -29108 3216 
114687 0 0 0 0 0 0 0 0 0 0 1144 -29108 3216 
114738 0 0 0 0 0 0 0 0 0 0 1144 -29108 3216 
114788 0 0 0 0 0 0 0 0 0 0 1144 -29108 3216 
114838 0 0 0 0 0 0 0 0 0 0 1144 -29108 3216 
114888 0 0 0 0 0 0 0 0 0 0 1144 -29108 3216 
114938 0 0 0 0 0 0 0 0 0 0 1144 -29108 3216 
114988 0 0 0 0 0 0 0 0 0 0 1144 -29108 3216 
115038 0 0 0 0 0 0 0 0 0 0 1144 -29108 3216 
115088 0 0 0 0 0 0 0 0 0 0 1144 -29108 3216 
115138 0 0 0 0 0 0 0 0 0 0 1144 -29108 3216 
115188 0 0 0 0 0 0 0 0 0 0 1144 -29108 3216 
115239 0 0 0 0 0 0 0 0 0 0 1144 -29108 3216 
115289 0 0 0 0 0 0 0 0 0 0 1144 -29108 3216 
115339 0 0 0 0 0 0 0 0 0 0 1144 -29108 3216 
115389 0 0 0 0 0 0 0 0 0 0 1144 -29108 3216 
115439 0 0 0 0 0 0 0 0 0 0 1144 -29108 3216 
115489 0 0 0 0 0 0 0 0 0 0 1144 -29108 3216 
115539 0 0 0 0 0 0 0 0 0 0 1144 -29108 3216 
115589 0 0 0 0 0 0 0 0 0 0 1144 -29108 3216 
115639 0 0 0 0 0 0 0 0 0 0 1144 -29108 3216 
115689 0 0 0 0 0 0 0 0 0 0 1144 -29108 3216 
115740 0 0 0 0 0 0 0 0 0 0 1144 -29108 3216 
115790 0 0 0 0 0 0 0 0 0 0 1144 -29108 3216 
115840 0 0 0 0 0 0 0 0 0 0 1144 -29108 3216 
115890 0 0 0 0 0 0 0 0 0 0 1144 -29108 3216 
115940 0 0 0 0 0 0 0 0 0 0 1144 -29108 3216 
115990 0 0 0 0 0 0 0 0 0 0 1144 -29108 3216 
116040 0 0 0 0 0 0 0 0 0 0 1144 -29108 3216 
116090 0 0 0 0 0 0 0 0 0 0 1144 -29108 3216 
116140 0 0 0 0 0 0 0 0 0 0 1144 -29108 3216 
116190 0 0 0 0 0 0 0 0 0 0 1144 -29108 3216 
116240 0 0 0 0 0 0 0 0 0 0 1144 -29108 3216 
116291 0 0 0 0 0 0 0 0 0 0 1144 -29108 3216 
116341 0 0 0 0 0 0 0 0 0 0 1144 -29108 3216 
116391 0 0 0 0 0 0 0 0 0 0 1144 -29108 3216 
116441 0 0 0 0 0 0 0 0 0 0 1144 -29108 3216 
116491 0 0 0 0 0 0 0 0 0 0 1144 -29108 3216 
116541 0 0 0 0 0 0 0 0 0 0 1144 -29108 3216 
116591 0 0 0 0 0 0 0 0 0 0 1144 -29108 3216 
116641 0 0 0 0 0 0 0 0 0 0 1144 -29108 3216 
116691 0 0 0 0 0 0 0 0 0 0 1144 -29108 3216 
