34968 0 0 0 0 0 0 0 0 0 0 -31276 3243 625 
35018 0 0 0 0 0 0 0 0 0 0 -31276 3243 625 
35069 0 0 0 0 0 0 0 0 0 0 -31276 3243 625 
35119 0 0 0 0 0 0 0 0 0 0 -31276 3243 625 
35169 0 0 0 0 0 0 0 0 0 0 -31276 3243 625 
35219 0 0 0 0 0 0 0 0 0 0 -31276 3243 625 
35269 0 0 0 0 0 0 0 0 0 0 -31276 3243 625 
35319 0 0 0 0 0 0 0 0 0 0 -31276 3243 625 
35369 0 0 0 0 0 0 0 0 0 0 -31276 3243 625 
35419 0 0 0 0 0 0 0 0 0 0 -31276 3243 625 
35469 0 0 0 0 0 0 0 0 0 0 -31276 3243 625 
35519 0 0 0 0 0 0 0 0 0 0 -31276 3243 625 
35570 0 0 0 0 0 0 0 0 0 0 -31276 3243 625 
35620 0 0 0 0 0 0 0 0 0 0 -31276 3243 625 
35670 0 0 0 0 0 0 0 0 0 0 -31276 3243 625 
35720 0 0 0 0 0 0 0 0 0 0 -31276 3243 625 
35770 0 0 0 0 0 0 0 0 0 0 -31276 3243 625 
35820 0 0 0 0 0 0 0 0 0 0 -31276 3243 625 
35870 0 0 0 0 0 0 0 0 0 0 -31276 3243 625 
35920 0 0 0 0 0 0 0 0 0 0 -31276 3243 625 
35970 0 0 0 0 0 0 0 0 0 0 -31276 3243 625 
36020 0 0 0 0 0 0 0 0 0 0 -31276 3243 625 
36071 0 0 0 0 0 0 0 0 0 0 -31276 3243 625 
36121 0 0 0 0 0 0 0 0 0 0 -31276 3243 625 
36171 0 0 0 0 0 0 0 0 0 0 -31276 3243 625 
36221 0 0 0 0 0 0 0 0 0 0 -31276 3243 625 
36271 0 0 0 0 0 0 0 0 0 0 -31276 3243 625 
36321 0 0 0 0 0 0 0 0 0 0 -31276 3243 625 
36371 0 0 0 0 0 0 0 0 0 0 -31276 3243 625 
36421 0 0 0 0 0 0 0 0 0 0 -31276 3243 625 
36471 0 0 0 0 0 0 0 0 0 0 -31276 3243 625 
36521 0 0 0 0 0 0 0 0 0 0 -31276 3243 625 
36571 0 0 0 0 0 0 0 0 0 0 -31276 3243 625 
36622 0 0 0 0 0 0 0 0 0 0 -31276 3243 625 
36672 0 0 0 0 0 0 0 0 0 0 -31276 3243 625 
36722 0 0 0 0 0 0 0 0 0 0 -31276 3243 625 
36772 0 0 0 0 0 0 0 0 0 0 -31276 3243 625 
36822 0 0 0 0 0 0 0 0 0 0 -31276 3243 625 
36872 0 0 0 0 0 0 0 0 0 0 -31276 3243 625 
36922 0 0 0 0 0 0 0 0 0 0 -31276 3243 625 
36972 0 0 0 0 0 0 0 0 0 0 -31276 3243 625 
37022 0 0 0 0 0 0 0 0 0 0 -31276 3243 625 
37072 0 0 0 0 0 0 0 0 0 0 -31276 3243 625 
37122 0 0 0 0 0 0 0 0 0 0 -31276 3243 625 
37173 0 0 0 0 0 0 0 0 0 0 -31276 3243 625 
37223 0 0 0 0 0 0 0 0 0 0 -31276 3243 625 
37273 0 0 0 0 0 0 0 0 0 0 -31276 3243 625 
37323 0 0 0 0 0 0 0 0 0 0 -31276 3243 625 
37373 0 0 0 0 0 0 0 0 0 0 -31276 3243 625 
37423 0 0 0 0 0 0 0 0 0 0 -31276 3243 625 
37473 0 0 0 0 0 0 0 0 0 0 -31276 3243 625 
37523 0 0 0 0 0 0 0 0 0 0 -31276 3243 625 
37573 0 0 0 0 0 0 0 0 0 0 -31276 3243 625 
37623 0 0 0 0 0 0 0 0 0 0 -31276 3243 625 
37673 0 0 0 0 0 0 0 0 0 0 -31276 3243 625 
37724 0 0 0 0 0 0 0 0 0 0 -31276 3243 625 
37774 0 0 0 0 0 0 0 0 0 0 -31276 3243 625 
37824 0 0 0 0 0 0 0 0 0 0 -31276 3243 625 
37874 0 0 0 0 0 0 0 0 0 0 -31276 3243 625 
37924 0 0 0 0 0 0 0 0 0 0 -31276 3243 625 
37974 0 0 0 0 0 0 0 0 0 0 -31276 3243 625 
38024 0 0 0 0 0 0 0 0 0 0 -31276 3243 625 
38074 0 0 0 0 0 0 0 0 0 0 -31276 3243 625 
38124 0 0 0 0 0 0 0 0 0 0 -31276 3243 625 
38174 0 0 0 0 0 0 0 0 0 0 -31276 3243 625 
38224 0 0 0 0 0 0 0 0 0 0 -31276 3243 625 
38275 0 0 0 0 0 0 0 0 0 0 -31276 3243 625 
38325 0 0 0 0 0 0 0 0 0 0 -31276 3243 625 
38375 0 0 0 0 0 0 0 0 0 0 -31276 3243 625 
38425 0 0 0 0 0 0 0 0 0 0 -31276 3243 625 
38475 0 0 0 0 0 0 0 0 0 0 -31276 3243 625 
38525 0 0 0 0 0 0 0 0 0 0 -31276 3243 625 
38575 0 0 0 0 0 0 0 0 0 0 -31276 3243 625 
38625 0 0 0 0 0 0 0 0 0 0 -31276 3243 625 
38675 0 0 0 0 0 0 0 0 0 0 -31276 3243 625 
38725 0 0 0 0 0 0 0 0 0 0 -31276 3243 625 
38776 0 0 0 0 0 0 0 0 0 0 -31276 3243 625 
38826 0 0 0 0 0 0 0 0 0 0 -31276 3243 625 
38876 0 0 0 0 0 0 0 0 0 0 -31276 3243 625 
38926 0 0 0 0 0 0 0 0 0 0 -31276 3243 625 
38976 0 0 0 0 0 0 0 0 0 0 -31276 3243 625 
39026 0 0 0 0 0 0 0 0 0 0 -31276 3243 625 
39076 0 0 0 0 0 0 0 0 0 0 -31276 3243 625 
39126 0 0 0 0 0 0 0 0 0 0 -31276 3243 625 
39176 0 0 0 0 0 0 0 0 0 0 -31276 3243 625 
39227 0 0 0 0 0 0 0 0 0 0 -31276 3243 625 
39277 0 0 0 0 0 0 0 0 0 0 -31276 3243 625 
39327 0 0 0 0 0 0 0 0 0 0 -31276 3243 625 
39377 0 0 0 0 0 0 0 0 0 0 -31276 3243 625 
39427 0 0 0 0 0 0 0 0 0 0 -31276 3243 625 
39477 0 0 0 0 0 0 0 0 0 0 -31276 3243 625 
39527 0 0 0 0 0 0 0 0 0 0 -31276 3243 625 
39577 0 0 0 0 0 0 0 0 0 0 -31276 3243 625 
39627 0 0 0 0 0 0 0 0 0 0 -31276 3243 625 
39677 0 0 0 0 0 0 0 0 0 0 -31276 3243 625 
39727 0 0 0 0 0 0 0 0 0 0 -31276 3243 625 
39778 0 0 0 0 0 0 0 0 0 0 -31276 3243 625 
39828 0 0 0 0 0 0 0 0 0 0 -31276 3243 625 
39878 0 0 0 0 0 0 0 0 0 0 -31276 3243 625 
39928 0 0 0 0 0 0 0 0 0 0 -31276 3243 625 
39978 0 0 0 0 0 0 0 0 0 0 -31276 3243 625 
40028 0 0 0 0 0 0 0 0 0 0 -31276 3243 625 
40078 0 0 0 0 0 0 0 0 0 0 -31276 3243 625 
40128 0 0 0 0 0 0 0 0 0 0 -31276 3243 625 
40178 0 0 0 0 0 0 0 0 0 0 -31276 3243 625 
40228 0 0 0 0 0 0 0 0 0 0 -31276 3243 625 
40278 0 0 0 0 0 0 0 0 0 0 -31276 3243 625 
40329 0 0 0 0 0 0 0 0 0 0 -31276 3243 625 
40380 0 0 0 0 0 0 0 0 0 0 -31276 3243 625 
40430 0 0 0 0 0 0 0 0 0 0 -31276 3243 625 
40480 0 0 0 0 0 0 0 0 0 0 -31276 3243 625 
40530 0 0 0 0 0 0 0 0 0 0 -31276 3243 625 
40580 0 0 0 0 0 0 0 0 0 0 -31276 3243 625 
40630 0 0 0 0 0 0 0 0 0 0 -31276 3243 625 
40682 0 0 0 0 0 0 0 0 0 0 -31276 3243 625 
40732 0 0 0 0 0 0 0 0 0 0 -31276 3243 625 
40782 0 0 0 0 0 0 0 0 0 0 -31276 3243 625 
40833 0 0 0 0 0 0 0 0 0 0 -31276 3243 625 
40883 0 0 0 0 0 0 0 0 0 0 -31276 3243 625 
40933 0 0 0 0 0 0 0 0 0 0 -31276 3243 625 
40983 0 0 0 0 0 0 0 0 0 0 -31276 3243 625 
41033 0 0 0 0 0 0 0 0 0 0 -31276 3243 625 
41083 0 0 0 0 0 0 0 0 0 0 -31276 3243 625 
41133 0 0 0 0 0 0 0 0 0 0 -31276 3243 625 
41183 0 0 0 0 0 0 0 0 0 0 -31276 3243 625 
41233 0 0 0 0 0 0 0 0 0 0 -31276 3243 625 
41283 0 0 0 0 0 0 0 0 0 0 -31276 3243 625 
41333 0 0 0 0 0 0 0 0 0 0 -31276 3243 625 
41384 0 0 0 0 0 0 0 0 0 0 -31276 3243 625 
41434 0 0 0 0 0 0 0 0 0 0 -31276 3243 625 
41484 0 0 0 0 0 0 0 0 0 0 -31276 3243 625 
41534 0 0 0 0 0 0 0 0 0 0 -31276 3243 625 
41584 0 0 0 0 0 0 0 0 0 0 -31276 3243 625 
41634 0 0 0 0 0 0 0 0 0 0 -31276 3243 625 
41684 0 0 0 0 0 0 0 0 0 0 -31276 3243 625 
41734 0 0 0 0 0 0 0 0 0 0 -31276 3243 625 
41784 0 0 0 0 0 0 0 0 0 0 -31276 3243 625 
41834 0 0 0 0 0 0 0 0 0 0 -31276 3243 625 
41884 0 0 0 0 0 0 0 0 0 0 -31276 3243 625 
41934 0 0 0 0 0 0 0 0 0 0 -31276 3243 625 
41985 0 0 0 0 0 0 0 0 0 0 -31276 3243 625 
42035 0 0 0 0 0 0 0 0 0 0 -31276 3243 625 
42085 0 0 0 0 0 0 0 0 0 0 -31276 3243 625 
42135 0 0 0 0 0 0 0 0 0 0 -31276 3243 625 
42185 0 0 0 0 0 0 0 0 0 0 -31276 3243 625 
42235 0 0 0 0 0 0 0 0 0 0 -31276 3243 625 
42285 0 0 0 0 0 0 0 0 0 0 -31276 3243 625 
42335 0 0 0 0 0 0 0 0 0 0 -31276 3243 625 
42385 0 0 0 0 0 0 0 0 0 0 -31276 3243 625 
42435 0 0 0 0 0 0 0 0 0 0 -31276 3243 625 
42486 0 0 0 0 0 0 0 0 0 0 -31276 3243 625 
42536 0 0 0 0 0 0 0 0 0 0 -31276 3243 625 
42586 0 0 0 0 0 0 0 0 0 0 -31276 3243 625 
42636 0 0 0 0 0 0 0 0 0 0 -31276 3243 625 
42686 0 0 0 0 0 0 0 0 0 0 -31276 3243 625 
42736 0 0 0 0 0 0 0 0 0 0 -31276 3243 625 
42786 0 0 0 0 0 0 0 0 0 0 -31276 3243 625 
42836 0 0 0 0 0 0 0 0 0 0 -31276 3243 625 
42886 0 0 0 0 0 0 0 0 0 0 -31276 3243 625 
42936 0 0 0 0 0 0 0 0 0 0 -31276 3243 625 
42986 0 0 0 0 0 0 0 0 0 0 -31276 3243 625 
43036 0 0 0 0 0 0 0 0 0 0 -31276 3243 625 
43087 0 0 0 0 0 0 0 0 0 0 -31276 3243 625 
43137 0 0 0 0 0 0 0 0 0 0 -31276 3243 625 
43187 0 0 0 0 0 0 0 0 0 0 -31276 3243 625 
43237 0 0 0 0 0 0 0 0 0 0 -31276 3243 625 
43287 0 0 0 0 0 0 0 0 0 0 -31276 3243 625 
43337 0 0 0 0 0 0 0 0 0 0 -31276 3243 625 
43387 0 0 0 0 0 0 0 0 0 0 -31276 3243 625 
43437 0 0 0 0 0 0 0 0 0 0 -31276 3243 625 
43487 0 0 0 0 0 0 0 0 0 0 -31276 3243 625 
43538 0 0 0 0 0 0 0 0 0 0 -31276 3243 625 
43588 0 0 0 0 0 0 0 0 0 0 -31276 3243 625 
43638 0 0 0 0 0 0 0 0 0 0 -31276 3243 625 
43688 0 0 0 0 0 0 0 0 0 0 -31276 3243 625 
43738 0 0 0 0 0 0 0 0 0 0 -31276 3243 625 
43788 0 0 0 0 0 0 0 0 0 0 -31276 3243 625 
43838 0 0 0 0 0 0 0 0 0 0 -31276 3243 625 
43888 0 0 0 0 0 0 0 0 0 0 -31276 3243 625 
43938 0 0 0 0 0 0 0 0 0 0 -31276 3243 625 
43988 0 0 0 0 0 0 0 0 0 0 -31276 3243 625 
44039 0 0 0 0 0 0 0 0 0 0 -31276 3243 625 
44089 0 0 0 0 0 0 0 0 0 0 -31276 3243 625 
44139 0 0 0 0 0 0 0 0 0 0 -31276 3243 625 
44190 0 0 0 0 0 0 0 0 0 0 -31276 3243 625 
44240 0 0 0 0 0 0 0 0 0 0 -31276 3243 625 
44290 0 0 0 0 0 0 0 0 0 0 -31276 3243 625 
44340 0 0 0 0 0 0 0 0 0 0 -31276 3243 625 
44391 0 0 0 0 0 0 0 0 0 0 -31276 3243 625 
44441 0 0 0 0 0 0 0 0 0 0 -31276 3243 625 
44491 0 0 0 0 0 0 0 0 0 0 -31276 3243 625 
44541 0 0 0 0 0 0 0 0 0 0 -31276 3243 625 
44592 0 0 0 0 0 0 0 0 0 0 -31276 3243 625 
44642 0 0 0 0 0 0 0 0 0 0 -31276 3243 625 
44692 0 0 0 0 0 0 0 0 0 0 -31276 3243 625 
44742 0 0 0 0 0 0 0 0 0 0 -31276 0 0 0 0 0 0 0 0 0 0 0 0 0 0 0 0 0 0 0 0 0 -254 0 0 0 0 0 0 0 0 0 0 0 0 0 0 0 0 0 
