556077 0 0 0 0 0 0 0 0 0 0 0 108 0 
556127 0 0 0 0 0 0 0 0 0 0 0 108 0 
556177 0 0 0 0 0 0 0 0 0 0 0 108 0 
556228 0 0 0 0 0 0 0 0 0 0 0 108 0 
556278 0 0 0 0 0 0 0 0 0 0 0 108 0 
556328 0 0 0 0 0 0 0 0 0 0 0 108 0 
556378 0 0 0 0 0 0 0 0 0 0 0 108 0 
556428 0 0 0 0 0 0 0 0 0 0 0 108 0 
556478 0 0 0 0 0 0 0 0 0 0 0 108 0 
556528 0 0 0 0 0 0 0 0 0 0 0 108 0 
556578 0 0 0 0 0 0 0 0 0 0 0 108 0 
556628 0 0 0 0 0 0 0 0 0 0 0 108 0 
556681 0 0 0 0 0 0 0 0 0 0 0 108 0 
556731 0 0 0 0 0 0 0 0 0 0 0 108 0 
556781 0 0 0 0 0 0 0 0 0 0 0 108 0 
556831 0 0 0 0 0 0 0 0 0 0 0 108 0 
556881 0 0 0 0 0 0 0 0 0 0 0 108 0 
556931 0 0 0 0 0 0 0 0 0 0 0 108 0 
556981 0 0 0 0 0 0 0 0 0 0 0 108 0 
557031 0 0 0 0 0 0 0 0 0 0 0 108 0 
557081 0 0 0 0 0 0 0 0 0 0 0 108 0 
557131 0 0 0 0 0 0 0 0 0 0 0 108 0 
557182 0 0 0 0 0 0 0 0 0 0 0 108 0 
557232 0 0 0 0 0 0 0 0 0 0 0 108 0 
557282 0 0 0 0 0 0 0 0 0 0 0 108 0 
557332 0 0 0 0 0 0 0 0 0 0 0 108 0 
557382 0 0 0 0 0 0 0 0 0 0 0 108 0 
557432 0 0 0 0 0 0 0 0 0 0 0 108 0 
557482 0 0 0 0 0 0 0 0 0 0 0 108 0 
557532 0 0 0 0 0 0 0 0 0 0 0 108 0 
557582 0 0 0 0 0 0 0 0 0 0 0 108 0 
557632 0 0 0 0 0 0 0 0 0 0 0 108 0 
557682 0 0 0 0 0 0 0 0 0 0 0 108 0 
557733 0 0 0 0 0 0 0 0 0 0 0 108 0 
557783 0 0 0 0 0 0 0 0 0 0 0 108 0 
557833 0 0 0 0 0 0 0 0 0 0 0 108 0 
557883 0 0 0 0 0 0 0 0 0 0 0 108 0 
557933 0 0 0 0 0 0 0 0 0 0 0 108 0 
557983 0 0 0 0 0 0 0 0 0 0 0 108 0 
558033 0 0 0 0 0 0 0 0 0 0 0 108 0 
558083 0 0 0 0 0 0 0 0 0 0 0 108 0 
558133 0 0 0 0 0 0 0 0 0 0 0 108 0 
558183 0 0 0 0 0 0 0 0 0 0 0 108 0 
558234 0 0 0 0 0 0 0 0 0 0 0 108 0 
558284 0 0 0 0 0 0 0 0 0 0 0 108 0 
558334 0 0 0 0 0 0 0 0 0 0 0 108 0 
558384 0 0 0 0 0 0 0 0 0 0 0 108 0 
558434 0 0 0 0 0 0 0 0 0 0 0 108 0 
558484 0 0 0 0 0 0 0 0 0 0 0 108 0 
558534 0 0 0 0 0 0 0 0 0 0 0 108 0 
558584 0 0 0 0 0 0 0 0 0 0 0 108 0 
558634 0 0 0 0 0 0 0 0 0 0 0 108 0 
558685 0 0 0 0 0 0 0 0 0 0 0 108 0 
558735 0 0 0 0 0 0 0 0 0 0 0 108 0 
558785 0 0 0 0 0 0 0 0 0 0 0 108 0 
558836 0 0 0 0 0 0 0 0 0 0 0 108 0 
558886 0 0 0 0 0 0 0 0 0 0 0 108 0 
558936 0 0 0 0 0 0 0 0 0 0 0 108 0 
558986 0 0 0 0 0 0 0 0 0 0 0 108 0 
559036 0 0 0 0 0 0 0 0 0 0 0 108 0 
559086 0 0 0 0 0 0 0 0 0 0 0 108 0 
559136 0 0 0 0 0 0 0 0 0 0 0 108 0 
559186 0 0 0 0 0 0 0 0 0 0 0 108 0 
559236 0 0 0 0 0 0 0 0 0 0 0 108 0 
559286 0 0 0 0 0 0 0 0 0 0 0 108 0 
559336 0 0 0 0 0 0 0 0 0 0 0 108 0 
559387 0 0 0 0 0 0 0 0 0 0 0 108 0 
559437 0 0 0 0 0 0 0 0 0 0 0 108 0 
559487 0 0 0 0 0 0 0 0 0 0 0 108 0 
559537 0 0 0 0 0 0 0 0 0 0 0 108 0 
559587 0 0 0 0 0 0 0 0 0 0 0 108 0 
559637 0 0 0 0 0 0 0 0 0 0 0 108 0 
559687 0 0 0 0 0 0 0 0 0 0 0 108 0 
559737 0 0 0 0 0 0 0 0 0 0 0 108 0 
559787 0 0 0 0 0 0 0 0 0 0 0 108 0 
559837 0 0 0 0 0 0 0 0 0 0 0 108 0 
559887 0 0 0 0 0 0 0 0 0 0 0 108 0 
559938 0 0 0 0 0 0 0 0 0 0 0 108 0 
559988 0 0 0 0 0 0 0 0 0 0 0 108 0 
560038 0 0 0 0 0 0 0 0 0 0 0 108 0 
560088 0 0 0 0 0 0 0 0 0 0 0 108 0 
560138 0 0 0 0 0 0 0 0 0 0 0 108 0 
560188 0 0 0 0 0 0 0 0 0 0 0 108 0 
560238 0 0 0 0 0 0 0 0 0 0 0 108 0 
560288 0 0 0 0 0 0 0 0 0 0 0 108 0 
560338 0 0 0 0 0 0 0 0 0 0 0 108 0 
560388 0 0 0 0 0 0 0 0 0 0 0 108 0 
560439 0 0 0 0 0 0 0 0 0 0 0 108 0 
560489 0 0 0 0 0 0 0 0 0 0 0 108 0 
560539 0 0 0 0 0 0 0 0 0 0 0 108 0 
560589 0 0 0 0 0 0 0 0 0 0 0 108 0 
560639 0 0 0 0 0 0 0 0 0 0 0 108 0 
560689 0 0 0 0 0 0 0 0 0 0 0 108 0 
560739 0 0 0 0 0 0 0 0 0 0 0 108 0 
560789 0 0 0 0 0 0 0 0 0 0 0 108 0 
560839 0 0 0 0 0 0 0 0 0 0 0 108 0 
560889 0 0 0 0 0 0 0 0 0 0 0 108 0 
560939 0 0 0 0 0 0 0 0 0 0 0 108 0 
560990 0 0 0 0 0 0 0 0 0 0 0 108 0 
561040 0 0 0 0 0 0 0 0 0 0 0 108 0 
561090 0 0 0 0 0 0 0 0 0 0 0 108 0 
561140 0 0 0 0 0 0 0 0 0 0 0 108 0 
561190 0 0 0 0 0 0 0 0 0 0 0 108 0 
561240 0 0 0 0 0 0 0 0 0 0 0 108 0 
561290 0 0 0 0 0 0 0 0 0 0 0 108 0 
561340 0 0 0 0 0 0 0 0 0 0 0 108 0 
561390 0 0 0 0 0 0 0 0 0 0 0 108 0 
561440 0 0 0 0 0 0 0 0 0 0 0 108 0 
