1044941720 -9 -5 3 1 1 3 0 0 0 0 0 3 
1047441312 -6 -9 0 1 1 5 0 0 0 0 0 4 
1048747320 -7 -13 3 1 0 6 0 0 0 0 0 4 
1049938928 -17 -11 4 0 0 6 0 0 0 0 0 5 
1051247724 -13 1 -4 -1 1 6 0 0 0 0 0 5 
1052477320 -24 0 -1 -1 1 6 0 0 0 0 0 5 
1053746522 -16 16 -3 -1 1 4 0 0 0 0 0 5 
1054976130 -8 12 6 -1 2 3 0 0 0 0 1 3 
1056256520 0 -8 6 -1 1 3 0 0 0 -1 1 3 
1057464528 -16 -4 -5 -1 2 1 0 0 0 0 1 1 
1059983334 6 -3 7 1 0 -1 0 0 0 0 0 0 
1061424936 7 2 2 2 -1 -2 0 0 0 1 0 -1 
1062471594 1 -18 -1 2 -1 -3 0 0 0 2 0 -4 
1063954154 -4 6 -10 3 -1 -3 0 0 0 3 0 -3 
1065003354 -2 -12 -11 3 -1 -3 0 0 0 3 0 -3 
1066486958 -14 -6 4 4 0 -3 0 0 0 4 0 -3 
1067484160 -5 -3 -2 3 -1 -3 0 0 0 4 0 -3 
1068968156 -6 -2 1 3 0 -2 0 0 0 3 0 -2 
1070012558 -22 -9 4 3 -1 -1 0 0 0 3 0 -1 
1072499762 -11 -13 -1 1 -1 1 0 0 0 0 0 0 
1074151772 1 -1 0 0 1 2 0 0 0 0 0 0 
1075035772 3 -19 4 0 0 2 0 0 0 0 0 1 
1076654170 -9 5 -7 0 0 4 0 0 0 0 0 4 
1077532172 11 -15 -2 0 0 5 0 0 0 0 0 4 
1079144580 -17 21 -1 0 2 5 0 0 0 0 1 4 
1080023382 22 -3 3 -1 2 6 0 0 0 0 0 4 
1081661772 -32 13 4 -1 3 5 0 0 0 0 2 4 
1085028092 -24 8 6 -1 2 4 0 0 0 0 2 4 
1085108866 -15 9 -3 -1 2 4 0 0 0 0 2 4 
1086828182 -3 4 1 -2 1 3 0 0 0 0 0 3 
1087548596 -15 -8 3 -1 0 3 0 0 0 0 0 3 
1089354592 -14 2 8 -1 0 1 0 0 0 0 0 0 
1090071400 10 -7 3 0 -1 1 0 0 0 0 0 0 
1091877398 -16 4 -5 0 -1 -1 0 0 0 0 0 0 
1092552206 3 -16 -6 1 0 -2 0 0 0 0 0 0 
1095072998 -8 13 5 2 0 -2 0 0 0 2 0 -1 
1097577814 -17 15 -4 2 0 -3 0 0 0 2 0 -3 
1099537694 5 -8 0 2 -1 -2 0 0 0 2 0 -1 
1099615806 7 -14 -3 2 -1 -2 0 0 0 2 0 -1 
1100093020 -18 12 3 2 0 -1 0 0 0 2 0 -2 
1102047016 -10 -26 3 1 -1 -1 0 0 0 0 0 0 
1102605018 -3 13 7 0 -1 0 0 0 0 0 0 0 
1104595422 -7 1 2 0 -2 1 0 0 0 0 0 0 
1105110616 -8 15 3 -1 -1 0 0 0 0 0 0 0 
1107108226 -3 -12 -3 -1 -1 1 0 0 0 0 0 1 
1107582226 -2 18 -10 -1 1 1 0 0 0 0 0 0 
1112273036 -8 -5 -6 0 2 3 0 0 0 0 1 3 
1112591842 -10 11 0 0 2 3 0 0 0 0 1 3 
1112709842 -1 7 -3 0 2 3 0 0 0 0 1 3 
1114793446 -9 15 1 0 2 3 0 0 0 0 1 3 
1115111728 -8 10 -5 0 2 2 0 0 0 0 1 2 
1117278244 -9 14 -5 1 1 2 0 0 0 0 0 1 
1117636240 -8 -4 2 1 1 1 0 0 0 0 0 0 
1119800256 -5 8 -1 1 1 -1 0 0 0 0 0 0 
1120114538 -7 -21 0 1 1 -1 0 0 0 0 0 0 
1122649062 -5 -17 -2 1 0 -3 0 0 0 0 0 -3 
1124993066 2 -2 1 2 0 -3 0 0 0 1 0 -3 
1125150948 -11 -16 8 3 0 -4 0 0 0 3 0 -3 
1127490664 -8 -10 0 2 0 -4 0 0 0 2 0 -4 
1127647764 -21 -10 7 3 0 -3 0 0 0 3 0 -3 
1129988262 -18 9 0 2 0 -3 0 0 0 2 0 -3 
1130145068 -17 -12 3 3 -1 -4 0 0 0 3 0 -4 
1132635468 -10 11 4 2 0 -1 0 0 0 2 0 0 
1132753074 -10 -9 -4 2 -1 -1 0 0 0 2 0 0 
1135163878 -12 6 -5 2 0 1 0 0 0 1 0 0 
1137686682 -10 8 -2 0 0 2 0 0 0 0 0 0 
1137765876 3 12 1 0 1 1 0 0 0 0 0 1 
1140181506 -10 7 0 -1 1 2 0 0 0 0 0 1 
1140259894 -1 11 6 -1 1 1 0 0 0 0 0 1 
1142667842 -9 10 6 -1 1 1 0 0 0 0 0 0 
1142746698 -6 10 4 -1 1 2 0 0 0 0 0 0 
1145195890 -8 9 -2 0 1 1 0 0 0 0 1 0 
1145274704 -4 7 0 0 2 1 0 0 0 0 0 0 
1147681458 -6 8 0 0 1 0 0 0 0 0 0 0 
1150201106 -2 13 0 1 0 0 0 0 0 0 0 0 
1150359750 -6 4 -4 1 0 0 0 0 0 0 0 0 
1152721912 1 14 -8 1 0 -1 0 0 0 0 0 0 
1152880306 -11 2 -7 2 0 0 0 0 0 0 0 0 
1155234716 -4 13 -7 1 0 -1 0 0 0 0 0 0 
1155354910 -11 3 2 2 -1 0 0 0 0 0 0 0 
1157709140 -8 12 0 1 0 -1 0 0 0 0 0 0 
1157905128 -10 10 4 2 0 0 0 0 0 1 0 0 
1162714336 -13 5 0 1 0 1 0 0 0 0 0 0 
1162792736 -8 10 11 1 0 2 0 0 0 0 0 0 
1163069124 -2 -11 -5 1 0 1 0 0 0 0 0 0 
1165237404 -9 7 2 1 0 1 0 0 0 0 0 1 
1167724334 -9 9 3 0 0 1 0 0 0 0 0 1 
1167881940 -11 -11 2 0 0 1 0 0 0 0 0 0 
1168082740 4 -11 0 -1 0 1 0 0 0 0 0 0 
1170247552 -5 13 4 0 1 1 0 0 0 0 0 0 
1170606352 -3 -18 3 0 1 1 0 0 0 0 0 0 
1172781430 -9 -2 -1 0 1 0 0 0 0 0 0 0 
1175286360 -8 -9 6 0 0 1 0 0 0 0 0 0 
1175764356 -8 6 -6 0 1 0 0 0 0 0 0 0 
1177758760 -8 -10 -1 0 0 0 0 0 0 0 0 0 
1178280142 -12 1 -4 1 1 0 0 0 0 0 0 0 
1180279958 0 -12 0 0 1 0 0 0 0 0 0 0 
1182763168 -3 -11 8 0 1 1 0 0 0 0 0 0 
1182920364 -7 -17 -4 0 1 0 0 0 0 0 0 0 
1185286368 0 -11 1 0 1 0 0 0 0 0 0 0 
1185405180 -9 -22 -4 1 0 1 0 0 0 0 0 0 
1187819186 -5 -21 2 0 1 0 0 0 0 0 0 0 
1188499980 -13 11 0 1 1 0 0 0 0 0 0 0 
1190982286 -13 10 3 0 1 1 0 0 0 0 0 0 
1191099580 -6 -4 2 1 1 1 0 0 0 0 0 0 
1192831594 -11 -19 4 1 0 1 0 0 0 0 0 0 
1193519484 -6 -5 0 0 1 0 0 0 0 0 0 0 
1195327494 -12 -3 0 0 0 1 0 0 0 0 0 0 
1196012802 -4 0 9 1 1 0 0 0 0 0 0 0 
1197849198 -12 1 -1 1 0 2 0 0 0 0 0 0 
1200342340 -13 1 4 1 0 1 0 0 0 0 0 0 
1201222404 -1 0 1 1 0 1 0 0 0 0 0 0 
1202825208 -15 9 4 1 1 1 0 0 0 1 0 0 
1203743610 -2 -3 3 1 0 1 0 0 0 0 0 0 
1205345614 -19 10 5 2 0 2 0 0 0 1 0 0 
1206259614 0 0 6 0 1 1 0 0 0 0 0 0 
1208772820 4 1 -1 1 1 1 0 0 0 1 0 0 
1208851620 -2 9 -2 0 1 1 0 0 0 0 0 0 
1210375098 -21 -9 0 2 1 1 0 0 0 1 0 0 
1212853622 -7 -25 -2 1 1 0 0 0 0 0 0 0 
1213935112 5 8 5 1 0 0 0 0 0 0 0 0 
1215381702 -10 -23 -6 0 1 0 0 0 0 0 0 0 
1216428428 5 7 -1 1 1 0 0 0 0 0 0 0 
1217872832 -16 1 -5 0 0 1 0 0 0 0 0 0 
1218954858 4 1 -3 1 0 0 0 0 0 0 0 0 
1220404050 -13 8 -2 0 0 1 0 0 0 0 0 0 
1221456852 -5 -1 -1 1 0 0 0 0 0 0 0 0 
1222901248 -2 15 1 0 0 1 0 0 0 0 0 0 
1226614848 -2 -1 -10 1 0 0 0 0 0 0 0 0 
1229106454 -1 3 3 0 0 0 0 0 0 0 0 0 
1229224066 3 2 -1 0 1 0 0 0 0 0 0 0 
1230422062 -1 8 -2 1 0 0 0 0 0 0 0 0 
1230540070 3 3 0 1 0 1 0 0 0 0 0 0 
1232911268 -3 8 -3 2 1 0 0 0 0 1 0 0 
1234148258 -6 5 -1 2 1 0 0 0 0 1 0 0 
1235400360 -15 5 -2 2 0 1 0 0 0 1 0 0 
1235518080 0 11 -4 2 0 0 0 0 0 1 0 0 
1237924084 -21 2 5 2 1 1 0 0 0 1 0 0 
1239292362 -14 9 2 2 1 0 0 0 0 1 0 0 
1240421682 -15 1 -4 1 1 -1 0 0 0 0 0 0 
1241829692 -20 3 -3 1 1 -1 0 0 0 0 0 0 
1244311290 -12 -1 -5 1 1 0 0 0 0 0 0 0 
1244389690 -17 -4 -1 1 1 0 0 0 0 0 0 0 
1245438092 -6 2 2 1 1 1 0 0 0 0 0 0 
1246836102 -7 4 -5 1 0 0 0 0 0 0 0 0 
1250469296 -4 -3 -3 1 0 0 0 0 0 0 0 0 
1251980906 -6 5 -8 1 0 2 0 0 0 0 0 1 
1252059300 -8 0 -3 1 0 1 0 0 0 0 0 0 
1252938796 -21 12 -2 0 0 1 0 0 0 0 0 1 
1254530512 -5 11 0 0 0 2 0 0 0 0 0 0 
1255494106 -18 11 3 0 0 1 0 0 0 0 0 0 
1257014922 3 -2 -1 0 1 1 0 0 0 0 0 0 
1257974518 -19 2 3 -1 1 1 0 0 0 0 0 0 
1259531496 -6 -3 -2 -1 0 0 0 0 0 0 0 0 
1260498930 -17 -3 2 -1 0 1 0 0 0 0 0 0 
1262975734 -3 7 -2 0 1 0 0 0 0 0 0 0 
1264694532 -10 2 0 1 0 1 0 0 0 0 0 0 
1265496020 -3 7 -4 1 0 1 0 0 0 1 0 0 
1267220430 -11 8 -1 1 0 0 0 0 0 0 0 0 
1268017738 -3 5 -5 1 0 0 0 0 0 0 0 0 
1269714142 -15 6 3 0 0 0 0 0 0 0 0 0 
1270510944 -5 -4 -3 0 -1 -1 0 0 0 0 0 0 
1272999724 -17 6 -4 0 -1 0 0 0 0 0 0 0 
1273119354 -5 -4 -3 0 0 0 0 0 0 0 0 0 
1275536410 -19 9 2 0 0 0 0 0 0 0 0 0 
1277386556 -17 -4 0 0 0 1 0 0 0 0 0 0 
1278021358 -13 -4 4 1 0 1 0 0 0 0 0 0 
1279886556 -15 0 -5 0 0 1 0 0 0 0 0 0 
1280525764 -10 -12 1 0 1 1 0 0 0 0 0 0 
1282416174 -13 9 -5 0 1 0 0 0 0 0 0 0 
1283058844 -4 3 -3 -1 1 1 0 0 0 0 0 1 
1284900934 -3 7 -1 1 0 1 0 0 0 0 0 0 
1285539774 1 7 1 -1 1 1 0 0 0 0 0 0 
1288068586 -2 -31 -6 7 -2 -24 0 0 0 4 0 -24 
1290076070 0 20 7 7 -1 -23 0 0 0 7 -1 -24 
1290556866 -11 13 -22 6 -1 -24 0 0 0 5 0 -23 
1292603788 -10 29 12 8 -1 -18 0 0 0 8 0 -18 
1293081790 -27 14 -4 7 -1 -16 0 0 0 7 0 -16 
1295101394 -5 -4 8 3 -3 -10 0 0 0 3 -3 -10 
1295581914 2 -4 4 2 -3 -7 0 0 0 1 -3 -7 
1298054194 -10 7 10 -2 -2 2 0 0 0 -1 0 3 
1298171900 -4 18 3 -3 -2 3 0 0 0 -4 -2 2 
1300599298 -3 3 4 -7 2 12 0 0 0 -6 1 11 
1302777416 -9 8 2 -9 5 18 0 0 0 -8 4 18 
1303096616 -1 -7 6 -9 6 18 0 0 0 -9 4 18 
1305264620 -10 6 -3 -8 7 21 0 0 0 -8 8 20 
1305583022 -8 -8 -23 -9 8 23 0 0 0 -9 7 23 
1307788626 11 23 13 -10 6 24 0 0 0 -9 5 24 
1308108614 -15 12 -6 -8 5 20 0 0 0 -8 5 22 
1310319424 -36 31 1 -8 4 20 0 0 0 -6 4 20 
1310599294 -10 -26 10 -5 4 19 0 0 0 -6 4 19 
1313091430 -6 -24 29 -5 2 16 0 0 0 -4 1 17 
1315488524 -19 -10 6 -2 1 12 0 0 0 -2 0 11 
1315605836 -20 -19 30 -4 -1 12 0 0 0 -4 0 11 
1317985848 -12 -37 -11 -2 0 7 0 0 0 -1 0 5 
1318103448 -8 -18 10 0 0 8 0 0 0 0 0 7 
1320489446 -1 -28 8 -1 1 -1 0 0 0 0 0 0 
1320607728 -13 -23 7 0 0 -1 0 0 0 0 0 0 
1322998652 -1 1 -20 4 3 -7 0 0 0 4 3 -6 
1323116658 -11 -5 -6 3 3 -5 0 0 0 4 3 -5 
1325625458 -19 -15 6 6 4 -10 0 0 0 4 4 -10 
1328123868 -17 -3 2 6 1 -14 0 0 0 4 0 -14 
1328241462 -4 -5 -6 5 1 -13 0 0 0 4 0 -14 
1330659068 -17 21 3 5 -1 -12 0 0 0 4 0 -11 
1330737468 -17 16 -2 4 -1 -12 0 0 0 4 0 -11 
1333163074 -16 3 -1 4 -2 -11 0 0 0 4 -1 -11 
1333241866 -19 -13 0 4 -2 -12 0 0 0 4 -1 -11 
1335640934 -18 8 6 3 -2 -6 0 0 0 3 -2 -6 
1335758684 -6 -9 -6 3 -2 -6 0 0 0 3 -2 -5 
1338183772 -9 -4 -1 2 -2 -1 0 0 0 2 -2 0 
1340669144 -25 -5 0 2 -1 4 0 0 0 1 0 4 
1340826696 -11 1 3 2 -1 5 0 0 0 1 0 4 
1343173094 -12 5 -8 -1 1 8 0 0 0 0 0 9 
1343330294 -7 -5 0 0 1 9 0 0 0 0 1 8 
1345679906 -14 0 7 -3 3 9 0 0 0 -3 3 10 
1348191510 -21 2 -15 -3 3 11 0 0 0 -3 3 11 
1348350580 -20 -7 -8 -4 3 11 0 0 0 -4 3 11 
1348429104 -22 -12 -2 -3 2 11 0 0 0 -3 2 11 
1350715516 -21 -25 8 -3 1 9 0 0 0 -3 0 10 
1353221108 -17 11 -7 -2 -1 5 0 0 0 0 0 5 
1353459522 -17 -5 -1 -2 -1 7 0 0 0 -1 0 5 
1355727520 -22 -29 -2 2 -3 3 0 0 0 0 -3 3 
1355965170 -29 -12 10 2 -4 -1 0 0 0 2 -3 0 
1358228726 -4 -17 -2 4 -3 -6 0 0 0 4 -3 -4 
1358506320 -1 2 0 5 -2 -6 0 0 0 4 -2 -4 
1360733124 11 15 4 6 -2 -8 0 0 0 5 -2 -9 
1361009238 -1 -14 -19 7 -2 -8 0 0 0 6 -1 -8 
1363234330 9 -19 7 6 -1 -12 0 0 0 5 0 -11 
1365735940 -13 -6 9 5 0 -13 0 0 0 5 0 -13 
1366142622 1 -7 11 5 -1 -12 0 0 0 5 0 -11 
1368235952 -5 -7 8 5 -1 -10 0 0 0 5 0 -10 
1368673140 -31 20 2 5 -1 -9 0 0 0 5 0 -10 
1370745558 -8 -1 -1 4 -1 -6 0 0 0 5 0 -5 
1371181152 -5 9 6 5 -1 -6 0 0 0 5 0 -5 
1373258356 -9 3 3 4 -1 -1 0 0 0 5 -1 0 
1373697164 -27 10 0 4 -2 0 0 0 0 5 -1 0 
1375788612 -17 -1 -4 3 -1 5 0 0 0 3 0 4 
1378289974 -6 7 -6 0 1 6 0 0 0 0 0 6 
1378804630 -12 17 -6 0 1 7 0 0 0 0 0 6 
1380793966 -9 12 -8 -2 2 7 0 0 0 -1 2 7 
1381312368 -14 -7 -7 -2 2 8 0 0 0 -2 3 8 
1383297064 -17 13 -5 -3 2 8 0 0 0 -4 2 8 
1383851578 1 -4 8 -4 2 6 0 0 0 -4 1 5 
1385794776 -24 -5 5 -3 1 6 0 0 0 -3 1 5 
1386349990 1 15 -1 -2 1 5 0 0 0 -2 1 5 
1388297994 4 -2 10 -1 -1 3 0 0 0 -1 0 3 
1390818144 -9 0 -7 1 -1 1 0 0 0 0 0 0 
1391498800 -17 -2 8 1 -1 -1 0 0 0 1 -1 0 
1393303604 -6 3 -1 3 -1 -3 0 0 0 3 -1 -3 
1394018000 9 3 2 3 -2 -3 0 0 0 3 -1 -3 
1395806798 -26 14 -3 3 -1 -5 0 0 0 4 -1 -4 
1396558006 12 -10 -2 3 -1 -6 0 0 0 3 -1 -4 
1398306808 -23 18 -2 4 -1 -6 0 0 0 4 0 -5 
1399060810 4 -12 -3 4 -1 -6 0 0 0 4 -1 -6 
1400845214 -11 22 4 4 -1 -5 0 0 0 4 0 -5 
1403338820 6 -2 4 3 0 -3 0 0 0 3 0 -4 
1404209628 -13 6 1 2 0 -3 0 0 0 2 0 -3 
1405843630 -2 4 4 2 0 0 0 0 0 1 0 0 
1406716820 -11 18 -2 2 0 1 0 0 0 0 0 0 
1408348436 -9 4 0 1 1 4 0 0 0 0 1 4 
1409260838 2 18 -2 0 1 5 0 0 0 0 1 4 
1410852442 -15 5 -5 -1 2 6 0 0 0 0 1 5 
1411769638 -1 8 -2 -2 2 7 0 0 0 0 1 6 
1413360034 -17 13 5 -2 3 7 0 0 0 -2 3 7 
1415859252 4 15 -2 -3 2 7 0 0 0 -3 2 7 
1416894316 -2 8 0 -3 2 7 0 0 0 -4 2 7 
1418361920 -5 4 -5 -3 2 6 0 0 0 -3 2 5 
1419434048 -4 17 4 -3 2 5 0 0 0 -3 3 5 
1420901656 -23 -16 7 -2 1 4 0 0 0 -2 0 4 
1421932058 -19 -7 -7 -2 0 3 0 0 0 -2 0 3 
1423375662 -22 -14 11 -1 0 1 0 0 0 0 0 0 
1424459264 -18 -7 -8 0 0 0 0 0 0 0 0 0 
1425901260 -4 -10 -7 1 1 -1 0 0 0 0 0 0 
1428415160 -4 -4 3 2 0 -3 0 0 0 2 0 -3 
1429607282 -7 -1 -9 3 0 -4 0 0 0 3 0 -4 
1430916084 -6 1 -2 3 0 -4 0 0 0 3 0 -4 
1432103274 -1 4 2 3 -1 -4 0 0 0 3 0 -4 
1433416876 -5 1 -8 3 -1 -4 0 0 0 3 0 -4 
1434609286 -5 -3 3 2 0 -4 0 0 0 1 0 -3 
1435922494 -13 1 3 2 -1 -3 0 0 0 1 0 -3 
1437156498 -9 -5 3 1 0 -2 0 0 0 0 0 -2 
1438436888 -10 -9 -7 1 -1 -1 0 0 0 0 0 0 
1440920506 -1 3 -5 0 0 2 0 0 0 0 0 1 
1442314370 -13 -2 4 -1 1 4 0 0 0 0 0 4 
1443425310 -5 16 -8 -1 1 5 0 0 0 0 0 4 
1444815708 -17 7 1 -1 1 6 0 0 0 -1 1 4 
1445964516 -5 12 -5 -2 2 6 0 0 0 -1 1 4 
1447312118 -10 10 -1 -2 2 6 0 0 0 -1 1 5 
1448460914 -7 8 4 -2 2 6 0 0 0 -1 1 5 
1449849718 -1 3 5 -3 2 5 0 0 0 -3 2 5 
1450957608 -4 4 6 -2 2 5 0 0 0 -2 2 5 
1453453726 2 2 0 -2 2 4 0 0 0 -2 1 5 
1454998404 -16 0 -5 -2 2 3 0 0 0 0 1 4 
1455991724 -17 -5 -8 -1 1 2 0 0 0 0 0 2 
1457516940 -30 -19 -8 0 0 2 0 0 0 0 0 1 
1460046934 -12 1 5 1 0 -1 0 0 0 0 0 0 
1460970542 -31 -5 -2 1 0 -1 0 0 0 1 0 0 
1461088816 -23 -6 3 2 0 -1 0 0 0 1 0 0 
1462540552 3 3 0 1 0 -2 0 0 0 2 0 0 
1463498554 -22 8 3 2 -1 -2 0 0 0 2 0 -2 
1465997758 -12 10 -8 1 0 -4 0 0 0 1 0 -4 
1467709350 0 -15 -4 1 -1 -5 0 0 0 0 0 -4 
1468499758 -5 7 -3 0 0 -5 0 0 0 0 0 -4 
1470206154 -12 -14 3 -1 0 -4 0 0 0 0 0 -4 
1470998376 2 13 3 0 0 -4 0 0 0 0 0 -4 
1472742560 -22 -7 -1 0 0 -3 0 0 0 0 0 -3 
1473500974 2 -7 1 1 1 -3 0 0 0 0 0 -3 
1475256572 -15 8 -8 1 1 0 0 0 0 0 0 0 
1475976580 -8 -3 -1 1 1 1 0 0 0 0 0 0 
1478508172 -17 -5 -6 1 1 4 0 0 0 0 0 4 
1480413782 -16 7 -11 1 1 5 0 0 0 0 0 4 
1481044984 -19 -6 0 0 1 5 0 0 0 0 0 4 
