169810 1 2 3 4 5 6 7 8 9 10 11 12 13 
169860 1 2 3 4 5 6 7 8 9 10 11 12 13 
169910 1 2 3 4 5 6 7 8 9 10 11 12 13 
169960 1 2 3 4 5 6 7 8 9 10 11 12 13 
170010 1 2 3 4 5 6 7 8 9 10 11 12 13 
170060 1 2 3 4 5 6 7 8 9 10 11 12 13 
170110 1 2 3 4 5 6 7 8 9 10 11 12 13 
170161 1 2 3 4 5 6 7 8 9 10 11 12 13 
170211 1 2 3 4 5 6 7 8 9 10 11 12 13 
170261 1 2 3 4 5 6 7 8 9 10 11 12 13 
170311 1 2 3 4 5 6 7 8 9 10 11 12 13 
170361 1 2 3 4 5 6 7 8 9 10 11 12 13 
170411 1 2 3 4 5 6 7 8 9 10 11 12 13 
170461 1 2 3 4 5 6 7 8 9 10 11 12 13 
170511 1 2 3 4 5 6 7 8 9 10 11 12 13 
170561 1 2 3 4 5 6 7 8 9 10 11 12 13 
170611 1 2 3 4 5 6 7 8 9 10 11 12 13 
170662 1 2 3 4 5 6 7 8 9 10 11 12 13 
170712 1 2 3 4 5 6 7 8 9 10 11 12 13 
170765 1 2 3 4 5 6 7 8 9 10 11 12 13 
170816 1 2 3 4 5 6 7 8 9 10 11 12 13 
170866 1 2 3 4 5 6 7 8 9 10 11 12 13 
170916 1 2 3 4 5 6 7 8 9 10 11 12 13 
170966 1 2 3 4 5 6 7 8 9 10 11 12 13 
171016 1 2 3 4 5 6 7 8 9 10 11 12 13 
171066 1 2 3 4 5 6 7 8 9 10 11 12 13 
171116 1 2 3 4 5 6 7 8 9 10 11 12 13 
171166 1 2 3 4 5 6 7 8 9 10 11 12 13 
171216 1 2 3 4 5 6 7 8 9 10 11 12 13 
171266 1 2 3 4 5 6 7 8 9 10 11 12 13 
171316 1 2 3 4 5 6 7 8 9 10 11 12 13 
171367 1 2 3 4 5 6 7 8 9 10 11 12 13 
171417 1 2 3 4 5 6 7 8 9 10 11 12 13 
171467 1 2 3 4 5 6 7 8 9 10 11 12 13 
171517 1 2 3 4 5 6 7 8 9 10 11 12 13 
171567 1 2 3 4 5 6 7 8 9 10 11 12 13 
171617 1 2 3 4 5 6 7 8 9 10 11 12 13 
171667 1 2 3 4 5 6 7 8 9 10 11 12 13 
171717 1 2 3 4 5 6 7 8 9 10 11 12 13 
171767 1 2 3 4 5 6 7 8 9 10 11 12 13 
171817 1 2 3 4 5 6 7 8 9 10 11 12 13 
171868 1 2 3 4 5 6 7 8 9 10 11 12 13 
171918 1 2 3 4 5 6 7 8 9 10 11 12 13 
171968 1 2 3 4 5 6 7 8 9 10 11 12 13 
172018 1 2 3 4 5 6 7 8 9 10 11 12 13 
172068 1 2 3 4 5 6 7 8 9 10 11 12 13 
172118 1 2 3 4 5 6 7 8 9 10 11 12 13 
172168 1 2 3 4 5 6 7 8 9 10 11 12 13 
172218 1 2 3 4 5 6 7 8 9 10 11 12 13 
172268 1 2 3 4 5 6 7 8 9 10 11 12 13 
172318 1 2 3 4 5 6 7 8 9 10 11 12 13 
172368 1 2 3 4 5 6 7 8 9 10 11 12 13 
172419 1 2 3 4 5 6 7 8 9 10 11 12 13 
172469 1 2 3 4 5 6 7 8 9 10 11 12 13 
172519 1 2 3 4 5 6 7 8 9 10 11 12 13 
172569 1 2 3 4 5 6 7 8 9 10 11 12 13 
172619 1 2 3 4 5 6 7 8 9 10 11 12 13 
172669 1 2 3 4 5 6 7 8 9 10 11 12 13 
172719 1 2 3 4 5 6 7 8 9 10 11 12 13 
172770 1 2 3 4 5 6 7 8 9 10 11 12 13 
172820 1 2 3 4 5 6 7 8 9 10 11 12 13 
172870 1 2 3 4 5 6 7 8 9 10 11 12 13 
172920 1 2 3 4 5 6 7 8 9 10 11 12 13 
172970 1 2 3 4 5 6 7 8 9 10 11 12 13 
173020 1 2 3 4 5 6 7 8 9 10 11 12 13 
173070 1 2 3 4 5 6 7 8 9 10 11 12 13 
173120 1 2 3 4 5 6 7 8 9 10 11 12 13 
173170 1 2 3 4 5 6 7 8 9 10 11 12 13 
173220 1 2 3 4 5 6 7 8 9 10 11 12 13 
173270 1 2 3 4 5 6 7 8 9 10 11 12 13 
173321 1 2 3 4 5 6 7 8 9 10 11 12 13 
173371 1 2 3 4 5 6 7 8 9 10 11 12 13 
173421 1 2 3 4 5 6 7 8 9 10 11 12 13 
173471 1 2 3 4 5 6 7 8 9 10 11 12 13 
173521 1 2 3 4 5 6 7 8 9 10 11 12 13 
173571 1 2 3 4 5 6 7 8 9 10 11 12 13 
173621 1 2 3 4 5 6 7 8 9 10 11 12 13 
173671 1 2 3 4 5 6 7 8 9 10 11 12 13 
173721 1 2 3 4 5 6 7 8 9 10 11 12 13 
173773 1 2 3 4 5 6 7 8 9 10 11 12 13 
173823 1 2 3 4 5 6 7 8 9 10 11 12 13 
173873 1 2 3 4 5 6 7 8 9 10 11 12 13 
173923 1 2 3 4 5 6 7 8 9 10 11 12 13 
173973 1 2 3 4 5 6 7 8 9 10 11 12 13 
174023 1 2 3 4 5 6 7 8 9 10 11 12 13 
174073 1 2 3 4 5 6 7 8 9 10 11 12 13 
174123 1 2 3 4 5 6 7 8 9 10 11 12 13 
174174 1 2 3 4 5 6 7 8 9 10 11 12 13 
174224 1 2 3 4 5 6 7 8 9 10 11 12 13 
174274 1 2 3 4 5 6 7 8 9 10 11 12 13 
174324 1 2 3 4 5 6 7 8 9 10 11 12 13 
174374 1 2 3 4 5 6 7 8 9 10 11 12 13 
174424 1 2 3 4 5 6 7 8 9 10 11 12 13 
174474 1 2 3 4 5 6 7 8 9 10 11 12 13 
174525 1 2 3 4 5 6 7 8 9 10 11 12 13 
174575 1 2 3 4 5 6 7 8 9 10 11 12 13 
174625 1 2 3 4 5 6 7 8 9 10 11 12 13 
174675 1 2 3 4 5 6 7 8 9 10 11 12 13 
174725 1 2 3 4 5 6 7 8 9 10 11 12 13 
174775 1 2 3 4 5 6 7 8 9 10 11 12 13 
174825 1 2 3 4 5 6 7 8 9 10 11 12 13 
174875 1 2 3 4 5 6 7 8 9 10 11 12 13 
174925 1 2 3 4 5 6 7 8 9 10 11 12 13 
174975 1 2 3 4 5 6 7 8 9 10 11 12 13 
175026 1 2 3 4 5 6 7 8 9 10 11 12 13 
175076 1 2 3 4 5 6 7 8 9 10 11 12 13 
175126 1 2 3 4 5 6 7 8 9 10 11 12 13 
175176 1 2 3 4 5 6 7 8 9 10 11 12 13 
175226 1 2 3 4 5 6 7 8 9 10 11 12 13 
175276 1 2 3 4 5 6 7 8 9 10 11 12 13 
175326 1 2 3 4 5 6 7 8 9 10 11 12 13 
175376 1 2 3 4 5 6 7 8 9 10 11 12 13 
175426 1 2 3 4 5 6 7 8 9 10 11 12 13 
175476 1 2 3 4 5 6 7 8 9 10 11 12 13 
175527 1 2 3 4 5 6 7 8 9 10 11 12 13 
175577 1 2 3 4 5 6 7 8 9 10 11 12 13 
175627 1 2 3 4 5 6 7 8 9 10 11 12 13 
175677 1 2 3 4 5 6 7 8 9 10 11 12 13 
175727 1 2 3 4 5 6 7 8 9 10 11 12 13 
175777 1 2 3 4 5 6 7 8 9 10 11 12 13 
175827 1 2 3 4 5 6 7 8 9 10 11 12 13 
175877 1 2 3 4 5 6 7 8 9 10 11 12 13 
175927 1 2 3 4 5 6 7 8 9 10 11 12 13 
175977 1 2 3 4 5 6 7 8 9 10 11 12 13 
176027 1 2 3 4 5 6 7 8 9 10 11 12 13 
176078 1 2 3 4 5 6 7 8 9 10 11 12 13 
176128 1 2 3 4 5 6 7 8 9 10 11 12 13 
176178 1 2 3 4 5 6 7 8 9 10 11 12 13 
176228 1 2 3 4 5 6 7 8 9 10 11 12 13 
176278 1 2 3 4 5 6 7 8 9 10 11 12 13 
176328 1 2 3 4 5 6 7 8 9 10 11 12 13 
176378 1 2 3 4 5 6 7 8 9 10 11 12 13 
176428 1 2 3 4 5 6 7 8 9 10 11 12 13 
176478 1 2 3 4 5 6 7 8 9 10 11 12 13 
176528 1 2 3 4 5 6 7 8 9 10 11 12 13 
176579 1 2 3 4 5 6 7 8 9 10 11 12 13 
176629 1 2 3 4 5 6 7 8 9 10 11 12 13 
176679 1 2 3 4 5 6 7 8 9 10 11 12 13 
176729 1 2 3 4 5 6 7 8 9 10 11 12 13 
176779 1 2 3 4 5 6 7 8 9 10 11 12 13 
176829 1 2 3 4 5 6 7 8 9 10 11 12 13 
176879 1 2 3 4 5 6 7 8 9 10 11 12 13 
176929 1 2 3 4 5 6 7 8 9 10 11 12 13 
176979 1 2 3 4 5 6 7 8 9 10 11 12 13 
177029 1 2 3 4 5 6 7 8 9 10 11 12 13 
177079 1 2 3 4 5 6 7 8 9 10 11 12 13 
177130 1 2 3 4 5 6 7 8 9 10 11 12 13 
177180 1 2 3 4 5 6 7 8 9 10 11 12 13 
177230 1 2 3 4 5 6 7 8 9 10 11 12 13 
177280 1 2 3 4 5 6 7 8 9 10 11 12 13 
177330 1 2 3 4 5 6 7 8 9 10 11 12 13 
177380 1 2 3 4 5 6 7 8 9 10 11 12 13 
177430 1 2 3 4 5 6 7 8 9 10 11 12 13 
177481 1 2 3 4 5 6 7 8 9 10 11 12 13 
177533 1 2 3 4 5 6 7 8 9 10 11 12 13 
177583 1 2 3 4 5 6 7 8 9 10 11 12 13 
177633 1 2 3 4 5 6 7 8 9 10 11 12 13 
177683 1 2 3 4 5 6 7 8 9 10 11 12 13 
177733 1 2 3 4 5 6 7 8 9 10 11 12 13 
177783 1 2 3 4 5 6 7 8 9 10 11 12 13 
177834 1 2 3 4 5 6 7 8 9 10 11 12 13 
177884 1 2 3 4 5 6 7 8 9 10 11 12 13 
177934 1 2 3 4 5 6 7 8 9 10 11 12 13 
177984 1 2 3 4 5 6 7 8 9 10 11 12 13 
178034 1 2 3 4 5 6 7 8 9 10 11 12 13 
178084 1 2 3 4 5 6 7 8 9 10 11 12 13 
178134 1 2 3 4 5 6 7 8 9 10 11 12 13 
178184 1 2 3 4 5 6 7 8 9 10 11 12 13 
178234 1 2 3 4 5 6 7 8 9 10 11 12 13 
178284 1 2 3 4 5 6 7 8 9 10 11 12 13 
178335 1 2 3 4 5 6 7 8 9 10 11 12 13 
178385 1 2 3 4 5 6 7 8 9 10 11 12 13 
178435 1 2 3 4 5 6 7 8 9 10 11 12 13 
178485 1 2 3 4 5 6 7 8 9 10 11 12 13 
178535 1 2 3 4 5 6 7 8 9 10 11 12 13 
178585 1 2 3 4 5 6 7 8 9 10 11 12 13 
178635 1 2 3 4 5 6 7 8 9 10 11 12 13 
178685 1 2 3 4 5 6 7 8 9 10 11 12 13 
178735 1 2 3 4 5 6 7 8 9 10 11 12 13 
178785 1 2 3 4 5 6 7 8 9 10 11 12 13 
178836 1 2 3 4 5 6 7 8 9 10 11 12 13 
178886 1 2 3 4 5 6 7 8 9 10 11 12 13 
178936 1 2 3 4 5 6 7 8 9 10 11 12 13 
178986 1 2 3 4 5 6 7 8 9 10 11 12 13 
179036 1 2 3 4 5 6 7 8 9 10 11 12 13 
179086 1 2 3 4 5 6 7 8 9 10 11 12 13 
179136 1 2 3 4 5 6 7 8 9 10 11 12 13 
179186 1 2 3 4 5 6 7 8 9 10 11 12 13 
179236 1 2 3 4 5 6 7 8 9 10 11 12 13 
179287 1 2 3 4 5 6 7 8 9 10 11 12 13 
179337 1 2 3 4 5 6 7 8 9 10 11 12 13 
179387 1 2 3 4 5 6 7 8 9 10 11 12 13 
179437 1 2 3 4 5 6 7 8 9 10 11 12 13 
179487 1 2 3 4 5 6 7 8 9 10 11 12 13 
179537 1 2 3 4 5 6 7 8 9 10 11 12 13 
179587 1 2 3 4 5 6 7 8 9 10 11 12 13 
179637 1 2 3 4 5 6 7 8 9 10 11 12 13 
179687 1 2 3 4 5 6 7 8 9 10 11 12 13 
179737 1 2 3 4 5 6 7 8 9 10 11 12 13 
179787 1 2 3 4 5 6 7 8 2816 3072 3328 32270 256 3 5 6 7 9 11 -256 702 256 512 4 1536 8 10 11 12 -7666 2 768 1280 1536 7 9 11 13 2 512 1024 1536 8 2816 3072 3328 -256 703 256 768 
