775420 1 2 3 4 5 6 7 8 9 10 11 12 13 
775470 1 2 3 4 5 6 7 8 9 10 11 12 13 
775520 1 2 3 4 5 6 7 8 9 10 11 12 13 
775570 1 2 3 4 5 6 7 8 9 10 11 12 13 
775620 1 2 3 4 5 6 7 8 9 10 11 12 13 
775670 1 2 3 4 5 6 7 8 9 10 11 12 13 
775721 1 2 3 4 5 6 7 8 9 10 11 12 13 
775771 1 2 3 4 5 6 7 8 9 10 11 12 13 
775821 1 2 3 4 5 6 7 8 9 10 11 12 13 
775871 1 2 3 4 5 6 7 8 9 10 11 12 13 
775921 1 2 3 4 5 6 7 8 9 10 11 12 13 
775971 1 2 3 4 5 6 7 8 9 10 11 12 13 
776021 1 2 3 4 5 6 7 8 9 10 11 12 13 
776071 1 2 3 4 5 6 7 8 9 10 11 12 13 
776122 1 2 3 4 5 6 7 8 9 10 11 12 13 
776172 1 2 3 4 5 6 7 8 9 10 11 12 13 
776222 1 2 3 4 5 6 7 8 9 10 11 12 13 
776272 1 2 3 4 5 6 7 8 9 10 11 12 13 
776322 1 2 3 4 5 6 7 8 9 10 11 12 13 
776372 1 2 3 4 5 6 7 8 9 10 11 12 13 
776422 1 2 3 4 5 6 7 8 9 10 11 12 13 
776472 1 2 3 4 5 6 7 8 9 10 11 12 13 
776522 1 2 3 4 5 6 7 8 9 10 11 12 13 
776572 1 2 3 4 5 6 7 8 9 10 11 12 13 
776622 1 2 3 4 5 6 7 8 9 10 11 12 13 
776673 1 2 3 4 5 6 7 8 9 10 11 12 13 
776723 1 2 3 4 5 6 7 8 9 10 11 12 13 
776773 1 2 3 4 5 6 7 8 9 10 11 12 13 
776823 1 2 3 4 5 6 7 8 9 10 11 12 13 
776873 1 2 3 4 5 6 7 8 9 10 11 12 13 
776923 1 2 3 4 5 6 7 8 9 10 11 12 13 
776973 1 2 3 4 5 6 7 8 9 10 11 12 13 
777023 1 2 3 4 5 6 7 8 9 10 11 12 13 
777073 1 2 3 4 5 6 7 8 9 10 11 12 13 
777123 1 2 3 4 5 6 7 8 9 10 11 12 13 
777174 1 2 3 4 5 6 7 8 9 10 11 12 13 
777224 1 2 3 4 5 6 7 8 9 10 11 12 13 
777274 1 2 3 4 5 6 7 8 9 10 11 12 13 
777324 1 2 3 4 5 6 7 8 9 10 11 12 13 
777374 1 2 3 4 5 6 7 8 9 10 11 12 13 
777424 1 2 3 4 5 6 7 8 9 10 11 12 13 
777474 1 2 3 4 5 6 7 8 9 10 11 12 13 
777524 1 2 3 4 5 6 7 8 9 10 11 12 13 
777574 1 2 3 4 5 6 7 8 9 10 11 12 13 
777624 1 2 3 4 5 6 7 8 9 10 11 12 13 
777674 1 2 3 4 5 6 7 8 9 10 11 12 13 
777725 1 2 3 4 5 6 7 8 9 10 11 12 13 
777776 1 2 3 4 5 6 7 8 9 10 11 12 13 
777827 1 2 3 4 5 6 7 8 9 10 11 12 13 
777877 1 2 3 4 5 6 7 8 9 10 11 12 13 
777927 1 2 3 4 5 6 7 8 9 10 11 12 13 
777978 1 2 3 4 5 6 7 8 9 10 11 12 13 
778028 1 2 3 4 5 6 7 8 9 10 11 12 13 
778078 1 2 3 4 5 6 7 8 9 10 11 12 13 
778128 1 2 3 4 5 6 7 8 9 10 11 12 13 
778178 1 2 3 4 5 6 7 8 9 10 11 12 13 
778228 1 2 3 4 5 6 7 8 9 10 11 12 13 
778278 1 2 3 4 5 6 7 8 9 10 11 12 13 
778328 1 2 3 4 5 6 7 8 9 10 11 12 13 
778378 1 2 3 4 5 6 7 8 9 10 11 12 13 
778429 1 2 3 4 5 6 7 8 9 10 11 12 13 
778479 1 2 3 4 5 6 7 8 9 10 11 12 13 
778529 1 2 3 4 5 6 7 8 9 10 11 12 13 
778579 1 2 3 4 5 6 7 8 9 10 11 12 13 
778629 1 2 3 4 5 6 7 8 9 10 11 12 13 
778679 1 2 3 4 5 6 7 8 9 10 11 12 13 
778729 1 2 3 4 5 6 7 8 9 10 11 12 13 
778779 1 2 3 4 5 6 7 8 9 10 11 12 13 
778829 1 2 3 4 5 6 7 8 9 10 11 12 13 
778879 1 2 3 4 5 6 7 8 9 10 11 12 13 
778930 1 2 3 4 5 6 7 8 9 10 11 12 13 
778980 1 2 3 4 5 6 7 8 9 10 11 12 13 
779030 1 2 3 4 5 6 7 8 9 10 11 12 13 
779080 1 2 3 4 5 6 7 8 9 10 11 12 13 
779130 1 2 3 4 5 6 7 8 9 10 11 12 13 
779180 1 2 3 4 5 6 7 8 9 10 11 12 13 
779230 1 2 3 4 5 6 7 8 9 10 11 12 13 
779280 1 2 3 4 5 6 7 8 9 10 11 12 13 
779330 1 2 3 4 5 6 7 8 9 10 11 12 13 
779380 1 2 3 4 5 6 7 8 9 10 11 12 13 
779430 1 2 3 4 5 6 7 8 9 10 11 12 13 
779481 1 2 3 4 5 6 7 8 9 10 11 12 13 
779531 1 2 3 4 5 6 7 8 9 10 11 12 13 
779581 1 2 3 4 5 6 7 8 9 10 11 12 13 
779631 1 2 3 4 5 6 7 8 9 10 11 12 13 
779681 1 2 3 4 5 6 7 8 9 10 11 12 13 
779731 1 2 3 4 5 6 7 8 9 10 11 12 13 
779781 1 2 3 4 5 6 7 8 9 10 11 12 13 
779831 1 2 3 4 5 6 7 8 9 10 11 12 13 
779881 1 2 3 4 5 6 7 8 9 10 11 12 13 
779931 1 2 3 4 5 6 7 8 9 10 11 12 13 
779981 1 2 3 4 5 6 7 8 9 10 11 12 13 
780032 1 2 3 4 5 6 7 8 9 10 11 12 13 
780082 1 2 3 4 5 6 7 8 9 10 11 12 13 
780132 1 2 3 4 5 6 7 8 9 10 11 12 13 
780182 1 2 3 4 5 6 7 8 9 10 11 12 13 
780232 1 2 3 4 5 6 7 8 9 10 11 12 13 
780282 1 2 3 4 5 6 7 8 9 10 11 12 13 
780332 1 2 3 4 5 6 7 8 9 10 11 12 13 
780382 1 2 3 4 5 6 7 8 9 10 11 12 13 
780432 1 2 3 4 5 6 7 8 9 10 11 12 13 
780483 1 2 3 4 5 6 7 8 9 10 11 12 13 
780533 1 2 3 4 5 6 7 8 9 10 11 12 13 
780583 1 2 3 4 5 6 7 8 9 10 11 12 13 
780633 1 2 3 4 5 6 7 8 9 10 11 12 13 
780683 1 2 3 4 5 6 7 8 9 10 11 12 13 
780733 1 2 3 4 5 6 7 8 9 10 11 12 13 
780783 1 2 3 4 5 6 7 8 9 10 11 12 13 
780833 1 2 3 4 5 6 7 8 9 10 11 12 13 
780883 1 2 3 4 5 6 7 8 9 10 11 12 13 
780933 1 2 3 4 5 6 7 8 9 10 11 12 13 
780984 1 2 3 4 5 6 7 8 9 10 11 12 13 
781034 1 2 3 4 5 6 7 8 9 10 11 12 13 
781084 1 2 3 4 5 6 7 8 9 10 11 12 13 
781134 1 2 3 4 5 6 7 8 9 10 11 12 13 
781184 1 2 3 4 5 6 7 8 9 10 11 12 13 
781234 1 2 3 4 5 6 7 8 9 10 11 12 13 
781284 1 2 3 4 5 6 7 8 9 10 11 12 13 
781334 1 2 3 4 5 6 7 8 9 10 11 12 13 
781384 1 2 3 4 5 6 7 8 9 10 11 12 13 
781434 1 2 3 4 5 6 7 8 9 10 11 12 13 
781484 1 2 3 4 5 6 7 8 9 10 11 12 13 
781535 1 2 3 4 5 6 7 8 9 10 11 12 13 
781585 1 2 3 4 5 6 7 8 9 10 11 12 13 
781635 1 2 3 4 5 6 7 8 9 10 11 12 13 
781685 1 2 3 4 5 6 7 8 9 10 11 12 13 
781735 1 2 3 4 5 6 7 8 9 10 11 12 13 
781785 1 2 3 4 5 6 7 8 9 10 11 12 13 
781835 1 2 3 4 5 6 7 8 9 10 11 12 13 
781885 1 2 3 4 5 6 7 8 9 10 11 12 13 
781935 1 2 3 4 5 6 7 8 9 10 11 12 13 
781985 1 2 3 4 5 6 7 8 9 10 11 12 13 
782035 1 2 3 4 5 6 7 8 9 10 11 12 13 
782086 1 2 3 4 5 6 7 8 9 10 11 12 13 
782136 1 2 3 4 5 6 7 8 9 10 11 12 13 
782186 1 2 3 4 5 6 7 8 9 10 11 12 13 
782236 1 2 3 4 5 6 7 8 9 10 11 12 13 
782286 1 2 3 4 5 6 7 8 9 10 11 12 13 
782336 1 2 3 4 5 6 7 8 9 10 11 12 13 
782386 1 2 3 4 5 6 7 8 9 10 11 12 13 
782436 1 2 3 4 5 6 7 8 9 10 11 12 13 
782486 1 2 3 4 5 6 7 8 9 10 11 12 13 
782536 1 2 3 4 5 6 7 8 9 10 11 12 13 
782590 1 2 3 4 5 6 7 8 9 10 11 12 13 
782640 1 2 3 4 5 6 7 8 9 10 11 12 13 
782691 1 2 3 4 5 6 7 8 9 10 11 12 13 
782741 1 2 3 4 5 6 7 8 9 10 11 12 13 
782792 1 2 3 4 5 6 7 8 9 10 11 12 13 
782843 1 2 3 4 5 6 7 8 9 10 11 12 13 
782893 1 2 3 4 5 6 7 8 9 10 11 12 13 
782943 1 2 3 4 5 6 7 8 9 10 11 12 13 
782993 1 2 3 4 5 6 7 8 9 10 11 12 13 
783043 1 2 3 4 5 6 7 8 9 10 11 12 13 
783093 1 2 3 4 5 6 7 8 9 10 11 12 13 
783143 1 2 3 4 5 6 7 8 9 10 11 12 13 
783193 1 2 3 4 5 6 7 8 9 10 11 12 13 
783243 1 2 3 4 5 6 7 8 9 10 11 12 13 
783293 1 2 3 4 5 6 7 8 9 10 11 12 13 
783343 1 2 3 4 5 6 7 8 9 10 11 12 13 
783394 1 2 3 4 5 6 7 8 9 10 11 12 13 
783444 1 2 3 4 5 6 7 8 9 10 11 12 13 
783494 1 2 3 4 5 6 7 8 9 10 11 12 13 
783544 1 2 3 4 5 6 7 8 9 10 11 12 13 
783594 1 2 3 4 5 6 7 8 9 10 11 12 13 
783644 1 2 3 4 5 6 7 8 9 10 11 12 13 
783694 1 2 3 4 5 6 7 8 9 10 11 12 13 
783744 1 2 3 4 5 6 7 8 9 10 11 12 13 
783794 1 2 3 4 5 6 7 8 9 10 11 12 13 
783844 1 2 3 4 5 6 7 8 9 10 11 12 13 
783894 1 2 3 4 5 6 7 8 9 10 11 12 13 
783945 1 2 3 4 5 6 7 8 9 10 11 12 13 
783995 1 2 3 4 5 6 7 8 9 10 11 12 13 
784045 1 2 3 4 5 6 7 8 9 10 11 12 13 
784095 1 2 3 4 5 6 7 8 9 10 11 12 13 
784145 1 2 3 4 5 6 7 8 9 10 11 12 13 
784195 1 2 3 4 5 6 7 8 9 10 11 12 13 
784245 1 2 3 4 5 6 7 8 9 10 11 12 13 
784295 1 2 3 4 5 6 7 8 9 10 11 12 13 
784345 1 2 3 4 5 6 7 8 9 10 11 12 13 
784395 1 2 3 4 5 6 7 8 9 10 11 12 13 
784446 1 2 3 4 5 6 7 8 9 10 11 12 13 
784496 1 2 3 4 5 6 7 8 9 10 11 12 13 
784546 1 2 3 4 5 6 7 8 9 10 11 12 13 
784596 1 2 3 4 5 6 7 8 9 10 11 12 13 
784646 1 2 3 4 5 6 7 8 9 10 11 12 13 
784696 1 2 3 4 5 6 7 8 9 10 11 12 13 
784746 1 2 3 4 5 6 7 8 9 10 11 12 13 
784796 1 2 3 4 5 6 7 8 9 10 11 12 13 
784846 1 2 3 4 5 6 7 8 9 10 11 12 13 
784896 1 2 3 4 5 6 7 8 9 10 11 12 13 
784946 1 2 3 4 5 6 7 8 9 10 11 12 13 
784997 1 2 3 4 5 6 7 8 9 10 11 12 13 
785047 1 2 3 4 5 6 7 8 9 10 11 12 13 
785097 1 2 3 4 5 6 7 8 9 10 11 12 13 
785147 1 2 3 4 5 6 7 8 9 10 11 12 13 
785197 1 2 3 4 5 6 7 8 9 10 11 12 13 
785247 1 2 3 4 5 6 7 8 9 10 11 12 13 
785297 1 2 3 4 5 6 7 8 9 10 11 12 13 
785347 1 2 3 4 5 6 7 8 9 10 11 12 13 
785397 1 2 3 4 5 6 7 8 9 10 11 12 13 
