14630 0 0 0 0 0 0 0 0 0 0 -30686 25448 10250 
14680 0 0 0 0 0 0 0 0 0 0 -30686 25448 10250 
14730 0 0 0 0 0 0 0 0 0 0 -30686 25448 10250 
14780 0 0 0 0 0 0 0 0 0 0 -30686 25448 10250 
14830 0 0 0 0 0 0 0 0 0 0 -30686 25448 10250 
14881 0 0 0 0 0 0 0 0 0 0 -30686 25448 10250 
14931 0 0 0 0 0 0 0 0 0 0 -30686 25448 10250 
14981 0 0 0 0 0 0 0 0 0 0 -30686 25448 10250 
15031 0 0 0 0 0 0 0 0 0 0 -30686 25448 10250 
15081 0 0 0 0 0 0 0 0 0 0 -30686 25448 10250 
15133 0 0 0 0 0 0 0 0 0 0 -30686 25448 10250 
15183 0 0 0 0 0 0 0 0 0 0 -30686 25448 10250 
15234 0 0 0 0 0 0 0 0 0 0 -30686 25448 10250 
15286 0 0 0 0 0 0 0 0 0 0 -30686 25448 10250 
15336 0 0 0 0 0 0 0 0 0 0 -30686 25448 10250 
15386 0 0 0 0 0 0 0 0 0 0 -30686 25448 10250 
15436 0 0 0 0 0 0 0 0 0 0 -30686 25448 10250 
15486 0 0 0 0 0 0 0 0 0 0 -30686 25448 10250 
15536 0 0 0 0 0 0 0 0 0 0 -30686 25448 10250 
15586 0 0 0 0 0 0 0 0 0 0 -30686 25448 10250 
15636 0 0 0 0 0 0 0 0 0 0 -30686 25448 10250 
15686 0 0 0 0 0 0 0 0 0 0 -30686 25448 10250 
15737 0 0 0 0 0 0 0 0 0 0 -30686 25448 10250 
15787 0 0 0 0 0 0 0 0 0 0 -30686 25448 10250 
15837 0 0 0 0 0 0 0 0 0 0 -30686 25448 10250 
15887 0 0 0 0 0 0 0 0 0 0 -30686 25448 10250 
15937 0 0 0 0 0 0 0 0 0 0 -30686 25448 10250 
15987 0 0 0 0 0 0 0 0 0 0 -30686 25448 10250 
16037 0 0 0 0 0 0 0 0 0 0 -30686 25448 10250 
16087 0 0 0 0 0 0 0 0 0 0 -30686 25448 10250 
16137 0 0 0 0 0 0 0 0 0 0 -30686 25448 10250 
16187 0 0 0 0 0 0 0 0 0 0 -30686 25448 10250 
16237 0 0 0 0 0 0 0 0 0 0 -30686 25448 10250 
16288 0 0 0 0 0 0 0 0 0 0 -30686 25448 10250 
16338 0 0 0 0 0 0 0 0 0 0 -30686 25448 10250 
16388 0 0 0 0 0 0 0 0 0 0 -30686 25448 10250 
16438 0 0 0 0 0 0 0 0 0 0 -30686 25448 10250 
16488 0 0 0 0 0 0 0 0 0 0 -30686 25448 10250 
16538 0 0 0 0 0 0 0 0 0 0 -30686 25448 10250 
16588 0 0 0 0 0 0 0 0 0 0 -30686 25448 10250 
16638 0 0 0 0 0 0 0 0 0 0 -30686 25448 10250 
16688 0 0 0 0 0 0 0 0 0 0 -30686 25448 10250 
16738 0 0 0 0 0 0 0 0 0 0 -30686 25448 10250 
16789 0 0 0 0 0 0 0 0 0 0 -30686 25448 10250 
16839 0 0 0 0 0 0 0 0 0 0 -30686 25448 10250 
16889 0 0 0 0 0 0 0 0 0 0 -30686 25448 10250 
16939 0 0 0 0 0 0 0 0 0 0 -30686 25448 10250 
16989 0 0 0 0 0 0 0 0 0 0 -30686 25448 10250 
17039 0 0 0 0 0 0 0 0 0 0 -30686 25448 10250 
17089 0 0 0 0 0 0 0 0 0 0 -30686 25448 10250 
17139 0 0 0 0 0 0 0 0 0 0 -30686 25448 10250 
17189 0 0 0 0 0 0 0 0 0 0 -30686 25448 10250 
17243 0 0 0 0 0 0 0 0 0 0 -30686 25448 10250 
17293 0 0 0 0 0 0 0 0 0 0 -30686 25448 10250 
17343 0 0 0 0 0 0 0 0 0 0 -30686 25448 10250 
17393 0 0 0 0 0 0 0 0 0 0 -30686 25448 10250 
17443 0 0 0 0 0 0 0 0 0 0 -30686 25448 10250 
17493 0 0 0 0 0 0 0 0 0 0 -30686 25448 10250 
17543 0 0 0 0 0 0 0 0 0 0 -30686 25448 10250 
17593 0 0 0 0 0 0 0 0 0 0 -30686 25448 10250 
17644 0 0 0 0 0 0 0 0 0 0 -30686 25448 10250 
17694 0 0 0 0 0 0 0 0 0 0 -30686 25448 10250 
17744 0 0 0 0 0 0 0 0 0 0 -30686 25448 10250 
17794 0 0 0 0 0 0 0 0 0 0 -30686 25448 10250 
17844 0 0 0 0 0 0 0 0 0 0 -30686 25448 10250 
17894 0 0 0 0 0 0 0 0 0 0 -30686 25448 10250 
17944 0 0 0 0 0 0 0 0 0 0 -30686 25448 10250 
17994 0 0 0 0 0 0 0 0 0 0 -30686 25448 10250 
18045 0 0 0 0 0 0 0 0 0 0 -30686 25448 10250 
18095 0 0 0 0 0 0 0 0 0 0 -30686 25448 10250 
18145 0 0 0 0 0 0 0 0 0 0 -30686 25448 10250 
18196 0 0 0 0 0 0 0 0 0 0 -30686 25448 10250 
18246 0 0 0 0 0 0 0 0 0 0 -30686 25448 10250 
18296 0 0 0 0 0 0 0 0 0 0 -30686 25448 10250 
18346 0 0 0 0 0 0 0 0 0 0 -30686 25448 10250 
18396 0 0 0 0 0 0 0 0 0 0 -30686 25448 10250 
18446 0 0 0 0 0 0 0 0 0 0 -30686 25448 10250 
18497 0 0 0 0 0 0 0 0 0 0 -30686 25448 10250 
18547 0 0 0 0 0 0 0 0 0 0 -30686 25448 10250 
18597 0 0 0 0 0 0 0 0 0 0 -30686 25448 10250 
18647 0 0 0 0 0 0 0 0 0 0 -30686 25448 10250 
18697 0 0 0 0 0 0 0 0 0 0 -30686 25448 10250 
18747 0 0 0 0 0 0 0 0 0 0 -30686 25448 10250 
18799 0 0 0 0 0 0 0 0 0 0 -30686 25448 10250 
18849 0 0 0 0 0 0 0 0 0 0 -30686 25448 10250 
18899 0 0 0 0 0 0 0 0 0 0 -30686 25448 10250 
18949 0 0 0 0 0 0 0 0 0 0 -30686 25448 10250 
18999 0 0 0 0 0 0 0 0 0 0 -30686 25448 10250 
19049 0 0 0 0 0 0 0 0 0 0 -30686 25448 10250 
19099 0 0 0 0 0 0 0 0 0 0 -30686 25448 10250 
19150 0 0 0 0 0 0 0 0 0 0 -30686 25448 10250 
19200 0 0 0 0 0 0 0 0 0 0 -30686 25448 10250 
19250 0 0 0 0 0 0 0 0 0 0 -30686 25448 10250 
19300 0 0 0 0 0 0 0 0 0 0 -30686 25448 10250 
19350 0 0 0 0 0 0 0 0 0 0 -30686 25448 10250 
19400 0 0 0 0 0 0 0 0 0 0 -30686 25448 10250 
19450 0 0 0 0 0 0 0 0 0 0 -30686 25448 10250 
19500 0 0 0 0 0 0 0 0 0 0 -30686 25448 10250 
19550 0 0 0 0 0 0 0 0 0 0 -30686 25448 10250 
19600 0 0 0 0 0 0 0 0 0 0 -30686 25448 10250 
19650 0 0 0 0 0 0 0 0 0 0 -30686 25448 10250 
19700 0 0 0 0 0 0 0 0 0 0 -30686 25448 10250 
19751 0 0 0 0 0 0 0 0 0 0 -30686 25448 10250 
19801 0 0 0 0 0 0 0 0 0 0 -30686 25448 10250 
19851 0 0 0 0 0 0 0 0 0 0 -30686 25448 10250 
19901 0 0 0 0 0 0 0 0 0 0 -30686 25448 10250 
19951 0 0 0 0 0 0 0 0 0 0 -30686 25448 10250 
20001 0 0 0 0 0 0 0 0 0 0 -30686 25448 10250 
