1251459174 0 0 0 0 504 493 406 382 320 488 15 12 19 
1253977572 0 0 0 0 503 494 407 380 318 488 14 13 20 
1255315178 0 0 0 0 504 493 406 380 317 488 15 11 19 
1256495164 0 0 0 0 506 492 407 380 317 489 15 11 19 
1257832770 0 0 0 0 505 491 407 380 317 489 15 12 19 
1259013568 0 0 0 0 505 491 406 381 318 489 15 12 19 
1260312368 0 0 0 0 505 492 408 382 318 490 15 12 19 
1261492772 0 0 0 0 505 493 407 381 317 490 15 12 19 
1262829972 0 0 0 0 505 493 407 382 316 491 14 13 20 
1264010770 0 0 0 0 505 492 407 382 315 491 14 13 20 
1266527568 0 0 0 0 505 493 409 382 317 492 15 11 19 
1267983048 0 0 0 0 507 493 409 382 317 493 15 12 19 
1269005954 0 0 0 0 506 495 408 381 316 492 15 11 19 
1270500904 0 0 0 0 507 491 407 380 317 492 14 13 20 
1271524072 0 0 0 0 509 490 406 381 319 492 15 12 19 
1273019158 0 0 0 0 510 493 406 384 325 492 15 13 19 
1274042362 0 0 0 0 509 492 407 386 329 491 16 13 20 
1275536368 0 0 0 0 505 494 407 386 332 491 15 13 19 
1276521162 0 0 0 0 504 495 407 385 332 491 14 13 20 
1279039546 0 0 0 0 499 496 406 382 329 493 15 13 19 
1280690752 0 0 0 0 498 496 407 379 324 494 15 13 19 
1281556350 0 0 0 0 497 496 407 379 320 495 15 11 19 
1283207156 0 0 0 0 497 496 406 378 315 497 15 11 19 
1284073142 0 0 0 0 497 495 406 378 312 497 14 12 20 
1285685942 0 0 0 0 500 493 406 378 307 496 15 11 19 
1286551960 0 0 0 0 503 492 407 379 306 495 14 12 20 
1288204408 0 0 0 0 504 489 405 384 306 493 14 11 20 
1289069438 0 0 0 0 504 489 405 387 307 491 15 12 19 
1291588362 0 0 0 0 504 491 408 389 312 489 15 13 19 
1293358016 0 0 0 0 505 494 407 388 315 487 15 12 19 
1294105948 0 0 0 0 505 495 407 387 316 487 15 12 20 
1295876346 0 0 0 0 505 497 405 383 319 486 15 12 20 
1296583414 0 0 0 0 505 498 404 382 321 485 15 12 19 
1298390344 0 0 0 0 506 497 405 378 325 485 15 12 19 
1299098738 0 0 0 0 506 498 404 377 327 485 15 12 19 
1300869530 0 0 0 0 509 495 402 377 339 484 15 14 19 
1301617530 0 0 0 0 513 497 400 378 348 483 14 14 19 
1304096602 0 0 0 0 543 484 394 384 419 475 14 16 19 
1306023932 0 0 0 0 529 468 406 382 508 480 15 19 19 
1306614338 0 0 0 0 521 468 417 383 532 482 15 21 19 
1308543124 0 0 0 0 469 481 453 378 558 487 15 21 20 
1309133410 0 0 0 0 439 494 455 374 542 490 15 21 20 
1311060734 0 0 0 0 392 510 464 362 409 491 13 16 19 
1311612322 0 0 0 0 383 512 463 362 362 493 13 13 20 
1313539120 0 0 0 0 382 515 447 379 234 515 15 9 20 
1314128732 0 0 0 0 392 512 439 389 213 524 15 8 21 
1316645518 0 0 0 0 454 502 432 393 179 538 15 8 22 
1318730322 0 0 0 0 479 498 419 378 189 535 15 6 21 
1319161922 0 0 0 0 482 500 417 378 195 534 14 8 21 
1321246726 0 0 0 0 488 501 410 384 235 523 15 9 21 
1321639920 0 0 0 0 487 502 408 386 242 521 15 10 20 
1323724724 0 0 0 0 495 512 408 389 273 498 15 11 19 
1324157124 0 0 0 0 496 509 408 389 279 493 15 12 19 
1326243116 0 0 0 0 496 503 410 382 301 478 14 12 19 
1326676198 0 0 0 0 496 502 409 380 305 475 15 12 19 
1329154714 0 0 0 0 493 498 409 374 326 468 15 13 17 
1331397518 0 0 0 0 493 500 405 373 329 469 14 13 17 
1331673406 0 0 0 0 492 501 406 372 328 469 14 13 18 
1333916804 0 0 0 0 487 503 407 367 319 472 14 11 18 
1334192310 0 0 0 0 488 503 406 368 318 472 14 12 18 
1336434302 0 0 0 0 490 498 406 372 320 474 14 12 19 
1336670702 0 0 0 0 490 498 406 372 320 474 14 12 19 
1338912706 0 0 0 0 491 495 406 374 322 478 14 12 19 
1339188594 0 0 0 0 492 495 405 374 322 478 15 13 19 
1341705110 0 0 0 0 489 497 407 376 322 480 15 11 19 
1344104602 0 0 0 0 489 495 409 377 319 481 14 12 19 
1344300328 0 0 0 0 489 495 410 377 319 482 15 11 19 
1346581894 0 0 0 0 490 495 406 381 317 486 14 12 20 
1346778300 0 0 0 0 490 495 406 381 318 486 15 11 19 
1349098298 0 0 0 0 491 496 407 383 316 488 15 13 19 
1349294692 0 0 0 0 491 496 407 382 316 489 14 12 20 
1351616296 0 0 0 0 485 496 411 379 308 493 15 12 19 
1351812552 0 0 0 0 483 495 410 378 307 493 15 11 19 
1354212300 0 0 0 0 460 477 426 372 250 505 13 10 19 
1356728292 0 0 0 0 473 465 429 420 140 527 16 6 21 
1356846298 0 0 0 0 477 467 430 424 137 528 17 6 21 
1359245896 0 0 0 0 538 493 431 485 118 532 19 4 21 
1359403134 0 0 0 0 543 497 431 485 120 531 19 4 21 
1361725496 0 0 0 0 585 537 430 442 200 516 17 7 20 
1361843482 0 0 0 0 587 538 428 439 205 514 17 7 20 
1364243494 0 0 0 0 605 547 409 394 337 468 15 13 18 
1364361080 0 0 0 0 605 547 408 393 343 466 15 14 18 
1366761478 0 0 0 0 579 534 409 358 425 436 13 17 17 
1369240290 0 0 0 0 550 524 414 342 456 427 14 18 17 
1369437090 0 0 0 0 548 521 415 340 457 427 13 17 17 
1371759088 0 0 0 0 512 509 414 328 448 432 13 17 17 
1371955088 0 0 0 0 511 510 418 327 446 433 14 18 17 
1374275086 0 0 0 0 495 503 412 334 404 451 12 15 17 
1374471754 0 0 0 0 486 504 405 335 397 453 13 15 17 
1376792278 0 0 0 0 482 503 407 361 341 474 15 13 19 
1376989414 0 0 0 0 483 502 408 363 336 475 13 14 19 
1379270682 0 0 0 0 487 498 410 380 297 494 14 11 19 
1381790266 0 0 0 0 501 495 405 386 291 506 15 11 20 
1382144280 0 0 0 0 502 495 405 386 291 507 15 12 20 
1384308140 0 0 0 0 508 500 407 385 300 508 14 11 19 
1384662278 0 0 0 0 510 499 407 384 302 507 14 12 19 
1386786276 0 0 0 0 509 504 408 383 314 503 14 12 19 
1387180550 0 0 0 0 508 504 408 383 316 502 15 13 19 
1389301868 0 0 0 0 503 507 408 381 320 498 15 13 19 
1389694666 0 0 0 0 502 506 409 381 320 497 15 11 20 
1391816902 0 0 0 0 500 509 406 380 322 495 15 11 20 
1394336270 0 0 0 0 501 504 408 373 319 491 13 12 19 
1394809462 0 0 0 0 501 502 407 372 318 491 15 12 19 
1396816662 0 0 0 0 503 499 405 370 317 488 13 12 19 
1397327066 0 0 0 0 503 498 404 371 315 488 14 13 19 
1399333460 0 0 0 0 504 496 405 373 315 488 14 13 19 
1399844664 0 0 0 0 504 495 406 375 316 487 15 11 20 
1401851850 0 0 0 0 504 496 407 380 318 485 15 11 19 
1402363056 0 0 0 0 504 498 407 380 318 484 15 12 19 
1404330256 0 0 0 0 503 499 406 381 321 481 15 11 19 
1406848648 0 0 0 0 501 501 407 378 321 482 15 12 19 
1407517846 0 0 0 0 502 500 406 378 322 483 15 11 19 
1409367052 0 0 0 0 501 501 407 378 320 485 14 13 19 
1410036256 0 0 0 0 502 500 406 377 320 486 15 12 20 
1411885450 0 0 0 0 502 500 405 379 319 486 15 11 19 
1412554242 0 0 0 0 503 498 404 379 318 486 14 13 20 
1414364778 0 0 0 0 503 499 405 379 318 487 15 11 19 
1415074184 0 0 0 0 504 498 406 379 319 487 15 11 19 
1416884726 0 0 0 0 505 499 404 377 323 485 15 12 18 
1419402650 0 0 0 0 520 498 394 385 353 480 14 13 19 
1420229842 0 0 0 0 531 491 389 394 377 478 15 15 19 
1421919042 0 0 0 0 533 488 394 399 436 472 15 17 18 
1422744246 0 0 0 0 527 487 405 390 462 469 15 19 18 
1424396240 0 0 0 0 491 490 423 361 496 463 13 19 18 
1425261038 0 0 0 0 471 497 432 351 500 463 14 20 17 
1426912244 0 0 0 0 434 495 447 338 472 467 13 18 17 
1427739036 0 0 0 0 423 497 451 334 440 473 13 18 17 
1429431036 0 0 0 0 404 495 455 334 350 493 13 13 19 
1431909034 0 0 0 0 412 502 441 370 216 533 14 8 21 
1432933438 0 0 0 0 434 494 430 395 183 540 15 7 21 
1434429032 0 0 0 0 465 479 427 421 161 542 16 6 21 
1435412630 0 0 0 0 479 480 424 427 164 540 17 6 21 
1436947822 0 0 0 0 494 493 416 427 192 531 17 8 21 
1437931422 0 0 0 0 502 501 412 421 219 524 16 8 21 
1439425428 0 0 0 0 505 513 405 407 264 511 15 10 20 
1440447020 0 0 0 0 507 517 399 396 294 500 15 10 19 
1441941426 0 0 0 0 505 515 401 379 325 481 14 13 19 
1444458224 0 0 0 0 495 506 407 353 345 459 13 13 17 
1445599422 0 0 0 0 490 498 406 350 349 454 14 14 17 
1446975290 0 0 0 0 485 496 405 351 351 452 13 13 18 
1448117826 0 0 0 0 480 492 409 353 348 453 14 14 17 
1449455482 0 0 0 0 474 491 409 356 338 458 13 13 18 
1450638224 0 0 0 0 471 490 407 361 324 466 14 14 18 
1451976304 0 0 0 0 473 491 408 371 307 476 13 11 19 
1453117316 0 0 0 0 479 487 408 377 295 483 14 11 19 
1454493814 0 0 0 0 482 487 412 383 286 492 15 10 19 
1456973820 0 0 0 0 492 484 411 390 286 501 15 10 19 
1458272606 0 0 0 0 492 489 412 388 290 505 15 12 19 
1459492216 0 0 0 0 497 494 406 388 295 505 15 11 20 
1460791016 0 0 0 0 498 498 408 387 302 502 15 12 20 
1462011014 0 0 0 0 495 498 411 383 305 499 14 11 19 
1463307802 0 0 0 0 494 492 410 379 302 496 14 12 19 
1464487412 0 0 0 0 488 486 415 379 294 496 14 11 19 
1465825006 0 0 0 0 478 479 422 382 271 500 15 9 19 
1467005410 0 0 0 0 477 474 423 389 235 510 15 9 19 
1469521834 0 0 0 0 504 484 419 436 169 532 17 6 21 
1470977808 0 0 0 0 530 496 415 451 170 542 18 6 21 
1472001406 0 0 0 0 549 505 413 453 191 543 17 8 22 
1473495400 0 0 0 0 568 520 412 444 244 533 17 10 21 
1474518604 0 0 0 0 574 529 411 428 283 519 16 12 20 
1475973792 0 0 0 0 577 530 407 397 330 493 15 13 20 
1477036202 0 0 0 0 572 534 408 377 362 471 15 15 18 
1478493390 0 0 0 0 560 527 406 357 395 444 13 15 18 
1479555000 0 0 0 0 554 526 401 350 413 430 13 16 16 
1482032592 0 0 0 0 539 518 407 350 467 408 14 18 15 
1483646584 0 0 0 0 524 509 411 332 485 398 13 19 15 
1484550590 0 0 0 0 515 500 413 323 488 396 12 19 15 
1486163790 0 0 0 0 486 492 427 313 480 403 11 19 15 
1487068188 0 0 0 0 477 484 417 310 464 413 11 18 16 
1488681794 0 0 0 0 464 484 420 320 426 434 12 18 17 
1489585792 0 0 0 0 455 478 431 329 403 446 13 15 18 
1491160178 0 0 0 0 445 473 429 348 352 471 13 13 18 
1492064184 0 0 0 0 446 466 432 362 319 485 13 12 19 
1494582982 0 0 0 0 451 463 432 401 236 517 15 10 19 
1496353774 0 0 0 0 466 471 423 435 202 529 17 7 21 
1497100186 0 0 0 0 473 477 424 444 196 531 17 8 21 
1498871372 0 0 0 0 493 492 417 441 190 534 17 8 21 
1499579784 0 0 0 0 499 501 409 437 194 533 17 8 21 
1501348976 0 0 0 0 518 513 405 423 225 528 16 10 21 
1502095782 0 0 0 0 523 519 400 414 243 526 16 10 21 
1503865368 0 0 0 0 536 521 394 393 293 515 15 13 20 
1504612980 0 0 0 0 536 520 399 382 316 508 15 11 20 
1507130578 0 0 0 0 526 505 402 358 367 483 13 14 19 
1509018570 0 0 0 0 505 494 409 357 381 471 13 14 18 
1509608564 0 0 0 0 500 492 410 359 380 470 14 14 18 
1511535374 0 0 0 0 484 489 415 364 364 474 14 14 18 
1512124592 0 0 0 0 481 489 413 366 355 476 14 14 19 
1514052160 0 0 0 0 477 496 409 376 322 486 14 12 19 
1514642966 0 0 0 0 478 495 410 380 312 489 14 12 19 
1516532558 0 0 0 0 485 494 410 388 287 495 15 12 19 
1517122570 0 0 0 0 489 493 409 391 281 496 15 12 19 
1519641762 0 0 0 0 503 492 409 396 281 498 15 10 20 
1521686454 0 0 0 0 508 500 406 391 293 498 15 11 19 
1522158560 0 0 0 0 510 500 405 390 297 497 15 11 19 
1524203764 0 0 0 0 514 503 404 383 318 490 14 13 19 
1524635764 0 0 0 0 514 504 404 381 322 488 15 12 19 
1526720430 0 0 0 0 513 506 399 375 344 478 15 14 19 
1527154150 0 0 0 0 512 507 398 373 348 476 13 13 19 
1529239360 0 0 0 0 511 504 393 368 381 467 13 14 18 
1529672554 0 0 0 0 512 502 394 366 389 466 13 15 18 
1532151744 0 0 0 0 508 492 402 357 461 474 12 17 19 
1534395474 0 0 0 0 489 484 418 340 501 483 12 19 19 
1534670956 0 0 0 0 484 483 420 340 503 484 15 20 19 
1536912228 0 0 0 0 443 483 448 328 475 484 12 19 19 
1537187746 0 0 0 0 441 480 448 328 463 482 14 18 19 
1539431346 0 0 0 0 414 483 459 351 348 471 14 14 18 
1539667744 0 0 0 0 411 481 461 354 334 471 13 12 18 
1541949880 0 0 0 0 409 473 457 394 220 480 15 8 19 
1542186150 0 0 0 0 411 473 456 399 211 482 15 8 19 
1544704948 0 0 0 0 439 475 448 436 137 505 18 6 19 
1547104538 0 0 0 0 479 488 428 448 105 505 17 3 19 
1547301338 0 0 0 0 483 489 427 448 105 505 18 4 19 
1549622542 0 0 0 0 520 488 419 433 130 510 17 5 20 
1549818530 0 0 0 0 521 492 416 432 135 511 17 5 19 
1552137340 0 0 0 0 553 508 402 428 221 524 17 7 21 
1552333828 0 0 0 0 556 509 402 427 229 524 17 9 21 
1554615732 0 0 0 0 566 528 389 406 301 514 15 13 20 
1554812594 0 0 0 0 567 528 390 403 306 511 15 12 19 
1557211736 0 0 0 0 568 528 386 370 381 473 13 15 18 
1559730122 0 0 0 0 537 521 400 342 467 434 15 17 18 
1559848128 0 0 0 0 535 521 402 341 470 433 15 17 17 
1562246520 0 0 0 0 501 491 416 318 486 415 12 19 16 
1562404132 0 0 0 0 498 490 417 318 485 414 13 19 16 
1564764730 0 0 0 0 464 470 426 317 440 423 13 17 16 
1564882924 0 0 0 0 463 470 426 317 436 424 13 17 17 
1567242128 0 0 0 0 443 475 433 343 340 457 13 14 17 
1567360122 0 0 0 0 443 474 433 345 334 460 13 12 17 
1569760008 0 0 0 0 450 467 432 389 241 504 15 10 20 
1572278912 0 0 0 0 475 468 428 429 187 535 17 7 21 
1572476004 0 0 0 0 478 470 428 432 185 537 17 7 21 
1574795322 0 0 0 0 509 481 424 449 182 542 17 7 21 
1574992402 0 0 0 0 510 482 424 448 183 542 18 8 22 
1577272914 0 0 0 0 534 508 412 436 218 538 17 8 21 
1577508920 0 0 0 0 536 510 412 434 223 536 18 8 21 
1579790112 0 0 0 0 549 524 398 411 275 518 16 11 20 
1580025718 0 0 0 0 549 524 396 409 281 517 15 11 19 
1582307310 0 0 0 0 551 522 398 388 347 486 15 14 20 
1584785300 0 0 0 0 532 510 402 364 393 458 14 15 17 
1585139306 0 0 0 0 529 507 403 361 395 455 13 15 17 
1587303712 0 0 0 0 508 497 407 355 404 449 14 15 17 
1587657304 0 0 0 0 506 496 406 355 403 450 13 15 17 
1589819646 0 0 0 0 489 494 409 359 383 460 14 14 18 
1590173702 0 0 0 0 487 494 410 360 378 463 13 14 18 
1592336500 0 0 0 0 483 497 408 369 338 480 14 13 19 
1592690788 0 0 0 0 483 497 409 371 332 484 14 13 19 
1594814098 0 0 0 0 486 495 410 380 299 498 15 11 20 
1597330096 0 0 0 0 493 495 409 386 284 509 15 10 19 
1597842096 0 0 0 0 496 494 409 388 284 510 15 11 19 
1599847294 0 0 0 0 502 498 409 392 288 508 15 11 19 
1600359162 0 0 0 0 503 499 409 393 290 508 15 12 20 
1602365298 0 0 0 0 512 505 406 391 301 501 15 11 20 
1602876492 0 0 0 0 514 505 407 391 304 499 15 12 19 
1604843296 0 0 0 0 512 508 405 385 312 490 15 12 20 
1605393690 0 0 0 0 510 507 404 384 315 488 14 12 19 
1607361688 0 0 0 0 509 504 404 375 323 483 14 12 19 
1609879292 0 0 0 0 508 503 404 369 328 478 14 12 19 
1610548486 0 0 0 0 507 502 404 368 329 477 15 13 19 
1612358990 0 0 0 0 505 499 405 368 328 474 14 12 19 
1613106476 0 0 0 0 504 500 403 367 327 474 13 14 19 
1614876756 0 0 0 0 504 496 405 369 328 474 13 14 19 
1615939286 0 0 0 0 503 493 405 369 327 475 14 14 19 
1617392486 0 0 0 0 502 491 405 369 328 479 14 13 19 
1618454478 0 0 0 0 501 490 407 371 329 483 13 13 19 
1619908484 0 0 0 0 500 489 407 374 330 489 15 12 19 
1622387668 0 0 0 0 496 490 409 376 324 496 15 12 19 
1623566874 0 0 0 0 495 490 410 377 320 497 15 12 19 
1624902078 0 0 0 0 495 492 410 379 314 497 14 12 19 
1626082466 0 0 0 0 496 492 410 381 311 497 14 11 19 
1627420876 0 0 0 0 497 493 408 383 309 496 15 12 20 
1628600870 0 0 0 0 500 494 407 385 309 494 15 11 20 
1629900062 0 0 0 0 502 493 409 385 311 491 15 12 20 
1631080742 0 0 0 0 504 492 409 384 313 489 15 13 20 
1632418466 0 0 0 0 504 494 407 384 319 487 15 11 19 
1634935664 0 0 0 0 510 504 395 387 340 480 15 13 19 
1636233662 0 0 0 0 521 506 380 393 376 478 15 14 19 
1637452868 0 0 0 0 516 498 394 395 428 475 15 17 19 
1638749660 0 0 0 0 517 494 402 382 477 472 15 19 17 
