6765 0 0 0 0 0 0 0 0 0 0 0 0 0 
6815 0 0 0 0 0 0 0 0 0 0 0 0 0 
6865 0 0 0 0 0 0 0 0 0 0 0 0 0 
6915 0 0 0 0 0 0 0 0 0 0 0 0 0 
6965 0 0 0 0 0 0 0 0 0 0 0 0 0 
7015 0 0 0 0 0 0 0 0 0 0 0 0 0 
7065 0 0 0 0 0 0 0 0 0 0 0 0 0 
7116 0 0 0 0 0 0 0 0 0 0 0 0 0 
7166 0 0 0 0 0 0 0 0 0 0 0 0 0 
7216 0 0 0 0 0 0 0 0 0 0 0 0 0 
7266 0 0 0 0 0 0 0 0 0 0 0 0 0 
7316 0 0 0 0 0 0 0 0 0 0 0 0 0 
7366 0 0 0 0 0 0 0 0 0 0 0 0 0 
7416 0 0 0 0 0 0 0 0 0 0 0 0 0 
7466 0 0 0 0 0 0 0 0 0 0 0 0 0 
7516 0 0 0 0 0 0 0 0 0 0 0 0 0 
7567 0 0 0 0 0 0 0 0 0 0 0 0 0 
7617 0 0 0 0 0 0 0 0 0 0 0 0 0 
7667 0 0 0 0 0 0 0 0 0 0 0 0 0 
7717 0 0 0 0 0 0 0 0 0 0 0 0 0 
7767 0 0 0 0 0 0 0 0 0 0 0 0 0 
7817 0 0 0 0 0 0 0 0 0 0 0 0 0 
7867 0 0 0 0 0 0 0 0 0 0 0 0 0 
7917 0 0 0 0 0 0 0 0 0 0 0 0 0 
7967 0 0 0 0 0 0 0 0 0 0 0 0 0 
8017 0 0 0 0 0 0 0 0 0 0 0 0 0 
8071 0 0 0 0 0 0 0 0 0 0 0 0 0 
8122 0 0 0 0 0 0 0 0 0 0 0 0 0 
8172 0 0 0 0 0 0 0 0 0 0 0 0 0 
8222 0 0 0 0 0 0 0 0 0 0 0 0 0 
8272 0 0 0 0 0 0 0 0 0 0 0 0 0 
8322 0 0 0 0 0 0 0 0 0 0 0 0 0 
8372 0 0 0 0 0 0 0 0 0 0 0 0 0 
8422 0 0 0 0 0 0 0 0 0 0 0 0 0 
8472 0 0 0 0 0 0 0 0 0 0 0 0 0 
8522 0 0 0 0 0 0 0 0 0 0 0 0 0 
8572 0 0 0 0 0 0 0 0 0 0 0 0 0 
8627 0 0 0 0 0 0 0 0 0 0 0 0 0 
8677 0 0 0 0 0 0 0 0 0 0 0 0 0 
8727 0 0 0 0 0 0 0 0 0 0 0 0 0 
8777 0 0 0 0 0 0 0 0 0 0 0 0 0 
8827 0 0 0 0 0 0 0 0 0 0 0 0 0 
8878 0 0 0 0 0 0 0 0 0 0 0 0 0 
8928 0 0 0 0 0 0 0 0 0 0 0 0 0 
8978 0 0 0 0 0 0 0 0 0 0 0 0 0 
9028 0 0 0 0 0 0 0 0 0 0 0 0 0 
9078 0 0 0 0 0 0 0 0 0 0 0 0 0 
9128 0 0 0 0 0 0 0 0 0 0 0 0 0 
9178 0 0 0 0 0 0 0 0 0 0 0 0 0 
9228 0 0 0 0 0 0 0 0 0 0 0 0 0 
9278 0 0 0 0 0 0 0 0 0 0 0 0 0 
9328 0 0 0 0 0 0 0 0 0 0 0 0 0 
9379 0 0 0 0 0 0 0 0 0 0 0 0 0 
9429 0 0 0 0 0 0 0 0 0 0 0 0 0 
9479 0 0 0 0 0 0 0 0 0 0 0 0 0 
9529 0 0 0 0 0 0 0 0 0 0 0 0 0 
9579 0 0 0 0 0 0 0 0 0 0 0 0 0 
9629 0 0 0 0 0 0 0 0 0 0 0 0 0 
9679 0 0 0 0 0 0 0 0 0 0 0 0 0 
9729 0 0 0 0 0 0 0 0 0 0 0 0 0 
9779 0 0 0 0 0 0 0 0 0 0 0 0 0 
9829 0 0 0 0 0 0 0 0 0 0 0 0 0 
9879 0 0 0 0 0 0 0 0 0 0 0 0 0 
9930 0 0 0 0 0 0 0 0 0 0 0 0 0 
9980 0 0 0 0 0 0 0 0 0 0 0 0 0 
10030 0 0 0 0 0 0 0 0 0 0 0 0 0 
10080 0 0 0 0 0 0 0 0 0 0 0 0 0 
10130 0 0 0 0 0 0 0 0 0 0 0 0 0 
10180 0 0 0 0 0 0 0 0 0 0 0 0 0 
10230 0 0 0 0 0 0 0 0 0 0 0 0 0 
10280 0 0 0 0 0 0 0 0 0 0 0 0 0 
10330 0 0 0 0 0 0 0 0 0 0 0 0 0 
10380 0 0 0 0 0 0 0 0 0 0 0 0 0 
10430 0 0 0 0 0 0 0 0 0 0 0 0 0 
10481 0 0 0 0 0 0 0 0 0 0 0 0 0 
10531 0 0 0 0 0 0 0 0 0 0 0 0 0 
10581 0 0 0 0 0 0 0 0 0 0 0 0 0 
10631 0 0 0 0 0 0 0 0 0 0 0 0 0 
10681 0 0 0 0 0 0 0 0 0 0 0 0 0 
10731 0 0 0 0 0 0 0 0 0 0 0 0 0 
10781 0 0 0 0 0 0 0 0 0 0 0 0 0 
10831 0 0 0 0 0 0 0 0 0 0 0 0 0 
10881 0 0 0 0 0 0 0 0 0 0 0 0 0 
10931 0 0 0 0 0 0 0 0 0 0 0 0 0 
10981 0 0 0 0 0 0 0 0 0 0 0 0 0 
11031 0 0 0 0 0 0 0 0 0 0 0 0 0 
11082 0 0 0 0 0 0 0 0 0 0 0 0 0 
11132 0 0 0 0 0 0 0 0 0 0 0 0 0 
11182 0 0 0 0 0 0 0 0 0 0 0 0 0 
11232 0 0 0 0 0 0 0 0 0 0 0 0 0 
11282 0 0 0 0 0 0 0 0 0 0 0 0 0 
11332 0 0 0 0 0 0 0 0 0 0 0 0 0 
11382 0 0 0 0 0 0 0 0 0 0 0 0 0 
11432 0 0 0 0 0 0 0 0 0 0 0 0 0 
11482 0 0 0 0 0 0 0 0 0 0 0 0 0 
11532 0 0 0 0 0 0 0 0 0 0 0 0 0 
11582 0 0 0 0 0 0 0 0 0 0 0 0 0 
11632 0 0 0 0 0 0 0 0 0 0 0 0 0 
11683 0 0 0 0 0 0 0 0 0 0 0 0 0 
11733 0 0 0 0 0 0 0 0 0 0 0 0 0 
11783 0 0 0 0 0 0 0 0 0 0 0 0 0 
11833 0 0 0 0 0 0 0 0 0 0 0 0 0 
11883 0 0 0 0 0 0 0 0 0 0 0 0 0 
11933 0 0 0 0 0 0 0 0 0 0 0 0 0 
11983 0 0 0 0 0 0 0 0 0 0 0 0 0 
12033 0 0 0 0 0 0 0 0 0 0 0 0 0 
12083 0 0 0 0 0 0 0 0 0 0 0 0 0 
12133 0 0 0 0 0 0 0 0 0 0 0 0 0 
