-1308622847 16499 -406 511 -1536 255 256 0 0 0 0 0 0 0 -256 -8690 26091 2410 2304 0 256 0 256 0 0 0 0 0 0 -256 -8178 -32381 1130 2560 -512 511 256 0 0 0 0 0 0 0 -256 -26098 -22626 618 3328 -256 511 
256 0 0 0 0 0 0 -256 -11250 -22320 -918 1023 512 256 0 0 0 0 0 0 0 0 -256 -5106 -19967 -662 -4865 2815 256 0 0 0 0 0 0 0 0 -256 -30194 -12749 2666 2048 -2560 511 256 256 0 0 0 0 0 
-16777216 22030 -10082 618 768 -768 511 256 0 0 0 0 0 0 0 -256 -25074 -3012 2410 -2560 -1025 255 256 256 0 0 0 0 0 0 -256 16910 9362 2155 2048 -1024 511 0 256 0 0 0 0 0 0 -256 -3058 9673 2923 512 -1280 
255 0 0 0 0 0 0 0 -256 -32754 19224 2923 -1792 -1793 511 0 0 0 0 0 0 0 0 -256 15886 26993 1387 2304 -1792 511 256 256 0 0 0 0 0 0 -256 6670 27301 3179 512 -2304 511 256 0 0 0 0 0 
0 -256 -9714 29019 -149 -2817 1279 256 0 0 0 0 0 0 0 0 -256 -17394 -28832 1899 0 -2560 511 256 256 0 0 0 0 0 0 -256 -28146 -26798 363 -512 2303 256 512 0 0 0 0 0 256 0 -256 24078 -18965 619 -2816 
16780031 256 256 0 0 0 0 0 0 -256 22542 -16915 -1685 767 1280 256 512 0 0 0 0 0 0 0 -256 25102 -7215 2411 2048 -1024 255 256 512 0 0 0 0 0 256 -256 21518 1119 -1684 1791 512 256 0 256 0 0 0 
0 0 -256 14350 2532 3180 1280 -3072 511 0 512 0 0 0 0 0 256 -256 -32754 11027 2412 -2304 -1793 511 0 256 0 0 0 0 0 0 -256 -17394 12419 1388 -1024 1535 256 256 256 0 0 0 0 0 0 -256 5134 20779 2924 
-150999040 255 0 0 0 0 0 0 0 0 -256 -11762 22172 876 -1792 511 0 256 0 0 0 0 0 0 0 -256 24590 30499 2156 0 2048 0 0 0 0 0 0 0 0 0 -256 -31218 32052 -1940 -257 -1 255 0 0 0 0 
0 0 0 -256 26126 -23773 876 -512 -1025 255 -256 255 0 0 0 0 0 0 -256 -31730 -14895 876 -512 -1025 255 256 256 0 0 0 0 0 0 -256 16398 -13965 3692 768 -1024 511 256 256 0 0 0 0 0 0 -256 -10226 5216 
-268434067 
33554688 256 0 0 0 0 0 0 -256 25614 5677 1133 3584 -256 511 512 512 0 0 0 256 256 0 -256 24078 15014 -2707 1535 1280 256 256 256 0 0 0 0 0 0 -256 9742 24946 -659 2047 -3072 511 0 256 0 0 0 0 
0 -256 3598 25407 877 -2304 511 256 0 256 0 0 0 0 0 0 -256 -6130 -30473 3181 -2048 1791 256 0 256 0 0 0 0 0 0 -256 -5106 -20796 2157 -256 -769 511 0 256 0 0 0 0 0 0 -256 16398 -20337 2925 -2560 
16780543 256 0 0 0 0 0 0 0 -256 20494 -10984 -147 3071 256 256 256 256 0 0 0 0 0 0 -256 24590 -10370 -1171 767 3584 256 0 256 0 0 0 0 0 0 -256 -9714 -1149 -1683 3327 0 256 0 256 0 0 0 
0 0 -256 28174 -531 -147 -257 -513 255 256 256 0 0 0 0 0 0 -256 8206 8674 622 -1280 255 0 256 0 0 0 0 0 0 0 -256 10766 9138 1646 256 -2304 255 0 256 0 0 0 0 0 0 -256 -15346 18364 3950 
117439232 0 256 256 0 0 0 0 0 0 -256 -13810 28203 2414 -2560 -769 255 512 0 0 0 0 0 0 0 -256 -7154 29431 -1682 511 -256 255 256 256 0 0 0 0 0 0 -256 -8690 -27469 -1426 511 2048 256 256 0 0 0 
0 0 0 -256 -16882 -26372 -402 1791 0 256 256 0 0 0 0 0 0 0 -256 -23026 -17836 -1938 4095 -256 511 0 0 0 0 0 0 0 0 -256 5134 -16587 878 512 -1024 511 256 0 0 0 0 0 0 0 -256 -24050 -7911 
67109230 -1280 511 256 0 0 0 0 0 0 0 -256 16910 -6822 3182 1024 512 256 256 0 0 0 0 0 0 0 -256 -21490 11603 3951 -2304 -1537 255 512 0 0 0 0 0 0 0 -256 -6642 11909 1391 512 768 256 256 0 0 
0 0 0 0 -256 23566 13308 -1425 4351 -1536 511 256 0 0 0 0 0 0 0 -256 14862 21455 -1937 -1281 511 256 256 0 0 0 0 0 0 0 -256 14862 23180 111 2304 -1536 511 256 256 0 0 0 0 0 0 -256 24078 
-76580301 1791 -768 255 256 256 0 0 0 0 0 0 -256 -498 -32538 3183 1536 1280 0 256 0 0 0 0 0 0 0 -256 9230 -24545 -145 2303 -1536 255 256 256 0 0 0 0 0 0 -256 27150 -22839 3183 -2560 255 0 256 0 
0 0 0 0 0 -256 -20978 -14710 3951 2048 256 0 256 0 0 0 0 0 0 0 -256 5134 -4962 7023 768 768 256 -768 -1793 255 0 0 0 -768 -1793 -1 24078 -2618 2415 -4096 767 256 -768 -2817 255 0 0 0 -1024 -2561 -1 
321360398 -5776 4351 768 768 -256 -4865 255 0 0 768 0 -4864 -1 29198 7100 3440 -4096 -1 1023 0 -5632 255 0 0 768 0 -5888 -1 -15858 14632 -1424 -1793 -1 1791 1024 -4608 255 0 0 1280 768 -4608 -1 -28658 16978 2416 2304 -512 2047 768 
16773376 0 0 1280 768 -3840 -1 4110 24455 5744 2048 3840 1024 1024 -2304 255 0 0 1280 768 -2560 -1 23566 26661 624 1792 -3328 1279 1280 -1792 255 0 0 1280 1024 -1792 -1 14862 -31253 3952 -768 767 512 768 512 0 0 0 512 768 256 
1141833472 -21531 -400 -3585 3327 0 256 2560 0 0 0 0 0 2304 -256 20494 -18725 368 3584 1536 -256 255 3328 0 0 0 0 0 3072 -256 -27122 -11718 1904 3584 -1280 -257 -1 4351 0 0 0 -768 255 3840 -256 -23538 -8905 1904 -3328 255 -512 
301989631 0 0 0 -512 255 4864 -256 -14834 -2013 624 -7168 -3329 -513 -513 4607 0 0 0 -768 -513 4863 -256 -11250 969 -655 -3073 -257 -513 -513 4607 0 0 0 -768 -513 4863 -256 4110 7869 1905 2048 1024 -768 -513 4607 0 0 0 -512 -513 
-16772609 18446 10675 -3727 2303 -512 -1 -769 4095 0 0 0 0 -768 4095 -256 -29682 17681 625 0 0 0 -768 3327 0 0 0 0 -768 3071 -256 -31730 27481 1393 4864 1024 256 -256 1791 0 0 0 0 0 1280 -256 -17906 30923 2161 4608 1536 
256 768 0 0 0 0 0 768 -256 -32242 -28355 8305 -2560 -257 511 -256 -257 255 0 0 0 0 -256 -1 8718 -24908 3185 -2048 -257 511 0 -1024 255 0 0 0 0 -1024 -1 -32242 -18612 1905 5632 -256 511 256 -1792 255 0 0 0 
-117440512 -1 5134 -15028 4209 2560 -1024 511 512 -2304 255 0 0 0 256 -2048 -1 3086 -8803 -655 -769 -3585 767 512 -2560 255 0 0 256 512 -2560 -1 8718 -5239 2929 0 1280 512 768 -3072 255 0 0 0 1024 -2816 -1 30222 954 370 768 
50331392 1280 -2816 255 0 0 256 1024 -2816 -1 -32754 10884 -2446 -1537 -2817 1023 1024 -2304 255 0 0 768 1024 -2560 -1 -5106 14918 -1678 3327 -1280 767 1024 -2048 255 0 0 512 1024 -2048 -1 15886 20528 2930 256 0 512 768 -1280 255 0 0 
50332160 -1280 -1 19470 24592 1138 768 -256 767 768 -1024 255 0 0 512 768 -1280 -1 14350 30364 -1678 255 -1024 767 512 -256 255 0 0 512 512 0 -256 10766 -31122 -398 2303 0 512 256 256 0 0 0 512 0 0 -256 -31218 -25377 -1678 
83886591 256 -256 1023 0 0 0 0 0 768 -256 -30706 -21313 -1934 255 1280 256 -256 1535 0 0 0 0 0 1024 -256 -21490 -15535 2674 -2816 1791 0 -512 2047 0 0 0 0 -256 1791 -256 -28658 -5863 882 2560 768 -256 -257 2303 0 0 
0 0 2048 -256 30222 -1015 -654 3327 -3072 -1 -257 2559 0 0 0 0 0 2048 -256 32270 3973 -653 767 2304 -256 -257 2303 0 0 0 0 0 2048 -256 -2546 8660 -653 -769 1023 -256 -1 2047 0 0 0 0 0 1536 -256 2574 13800 
184551539 -2816 -1 255 1024 0 0 0 0 0 1280 -256 -13810 18472 1139 5888 1792 -256 255 1280 0 0 0 0 0 1024 -256 -13298 23512 -1677 2815 2560 0 0 768 0 0 0 0 0 768 -256 -28658 28326 -1421 -1537 -513 255 256 256 0 
0 0 0 0 -256 -32754 -32199 371 -3072 3071 0 512 -768 255 0 0 0 0 -768 -1 -32754 -22387 2675 4608 -1280 255 512 -1024 255 0 0 0 256 -1024 -1 -11250 -17092 -1933 -769 -257 255 512 -1024 255 0 0 0 0 -1024 -1 -26098 
-42742043 255 2304 0 512 -1024 255 0 0 0 256 -1024 -1 -26610 -7271 -1421 -1281 -769 511 512 -1280 255 0 0 0 256 -1024 -1 -3570 -2739 -2189 -1537 1791 0 256 -1280 255 0 0 0 256 -1024 -1 6158 2573 1396 -256 -1281 511 256 -768 
255 0 0 256 -768 -1 32270 7090 -908 1791 256 256 256 -512 255 0 0 0 256 -512 -1 10766 12406 2932 2816 -1536 511 256 -256 255 0 0 256 0 0 -256 -7666 16774 3956 1536 3072 256 256 256 0 0 0 256 0 0 -256 
1744887822 2932 1024 1024 512 256 768 0 0 0 0 0 1024 -256 9230 32281 1396 -3072 1023 256 0 1024 0 0 0 0 0 1024 -256 29710 -29210 884 4608 -1792 511 0 1280 0 0 0 256 0 1024 -256 22542 -23391 -908 -769 -2817 511 -256 
1791 0 0 0 0 1024 -256 -13810 -19301 -908 -2817 -1 511 -256 1279 0 0 0 0 0 1024 -256 8206 -13505 -2956 -2305 1535 0 0 768 0 0 0 0 0 768 -256 11790 -9616 372 -5120 -1 255 -256 767 0 0 0 0 0 512 
-1374748928 -3854 -2188 1535 -1024 -1 255 512 0 0 0 0 0 256 -256 -8178 225 373 3584 0 -256 255 512 0 0 0 0 0 0 -256 21518 9925 -651 -1025 -2817 255 0 256 0 0 0 0 0 0 -256 -28146 16332 5493 1280 2048 256 
-33554432 255 0 0 0 0 -512 -1 6158 19770 373 256 1792 256 256 -768 255 0 0 0 0 -768 -1 17934 26036 3957 1280 -2304 767 256 -512 255 0 0 0 0 -512 -1 -5618 29495 3701 256 512 256 256 -512 255 0 0 0 0 
-512 526 -29655 -651 1535 -1536 767 512 -768 255 0 0 256 256 -768 -1 21518 -26206 2933 2816 -4608 511 768 -256 255 0 0 0 512 0 -256 -13810 -19798 -907 1535 -1024 511 512 0 0 0 0 0 256 0 -256 -19442 -16337 3701 1280 -1280 
33554943 0 0 0 0 0 256 0 -256 -22514 -6575 885 2816 -2304 255 256 512 0 0 0 0 0 256 -256 -7154 328 1910 512 1024 -256 511 512 0 0 0 0 0 512 -256 2574 3284 -2186 -2561 2047 0 256 768 0 0 0 0 
50331648 -256 -22514 10174 5750 3328 -2816 255 0 1280 0 0 0 0 0 1024 -256 10766 19877 1910 -256 -1 255 0 768 0 0 0 0 0 1024 -256 -27122 20185 -3210 -1793 -769 255 0 512 0 0 0 0 0 512 -256 -19954 22847 3446 0 
16774912 0 768 0 0 0 0 0 768 -256 -8690 29705 -3210 -3073 2559 0 -256 -1 255 0 0 0 0 0 -256 -22002 32528 1398 768 -3072 511 -256 767 0 0 0 0 0 256 -256 -8690 -15631 -1674 -3073 -513 511 256 -768 255 0 0 
0 -512 -1 6158 -13449 2678 1792 2048 256 256 -512 255 0 0 0 0 -512 -1 11790 -12985 1910 3072 -1536 511 256 -512 255 0 0 256 0 -512 -1 -14834 -5945 2422 2816 1280 256 512 -512 255 0 0 0 0 -512 -1 6670 3951 4727 
150993664 0 512 -256 255 0 0 0 256 0 -256 -13810 6130 -905 -1793 767 0 256 -256 255 0 0 0 0 0 -256 10766 6590 -905 -1537 1279 0 256 -256 255 0 0 0 0 -256 -1 -16882 13639 3191 -4608 -2049 -257 -1 -4097 255 0 
-16777216 -1 -3585 -1 14 15987 -2441 -257 511 -256 -1 -4353 255 0 0 0 0 -4608 -1 15886 25868 1399 4864 -512 1279 256 -5376 255 0 0 1024 0 -5376 -1 -2546 -31675 -3465 511 -768 1535 768 -3328 255 0 0 1024 768 -3328 -1 -9202 -29978 
16781431 -256 1279 768 -3328 255 0 0 1280 768 -3328 -1 15886 -20253 3447 4096 -1024 1279 768 -512 255 0 0 1024 768 -512 -1 14862 -19793 5751 3328 -1536 1023 768 -256 255 0 0 768 768 -256 -1 23054 -12078 1911 1024 -512 511 512 1792 0 
0 0 512 1536 -256 -1522 -10366 2423 768 -256 255 256 2304 0 0 0 0 256 2304 -256 27662 -2201 3959 3584 1536 -256 255 4096 0 0 0 0 0 4352 -256 -20466 -650 1143 1536 -2816 -1 255 3584 0 0 0 0 0 3840 -256 29198 
24650749 2560 4864 -512 255 5632 0 0 0 0 0 5888 -256 -30194 17841 -1160 -2305 -2817 -1 -1 5119 0 0 0 0 0 4864 -256 5646 18929 -648 -257 -6145 -1 -1 5375 0 0 0 0 0 4864 -256 7694 27718 888 -1024 2303 0 -512 4351 
0 0 0 0 4096 -256 3598 28802 -3208 -3841 -6657 -1 -1 4863 0 0 0 0 0 4608 -256 4622 -28010 2424 -4352 1535 0 -512 3327 0 0 0 0 -256 3071 -256 24078 -26925 632 0 -4096 -257 -257 2815 0 0 0 0 -256 2815 -256 
-1192422898 3960 -2816 8703 256 -512 1535 0 0 0 0 -256 1535 -256 8206 -17268 120 -1280 767 0 -256 1023 0 0 0 0 -256 1023 -256 3598 -7457 4728 2048 0 256 0 -768 255 0 0 0 0 -768 -1 -6642 1889 -135 1535 -256 767 768 
16774144 0 0 768 512 -2816 -1 -12786 2350 4473 -512 -769 767 512 -3072 255 0 0 256 512 -2816 -1 -28146 11719 633 -768 1279 512 1280 -3584 255 0 0 512 1024 -3840 -1 -1522 12178 377 3840 1792 768 1280 -3328 255 0 0 768 1024 -3840 
235864063 21522 -3463 -1793 -2305 1023 1280 -4096 255 0 0 768 1024 -3840 -1 4110 21982 -647 -513 1279 512 1536 -4352 255 0 0 512 1024 -4352 -1 -23538 31258 377 768 -3840 1023 1536 -3584 255 0 0 768 1280 -3584 -1 14350 31721 377 -4352 255 768 
-234879488 255 0 0 768 1280 -3584 -1 15374 -24037 3449 1024 -1024 1023 1024 -2048 255 0 0 768 1280 -2048 -1 26638 -14229 -2183 1791 4096 768 512 -768 255 0 0 768 512 -768 -1 -8178 -13922 -2951 2815 2816 512 256 -1024 255 0 0 512 512 
-768 -16882 -4425 633 -512 2303 256 -256 1535 0 0 0 0 0 1024 -256 -30706 -4117 1913 512 3072 256 -256 1535 0 0 0 0 0 1024 -256 31758 5419 -1158 1023 -768 -257 -257 2559 0 0 0 0 -256 2559 -256 17934 5727 -646 2047 -512 
-16777473 2815 0 0 0 0 -256 2559 -256 -11250 15201 -2182 -1537 -3073 -513 -513 3583 0 0 0 -768 -513 3327 -256 8206 15508 378 -768 -1025 -257 -513 
0 0 -512 -513 3583 -256 29198 24869 -1158 -4097 7423 -512 -257 3327 0 0 0 -512 -257 3327 -256 12302 -30823 -3974 255 1280 -512 -1 
0 0 0 -256 3327 -256 -12274 -30058 2682 1536 5376 -256 -257 3327 0 0 0 0 -256 3327 -256 7694 -20387 -3718 255 -2304 255 -256 2303 0 0 0 0 0 2048 -256 24078 -20081 -1670 255 -3328 255 0 1792 0 0 0 0 0 1792 -256 
-733248498 2682 -3328 1023 0 0 512 0 0 0 0 0 512 -256 526 -10565 -1414 1023 256 256 0 256 0 0 0 0 0 0 -256 24590 -1451 1658 3072 256 256 512 -768 255 0 0 0 0 -768 -1 30734 -678 1146 768 1536 256 256 
16776448 0 0 0 0 -768 -1 6158 8313 635 -1792 5631 256 768 -2048 255 0 0 0 1024 -2048 -1 27662 18133 -3205 4095 2048 512 768 -3072 255 0 0 256 768 -3072 -1 -7154 19370 2939 768 -2304 767 1024 -2560 255 0 0 256 768 -2560 
1812922367 27897 -901 2047 1280 512 1024 -2560 255 0 0 256 768 -2560 -1 -13298 29281 -3205 -3073 -3841 767 1024 -2560 255 0 0 256 1024 -2560 -1 20494 -27717 1147 -4864 2815 768 768 -2048 255 0 0 512 768 -2048 -1 28686 -26464 -2437 -4097 -1281 767 
-150994176 255 0 0 512 768 -2304 -1 15886 -18006 -1413 -1 -257 1023 512 -1280 255 0 0 768 512 -1280 -1 14350 -16756 -133 4095 256 768 256 -512 255 0 0 768 0 -512 -1 -6130 -8118 2427 -1792 5375 512 256 512 0 0 0 512 0 
-16776448 -23538 1617 -132 -2049 -257 511 -256 1279 0 0 0 0 -256 1535 -256 4110 3327 124 1024 0 256 -512 2047 0 0 0 256 -256 1791 -256 -11762 11359 2172 -1536 -2305 255 -512 2559 0 0 0 0 -512 2559 -256 10254 13230 2940 -256 767 
-16777472 2559 0 0 0 0 -512 2559 -256 -27122 21178 -388 4863 2048 -256 -257 3071 0 0 0 0 -512 3071 -256 -32754 23039 -2436 767 768 0 -768 2303 0 0 0 0 -768 2303 -256 2574 32702 1404 -3840 1791 0 -512 2815 0 0 0 0 
201326336 -256 17422 -32528 124 5632 3584 0 -256 2815 0 0 0 0 -256 3071 -256 17934 -24817 3452 6656 2048 0 -256 2559 0 0 0 0 0 2304 -256 23054 -14927 -3204 -2561 -1025 255 -256 511 0 0 0 0 0 0 -256 32270 -12578 -644 -1281 
1535 -256 767 0 0 0 0 0 256 -256 29710 -5211 1404 4352 3840 256 0 -256 255 0 0 0 0 -512 -1 -10226 -2888 124 -4608 -1793 255 0 -1024 255 0 0 0 0 -1024 -1 -32242 4628 -2435 767 -1280 255 256 -1792 255 0 0 
16777216 -1024 -1 -2546 6965 3709 0 1024 256 256 -1536 255 0 0 0 0 -1280 -1 14862 14472 2685 -1280 -2305 511 512 -1792 255 0 0 0 256 -1792 -1 -30194 16842 -1923 -1281 767 256 512 -2048 255 0 0 0 768 -2048 -1 17934 24227 1149 
134215680 512 768 -1536 255 0 0 0 768 -1536 -1 -17394 -31627 1661 -2560 767 512 512 -1280 255 0 0 256 256 -1280 -1 -27122 -28655 -3971 7167 -1280 767 512 -1024 255 0 0 768 512 -1024 -1 -31218 -21736 -1411 -769 255 512 256 -512 255 0 
33554432 0 -512 -1 7694 -18903 893 1536 4096 768 256 -512 255 0 0 768 0 -256 -1 -30194 -12013 -131 -769 767 512 256 512 0 0 0 256 0 512 -256 2062 -9031 -387 511 -768 511 0 768 0 0 0 0 0 768 -256 19982 -2124 
-134218115 -1793 511 -256 1279 0 0 0 0 0 1024 -256 8206 822 3454 -1024 767 0 -256 1535 0 0 0 0 0 1024 -256 11790 7586 -642 1279 768 0 -256 1791 0 0 0 0 0 1280 -256 -5106 17329 638 2048 1024 0 -256 1791 0 
0 0 0 1280 -256 7182 20897 382 2816 -1280 255 -256 2047 0 0 0 0 0 1280 -256 9230 27159 5502 0 -2304 255 -256 1791 0 0 0 0 0 1280 -256 17934 30619 894 0 -4096 255 -256 1535 0 0 0 0 0 1280 -256 -4082 
108957886 3584 3328 0 -256 1023 0 0 0 0 0 768 -256 -25074 -25052 1662 2304 -2560 255 0 768 0 0 0 0 0 768 -256 13838 -15286 4734 256 -2816 511 0 -768 255 0 0 0 0 -512 -1 -22002 -9015 1406 -2560 -1 511 256 -512 
255 0 0 0 -256 -1 -15346 840 -897 3071 -2816 511 512 -1536 255 0 0 0 256 -1024 -1 -30706 4909 -129 -1 -257 511 512 -1536 255 0 0 0 256 -1024 -1 -6130 10518 383 1792 5376 512 512 -1280 255 0 0 0 256 -1280 -1 
719575054 3455 3328 -768 511 512 -1024 255 0 0 256 256 -1024 -1 24590 14731 383 5120 4096 512 512 -1280 255 0 0 0 256 -1280 -1 1550 20372 -385 -257 511 256 512 -768 255 0 0 256 256 -768 -1 9742 24425 -2177 -1 1535 256 768 
16776704 0 0 0 768 -512 -1 -14322 30179 127 2048 -4352 511 768 -768 255 0 0 0 768 -1024 -1 21518 -31294 -1921 1279 -3072 511 512 0 0 0 0 0 256 0 -256 5646 -25511 3455 512 2304 256 256 512 0 0 0 0 0 0 
-1005650176 -15857 2175 -1792 -1793 255 0 1280 0 0 0 0 0 1024 -256 -23026 -11048 -897 -2817 -1 255 0 1024 0 0 0 0 0 1024 -256 -16882 -6046 1919 0 -1792 255 0 1280 0 0 0 0 0 1024 -256 14862 -1346 -2177 3327 2304 0 
100663040 0 0 0 0 0 1024 -256 -1010 3785 -3328 2303 -2048 255 -256 1279 0 0 0 0 0 1024 -256 -13298 8443 -2048 1791 1024 0 -256 1535 0 0 0 0 0 1024 -256 23566 13595 -768 -3585 -1537 255 -256 1023 0 0 0 0 0 
-16776448 -25074 18265 512 -4352 -769 255 -256 1023 0 0 0 0 0 768 -256 29710 23398 2560 3072 512 256 -256 1023 0 0 0 0 0 768 -256 -7666 -32465 -3328 4607 -256 511 0 0 0 0 0 0 0 0 -256 2574 -27022 -2048 -4865 2815 
256 -512 255 0 0 0 0 -256 -1 6670 -22658 512 -2304 -1 255 256 -512 255 0 0 0 0 -512 -1 6158 -17208 3328 -256 1023 0 256 -512 255 0 0 0 0 -512 -1 24078 -12877 1536 256 -256 511 256 -768 255 0 0 0 
-50331392 -1 -5106 -7451 2304 2048 -2560 511 512 -1024 255 0 0 0 256 -1024 -1 -10738 -3065 3584 256 -1536 511 512 -1024 255 0 0 0 256 -1024 -1 -11762 2396 2305 1280 -2304 255 768 -768 255 0 0 0 768 -768 -1 3086 6763 1025 -1024 
33550847 512 -512 255 0 0 0 512 -512 -1 30734 16601 1537 5376 -1792 511 768 0 0 0 0 0 768 0 -256 22542 22548 -1791 767 768 256 256 256 0 0 0 0 0 0 -256 -6642 32224 1281 -3072 1791 0 0 512 0 0 0 
0 512 -256 -20466 32532 1793 -2560 255 0 0 512 0 0 0 0 0 512 -256 -29682 -29421 -2047 3071 0 256 0 768 0 0 0 0 0 768 -256 -26098 -23357 5633 -3072 1535 0 -256 1279 0 0 0 0 0 1024 -256 6670 -19619 2561 
-134221056 255 0 768 0 0 0 0 0 1024 -256 10766 -13680 2561 2304 -2304 511 0 768 0 0 0 0 0 768 -256 19982 -9779 6657 2048 -1536 255 0 1024 0 0 0 0 0 1024 -256 -6642 -87 513 0 0 0 0 512 0 0 
0 0 512 -256 -6642 6663 2306 2816 0 256 0 512 0 0 0 0 0 0 -256 11790 9627 -2046 -4097 2047 256 -256 -1 255 0 0 0 0 0 -256 -4594 16352 1282 256 512 256 0 -256 255 0 0 0 0 0 -256 1550 19456 
268434434 -3328 511 0 -512 255 0 0 0 0 -768 -1 15374 29223 -2558 1535 -512 511 0 -1024 255 0 0 0 0 -1024 -1 12814 29684 1026 1024 -3584 255 0 -768 255 0 0 0 0 -768 -1 -24050 -29574 770 -1280 -2049 255 256 -1024 255 
0 0 0 -768 -1 -20466 -26440 514 3328 -1280 511 256 -768 255 0 0 0 0 -768 -1 32270 -16682 1026 -2304 -257 511 256 -768 255 0 0 0 256 -768 -1 -16882 -9326 770 -3072 1791 256 256 -512 255 0 0 0 0 -512 -1 -17394 
33744214 1280 -2816 511 256 -256 255 0 0 0 0 -512 -1 -4594 403 1283 -4864 2559 256 256 -256 255 0 0 0 0 0 -256 31246 10218 -1533 1279 -1792 255 256 512 0 0 0 0 0 256 -256 23054 12740 2051 -512 -2049 255 0 512 
0 0 0 0 512 -256 -17906 13049 5123 -3584 2047 0 0 512 0 0 0 0 0 256 -256 -5106 19955 -3325 -1025 -257 255 0 768 0 0 0 0 0 768 -256 -6130 22466 2563 256 256 0 0 768 0 0 0 0 0 768 -256 
2119557134 -253 -769 -769 -1 255 768 0 0 0 0 0 768 -256 -27634 -25340 8707 2048 0 -256 511 768 0 0 0 0 0 1024 -256 -30706 -23465 -1021 -2049 1535 0 0 512 0 0 0 0 0 512 -256 15374 -13764 2051 -1024 3327 0 0 
256 0 0 0 0 0 -256 -5106 -13306 -2301 -5633 1279 0 0 0 0 0 0 0 0 0 -256 -15858 -5823 -2045 1279 256 256 0 -256 255 0 0 0 0 0 -256 1038 -3952 -2557 -3585 -1 511 256 -256 255 0 0 0 0 0 
-1341194496 3913 1028 -4096 -513 511 256 -512 255 0 0 0 0 -768 -1 -32754 5921 -508 -2561 -1793 255 256 -768 255 0 0 0 0 -512 -1 -4594 15644 2564 -2560 -1 511 256 -512 255 0 0 0 256 -512 -1 16398 24127 772 -768 -2305 511 
-50331136 255 0 0 0 256 -768 -1 -25586 25524 1540 -3072 1535 256 256 -768 255 0 0 0 0 -768 -1 5134 -31726 260 -4096 511 256 512 -512 255 0 0 0 256 -512 -1 20494 28530 29287 28001 29216 29797 29301 8302 24950 30060 14949 12320 12408 
808464432 12336 8240 12328 3369 20490 28530 29287 28001 25888 25976 30051 26996 28271 29728 28527 14955 13856 13617 12592 29549 2573 2573 15933 