1376494 1 2 3 4 5 6 7 8 9 10 11 12 13 
1376544 1 2 3 4 5 6 7 8 9 10 11 12 13 
1376594 1 2 3 4 5 6 7 8 9 10 11 12 13 
1376644 1 2 3 4 5 6 7 8 9 10 11 12 13 
1376694 1 2 3 4 5 6 7 8 9 10 11 12 13 
1376744 1 2 3 4 5 6 7 8 9 10 11 12 13 
1376794 1 2 3 4 5 6 7 8 9 10 11 12 13 
1376845 1 2 3 4 5 6 7 8 9 10 11 12 13 
1376895 1 2 3 4 5 6 7 8 9 10 11 12 13 
1376945 1 2 3 4 5 6 7 8 9 10 11 12 13 
1376995 1 2 3 4 5 6 7 8 9 10 11 12 13 
1377045 1 2 3 4 5 6 7 8 9 10 11 12 13 
1377095 1 2 3 4 5 6 7 8 9 10 11 12 13 
1377145 1 2 3 4 5 6 7 8 9 10 11 12 13 
1377195 1 2 3 4 5 6 7 8 9 10 11 12 13 
1377246 1 2 3 4 5 6 7 8 9 10 11 12 13 
1377296 1 2 3 4 5 6 7 8 9 10 11 12 13 
1377346 1 2 3 4 5 6 7 8 9 10 11 12 13 
1377396 1 2 3 4 5 6 7 8 9 10 11 12 13 
1377446 1 2 3 4 5 6 7 8 9 10 11 12 13 
1377496 1 2 3 4 5 6 7 8 9 10 11 12 13 
1377546 1 2 3 4 5 6 7 8 9 10 11 12 13 
1377596 1 2 3 4 5 6 7 8 9 10 11 12 13 
1377646 1 2 3 4 5 6 7 8 9 10 11 12 13 
1377696 1 2 3 4 5 6 7 8 9 10 11 12 13 
1377746 1 2 3 4 5 6 7 8 9 10 11 12 13 
1377797 1 2 3 4 5 6 7 8 9 10 11 12 13 
1377847 1 2 3 4 5 6 7 8 9 10 11 12 13 
1377897 1 2 3 4 5 6 7 8 9 10 11 12 13 
1377947 1 2 3 4 5 6 7 8 9 10 11 12 13 
1377997 1 2 3 4 5 6 7 8 9 10 11 12 13 
1378047 1 2 3 4 5 6 7 8 9 10 11 12 13 
1378097 1 2 3 4 5 6 7 8 9 10 11 12 13 
1378147 1 2 3 4 5 6 7 8 9 10 11 12 13 
1378197 1 2 3 4 5 6 7 8 9 10 11 12 13 
1378247 1 2 3 4 5 6 7 8 9 10 11 12 13 
1378298 1 2 3 4 5 6 7 8 9 10 11 12 13 
1378348 1 2 3 4 5 6 7 8 9 10 11 12 13 
1378398 1 2 3 4 5 6 7 8 9 10 11 12 13 
1378448 1 2 3 4 5 6 7 8 9 10 11 12 13 
1378498 1 2 3 4 5 6 7 8 9 10 11 12 13 
1378548 1 2 3 4 5 6 7 8 9 10 11 12 13 
1378598 1 2 3 4 5 6 7 8 9 10 11 12 13 
1378648 1 2 3 4 5 6 7 8 9 10 11 12 13 
1378698 1 2 3 4 5 6 7 8 9 10 11 12 13 
1378748 1 2 3 4 5 6 7 8 9 10 11 12 13 
1378798 1 2 3 4 5 6 7 8 9 10 11 12 13 
1378849 1 2 3 4 5 6 7 8 9 10 11 12 13 
1378899 1 2 3 4 5 6 7 8 9 10 11 12 13 
1378949 1 2 3 4 5 6 7 8 9 10 11 12 13 
1378999 1 2 3 4 5 6 7 8 9 10 11 12 13 
1379049 1 2 3 4 5 6 7 8 9 10 11 12 13 
1379099 1 2 3 4 5 6 7 8 9 10 11 12 13 
1379149 1 2 3 4 5 6 7 8 9 10 11 12 13 
1379199 1 2 3 4 5 6 7 8 9 10 11 12 13 
1379249 1 2 3 4 5 6 7 8 9 10 11 12 13 
1379299 1 2 3 4 5 6 7 8 9 10 11 12 13 
1379349 1 2 3 4 5 6 7 8 9 10 11 12 13 
1379400 1 2 3 4 5 6 7 8 9 10 11 12 13 
1379451 1 2 3 4 5 6 7 8 9 10 11 12 13 
1379501 1 2 3 4 5 6 7 8 9 10 11 12 13 
1379551 1 2 3 4 5 6 7 8 9 10 11 12 13 
1379601 1 2 3 4 5 6 7 8 9 10 11 12 13 
1379652 1 2 3 4 5 6 7 8 9 10 11 12 13 
1379702 1 2 3 4 5 6 7 8 9 10 11 12 13 
1379752 1 2 3 4 5 6 7 8 9 10 11 12 13 
1379802 1 2 3 4 5 6 7 8 9 10 11 12 13 
1379852 1 2 3 4 5 6 7 8 9 10 11 12 13 
1379902 1 2 3 4 5 6 7 8 9 10 11 12 13 
1379952 1 2 3 4 5 6 7 8 9 10 11 12 13 
1380002 1 2 3 4 5 6 7 8 9 10 11 12 13 
1380052 1 2 3 4 5 6 7 8 9 10 11 12 13 
1380102 1 2 3 4 5 6 7 8 9 10 11 12 13 
1380152 1 2 3 4 5 6 7 8 9 10 11 12 13 
1380203 1 2 3 4 5 6 7 8 9 10 11 12 13 
1380253 1 2 3 4 5 6 7 8 9 10 11 12 13 
1380303 1 2 3 4 5 6 7 8 9 10 11 12 13 
1380353 1 2 3 4 5 6 7 8 9 10 11 12 13 
1380403 1 2 3 4 5 6 7 8 9 10 11 12 13 
1380453 1 2 3 4 5 6 7 8 9 10 11 12 13 
1380503 1 2 3 4 5 6 7 8 9 10 11 12 13 
1380553 1 2 3 4 5 6 7 8 9 10 11 12 13 
1380603 1 2 3 4 5 6 7 8 9 10 11 12 13 
1380653 1 2 3 4 5 6 7 8 9 10 11 12 13 
1380703 1 2 3 4 5 6 7 8 9 10 11 12 13 
1380754 1 2 3 4 5 6 7 8 9 10 11 12 13 
1380804 1 2 3 4 5 6 7 8 9 10 11 12 13 
1380854 1 2 3 4 5 6 7 8 9 10 11 12 13 
1380904 1 2 3 4 5 6 7 8 9 10 11 12 13 
1380955 1 2 3 4 5 6 7 8 9 10 11 12 13 
1381005 1 2 3 4 5 6 7 8 9 10 11 12 13 
1381055 1 2 3 4 5 6 7 8 9 10 11 12 13 
1381106 1 2 3 4 5 6 7 8 9 10 11 12 13 
1381156 1 2 3 4 5 6 7 8 9 10 11 12 13 
1381206 1 2 3 4 5 6 7 8 9 10 11 12 13 
1381256 1 2 3 4 5 6 7 8 9 10 11 12 13 
1381306 1 2 3 4 5 6 7 8 9 10 11 12 13 
1381356 1 2 3 4 5 6 7 8 9 10 11 12 13 
1381406 1 2 3 4 5 6 7 8 9 10 11 12 13 
1381456 1 2 3 4 5 6 7 8 9 10 11 12 13 
1381506 1 2 3 4 5 6 7 8 9 10 11 12 13 
1381556 1 2 3 4 5 6 7 8 9 10 11 12 13 
1381607 1 2 3 4 5 6 7 8 9 10 11 12 13 
1381657 1 2 3 4 5 6 7 8 9 10 11 12 13 
1381707 1 2 3 4 5 6 7 8 9 10 11 12 13 
1381757 1 2 3 4 5 6 7 8 9 10 11 12 13 
1381807 1 2 3 4 5 6 7 8 9 10 11 12 13 
1381857 1 2 3 4 5 6 7 8 9 10 11 12 13 
1381907 1 2 3 4 5 6 7 8 9 10 11 12 13 
1381957 1 2 3 4 5 6 7 8 9 10 11 12 13 
1382007 1 2 3 4 5 6 7 8 9 10 11 12 13 
1382057 1 2 3 4 5 6 7 8 9 10 11 12 13 
1382107 1 2 3 4 5 6 7 8 9 10 11 12 13 
1382158 1 2 3 4 5 6 7 8 9 10 11 12 13 
1382208 1 2 3 4 5 6 7 8 9 10 11 12 13 
1382258 1 2 3 4 5 6 7 8 9 10 11 12 13 
1382308 1 2 3 4 5 6 7 8 9 10 11 12 13 
1382358 1 2 3 4 5 6 7 8 9 10 11 12 13 
1382408 1 2 3 4 5 6 7 8 9 10 11 12 13 
1382458 1 2 3 4 5 6 7 8 9 10 11 12 13 
1382508 1 2 3 4 5 6 7 8 9 10 11 12 13 
1382558 1 2 3 4 5 6 7 8 9 10 11 12 13 
1382608 1 2 3 4 5 6 7 8 9 10 11 12 13 
1382658 1 2 3 4 5 6 7 8 9 10 11 12 13 
1382710 1 2 3 4 5 6 7 8 9 10 11 12 13 
1382760 1 2 3 4 5 6 7 8 9 10 11 12 13 
1382810 1 2 3 4 5 6 7 8 9 10 11 12 13 
1382860 1 2 3 4 5 6 7 8 9 10 11 12 13 
1382910 1 2 3 4 5 6 7 8 9 10 11 12 13 
1382960 1 2 3 4 5 6 7 8 9 10 11 12 13 
1383010 1 2 3 4 5 6 7 8 9 10 11 12 13 
1383060 1 2 3 4 5 6 7 8 9 10 11 12 13 
1383111 1 2 3 4 5 6 7 8 9 10 11 12 13 
1383161 1 2 3 4 5 6 7 8 9 10 11 12 13 
1383211 1 2 3 4 5 6 7 8 9 10 11 12 13 
1383261 1 2 3 4 5 6 7 8 9 10 11 12 13 
1383311 1 2 3 4 5 6 7 8 9 10 11 12 13 
1383361 1 2 3 4 5 6 7 8 9 10 11 12 13 
1383411 1 2 3 4 5 6 7 8 9 10 11 12 13 
1383461 1 2 3 4 5 6 7 8 9 10 11 12 13 
1383511 1 2 3 4 5 6 7 8 9 10 11 12 13 
1383561 1 2 3 4 5 6 7 8 9 10 11 12 13 
1383612 1 2 3 4 5 6 7 8 9 10 11 12 13 
1383662 1 2 3 4 5 6 7 8 9 10 11 12 13 
1383712 1 2 3 4 5 6 7 8 9 10 11 12 13 
1383762 1 2 3 4 5 6 7 8 9 10 11 12 13 
1383812 1 2 3 4 5 6 7 8 9 10 11 12 13 
1383862 1 2 3 4 5 6 7 8 9 10 11 12 13 
1383912 1 2 3 4 5 6 7 8 9 10 11 12 13 
1383962 1 2 3 4 5 6 7 8 9 10 11 12 13 
1384012 1 2 3 4 5 6 7 8 9 10 11 12 13 
1384062 1 2 3 4 5 6 7 8 9 10 11 12 13 
1384112 1 2 3 4 5 6 7 8 9 10 11 12 13 
1384163 1 2 3 4 5 6 7 8 9 10 11 12 13 
1384213 1 2 3 4 5 6 7 8 9 10 11 12 13 
1384263 1 2 3 4 5 6 7 8 9 10 11 12 13 
1384313 1 2 3 4 5 6 7 8 9 10 11 12 13 
1384363 1 2 3 4 5 6 7 8 9 10 11 12 13 
1384413 1 2 3 4 5 6 7 8 9 10 11 12 13 
1384463 1 2 3 4 5 6 7 8 9 10 11 12 13 
1384513 1 2 3 4 5 6 7 8 9 10 11 12 13 
1384563 1 2 3 4 5 6 7 8 9 10 11 12 13 
1384613 1 2 3 4 5 6 7 8 9 10 11 12 13 
1384664 1 2 3 4 5 6 7 8 9 10 11 12 13 
1384714 1 2 3 4 5 6 7 8 9 10 11 12 13 
1384764 1 2 3 4 5 6 7 8 9 10 11 12 13 
1384814 1 2 3 4 5 6 7 8 9 10 11 12 13 
1384864 1 2 3 4 5 6 7 8 9 10 11 12 13 
1384914 1 2 3 4 5 6 7 8 9 10 11 12 13 
1384964 1 2 3 4 5 6 7 8 9 10 11 12 13 
1385014 1 2 3 4 5 6 7 8 9 10 11 12 13 
1385064 1 2 3 4 5 6 7 8 9 10 11 12 13 
1385114 1 2 3 4 5 6 7 8 9 10 11 12 13 
1385165 1 2 3 4 5 6 7 8 9 10 11 12 13 
1385215 1 2 3 4 5 6 7 8 9 10 11 12 13 
1385265 1 2 3 4 5 6 7 8 9 10 11 12 13 
1385315 1 2 3 4 5 6 7 8 9 10 11 12 13 
1385365 1 2 3 4 5 6 7 8 9 10 11 12 13 
1385415 1 2 3 4 5 6 7 8 9 10 11 12 13 
1385465 1 2 3 4 5 6 7 8 9 10 11 12 13 
1385515 1 2 3 4 5 6 7 8 9 10 11 12 13 
1385565 1 2 3 4 5 6 7 8 9 10 11 12 13 
1385615 1 2 3 4 5 6 7 8 9 10 11 12 13 
1385665 1 2 3 4 5 6 7 8 9 10 11 12 13 
1385716 1 2 3 4 5 6 7 8 9 10 11 12 13 
1385766 1 2 3 4 5 6 7 8 9 10 11 12 13 
1385816 1 2 3 4 5 6 7 8 9 10 11 12 13 
1385866 1 2 3 4 5 6 7 8 9 10 11 12 13 
1385916 1 2 3 4 5 6 7 8 9 10 11 12 13 
1385966 1 2 3 4 5 6 7 8 9 10 11 12 13 
1386016 1 2 3 4 5 6 7 8 9 10 11 12 13 
1386066 1 2 3 4 5 6 7 8 9 10 11 12 13 
1386116 1 2 3 4 5 6 7 8 9 10 11 12 13 
1386167 1 2 3 4 5 6 7 8 9 10 11 12 13 
1386217 1 2 3 4 5 6 7 8 9 10 11 12 13 
1386267 1 2 3 4 5 6 7 8 9 10 11 12 13 
1386317 1 2 3 4 5 6 7 8 9 10 11 12 13 
1386367 1 2 3 4 5 6 7 8 9 10 11 12 13 
1386417 1 2 3 4 5 6 7 8 9 10 11 12 13 
1386467 1 2 3 4 5 6 7 8 9 10 11 12 13 
1386517 1 2 3 4 5 0 0 0 0 0 0 0 0 0 0 0 0 0 0 0 0 7 0 0 0 0 0 0 0 0 0 0 0 0 0 0 0 0 0 0 0 0 0 0 0 0 0 0 0 0 
