1444721 1 2 3 4 5 6 7 8 9 10 11 12 13 
1444771 1 2 3 4 5 6 7 8 9 10 11 12 13 
1444821 1 2 3 4 5 6 7 8 9 10 11 12 13 
1444871 1 2 3 4 5 6 7 8 9 10 11 12 13 
1444921 1 2 3 4 5 6 7 8 9 10 11 12 13 
1444972 1 2 3 4 5 6 7 8 9 10 11 12 13 
1445022 1 2 3 4 5 6 7 8 9 10 11 12 13 
1445072 1 2 3 4 5 6 7 8 9 10 11 12 13 
1445122 1 2 3 4 5 6 7 8 9 10 11 12 13 
1445172 1 2 3 4 5 6 7 8 9 10 11 12 13 
1445222 1 2 3 4 5 6 7 8 9 10 11 12 13 
1445272 1 2 3 4 5 6 7 8 9 10 11 12 13 
1445323 1 2 3 4 5 6 7 8 9 10 11 12 13 
1445373 1 2 3 4 5 6 7 8 9 10 11 12 13 
1445423 1 2 3 4 5 6 7 8 9 10 11 12 13 
1445473 1 2 3 4 5 6 7 8 9 10 11 12 13 
1445523 1 2 3 4 5 6 7 8 9 10 11 12 13 
1445573 1 2 3 4 5 6 7 8 9 10 11 12 13 
1445623 1 2 3 4 5 6 7 8 9 10 11 12 13 
1445673 1 2 3 4 5 6 7 8 9 10 11 12 13 
1445723 1 2 3 4 5 6 7 8 9 10 11 12 13 
1445773 1 2 3 4 5 6 7 8 9 10 11 12 13 
1445824 1 2 3 4 5 6 7 8 9 10 11 12 13 
1445874 1 2 3 4 5 6 7 8 9 10 11 12 13 
1445924 1 2 3 4 5 6 7 8 9 10 11 12 13 
1445974 1 2 3 4 5 6 7 8 9 10 11 12 13 
1446024 1 2 3 4 5 6 7 8 9 10 11 12 13 
1446074 1 2 3 4 5 6 7 8 9 10 11 12 13 
1446124 1 2 3 4 5 6 7 8 9 10 11 12 13 
1446174 1 2 3 4 5 6 7 8 9 10 11 12 13 
1446224 1 2 3 4 5 6 7 8 9 10 11 12 13 
1446274 1 2 3 4 5 6 7 8 9 10 11 12 13 
1446325 1 2 3 4 5 6 7 8 9 10 11 12 13 
1446375 1 2 3 4 5 6 7 8 9 10 11 12 13 
1446425 1 2 3 4 5 6 7 8 9 10 11 12 13 
1446475 1 2 3 4 5 6 7 8 9 10 11 12 13 
1446525 1 2 3 4 5 6 7 8 9 10 11 12 13 
1446575 1 2 3 4 5 6 7 8 9 10 11 12 13 
1446625 1 2 3 4 5 6 7 8 9 10 11 12 13 
1446675 1 2 3 4 5 6 7 8 9 10 11 12 13 
1446725 1 2 3 4 5 6 7 8 9 10 11 12 13 
1446776 1 2 3 4 5 6 7 8 9 10 11 12 13 
1446826 1 2 3 4 5 6 7 8 9 10 11 12 13 
1446876 1 2 3 4 5 6 7 8 9 10 11 12 13 
1446926 1 2 3 4 5 6 7 8 9 10 11 12 13 
1446977 1 2 3 4 5 6 7 8 9 10 11 12 13 
1447027 1 2 3 4 5 6 7 8 9 10 11 12 13 
1447077 1 2 3 4 5 6 7 8 9 10 11 12 13 
1447127 1 2 3 4 5 6 7 8 9 10 11 12 13 
1447177 1 2 3 4 5 6 7 8 9 10 11 12 13 
1447227 1 2 3 4 5 6 7 8 9 10 11 12 13 
1447277 1 2 3 4 5 6 7 8 9 10 11 12 13 
1447327 1 2 3 4 5 6 7 8 9 10 11 12 13 
1447377 1 2 3 4 5 6 7 8 9 10 11 12 13 
1447427 1 2 3 4 5 6 7 8 9 10 11 12 13 
1447477 1 2 3 4 5 6 7 8 9 10 11 12 13 
1447528 1 2 3 4 5 6 7 8 9 10 11 12 13 
1447578 1 2 3 4 5 6 7 8 9 10 11 12 13 
1447628 1 2 3 4 5 6 7 8 9 10 11 12 13 
1447678 1 2 3 4 5 6 7 8 9 10 11 12 13 
1447728 1 2 3 4 5 6 7 8 9 10 11 12 13 
1447778 1 2 3 4 5 6 7 8 9 10 11 12 13 
1447828 1 2 3 4 5 6 7 8 9 10 11 12 13 
1447878 1 2 3 4 5 6 7 8 9 10 11 12 13 
1447928 1 2 3 4 5 6 7 8 9 10 11 12 13 
1447978 1 2 3 4 5 6 7 8 9 10 11 12 13 
1448029 1 2 3 4 5 6 7 8 9 10 11 12 13 
1448079 1 2 3 4 5 6 7 8 9 10 11 12 13 
1448129 1 2 3 4 5 6 7 8 9 10 11 12 13 
1448179 1 2 3 4 5 6 7 8 9 10 11 12 13 
1448229 1 2 3 4 5 6 7 8 9 10 11 12 13 
1448279 1 2 3 4 5 6 7 8 9 10 11 12 13 
1448329 1 2 3 4 5 6 7 8 9 10 11 12 13 
1448379 1 2 3 4 5 6 7 8 9 10 11 12 13 
1448429 1 2 3 4 5 6 7 8 9 10 11 12 13 
1448479 1 2 3 4 5 6 7 8 9 10 11 12 13 
1448530 1 2 3 4 5 6 7 8 9 10 11 12 13 
1448580 1 2 3 4 5 6 7 8 9 10 11 12 13 
1448630 1 2 3 4 5 6 7 8 9 10 11 12 13 
1448680 1 2 3 4 5 6 7 8 9 10 11 12 13 
1448730 1 2 3 4 5 6 7 8 9 10 11 12 13 
1448780 1 2 3 4 5 6 7 8 9 10 11 12 13 
1448830 1 2 3 4 5 6 7 8 9 10 11 12 13 
1448880 1 2 3 4 5 6 7 8 9 10 11 12 13 
1448930 1 2 3 4 5 6 7 8 9 10 11 12 13 
1448980 1 2 3 4 5 6 7 8 9 10 11 12 13 
1449031 1 2 3 4 5 6 7 8 9 10 11 12 13 
1449081 1 2 3 4 5 6 7 8 9 10 11 12 13 
1449131 1 2 3 4 5 6 7 8 9 10 11 12 13 
1449181 1 2 3 4 5 6 7 8 9 10 11 12 13 
1449231 1 2 3 4 5 6 7 8 9 10 11 12 13 
1449281 1 2 3 4 5 6 7 8 9 10 11 12 13 
1449331 1 2 3 4 5 6 7 8 9 10 11 12 13 
1449382 1 2 3 4 5 6 7 8 9 10 11 12 13 
1449432 1 2 3 4 5 6 7 8 9 10 11 12 13 
1449482 1 2 3 4 5 6 7 8 9 10 11 12 13 
1449532 1 2 3 4 5 6 7 8 9 10 11 12 13 
1449582 1 2 3 4 5 6 7 8 9 10 11 12 13 
1449632 1 2 3 4 5 6 7 8 9 10 11 12 13 
1449682 1 2 3 4 5 6 7 8 9 10 11 12 13 
1449732 1 2 3 4 5 6 7 8 9 10 11 12 13 
1449782 1 2 3 4 5 6 7 8 9 10 11 12 13 
1449832 1 2 3 4 5 6 7 8 9 10 11 12 13 
1449882 1 2 3 4 5 6 7 8 9 10 11 12 13 
1449933 1 2 3 4 5 6 7 8 9 10 11 12 13 
1449983 1 2 3 4 5 6 7 8 9 10 11 12 13 
1450033 1 2 3 4 5 6 7 8 9 10 11 12 13 
1450083 1 2 3 4 5 6 7 8 9 10 11 12 13 
1450133 1 2 3 4 5 6 7 8 9 10 11 12 13 
1450183 1 2 3 4 5 6 7 8 9 10 11 12 13 
1450233 1 2 3 4 5 6 7 8 9 10 11 12 13 
1450283 1 2 3 4 5 6 7 8 9 10 11 12 13 
1450333 1 2 3 4 5 6 7 8 9 10 11 12 13 
1450383 1 2 3 4 5 6 7 8 9 10 11 12 13 
1450434 1 2 3 4 5 6 7 8 9 10 11 12 13 
1450484 1 2 3 4 5 6 7 8 9 10 11 12 13 
1450534 1 2 3 4 5 6 7 8 9 10 11 12 13 
1450584 1 2 3 4 5 6 7 8 9 10 11 12 13 
1450634 1 2 3 4 5 6 7 8 9 10 11 12 13 
1450684 1 2 3 4 5 6 7 8 9 10 11 12 13 
1450734 1 2 3 4 5 6 7 8 9 10 11 12 13 
1450784 1 2 3 4 5 6 7 8 9 10 11 12 13 
1450834 1 2 3 4 5 6 7 8 9 10 11 12 13 
1450884 1 2 3 4 5 6 7 8 9 10 11 12 13 
1450935 1 2 3 4 5 6 7 8 9 10 11 12 13 
1450985 1 2 3 4 5 6 7 8 9 10 11 12 13 
1451035 1 2 3 4 5 6 7 8 9 10 11 12 13 
1451085 1 2 3 4 5 6 7 8 9 10 11 12 13 
1451135 1 2 3 4 5 6 7 8 9 10 11 12 13 
1451185 1 2 3 4 5 6 7 8 9 10 11 12 13 
1451235 1 2 3 4 5 6 7 8 9 10 11 12 13 
1451285 1 2 3 4 5 6 7 8 9 10 11 12 13 
1451335 1 2 3 4 5 6 7 8 9 10 11 12 13 
1451385 1 2 3 4 5 6 7 8 9 10 11 12 13 
1451435 1 2 3 4 5 6 7 8 9 10 11 12 13 
1451486 1 2 3 4 5 6 7 8 9 10 11 12 13 
1451536 1 2 3 4 5 6 7 8 9 10 11 12 13 
1451586 1 2 3 4 5 6 7 8 9 10 11 12 13 
1451636 1 2 3 4 5 6 7 8 9 10 11 12 13 
1451686 1 2 3 4 5 6 7 8 9 10 11 12 13 
1451736 1 2 3 4 5 6 7 8 9 10 11 12 13 
1451786 1 2 3 4 5 6 7 8 9 10 11 12 13 
1451836 1 2 3 4 5 6 7 8 9 10 11 12 13 
1451886 1 2 3 4 5 6 7 8 9 10 11 12 13 
1451936 1 2 3 4 5 6 7 8 9 10 11 12 13 
1451987 1 2 3 4 5 6 7 8 9 10 11 12 13 
1452037 1 2 3 4 5 6 7 8 9 10 11 12 13 
1452087 1 2 3 4 5 6 7 8 9 10 11 12 13 
1452137 1 2 3 4 5 6 7 8 9 10 11 12 13 
1452187 1 2 3 4 5 6 7 8 9 10 11 12 13 
1452237 1 2 3 4 5 6 7 8 9 10 11 12 13 
1452287 1 2 3 4 5 6 7 8 9 10 11 12 13 
1452337 1 2 3 4 5 6 7 8 9 10 11 12 13 
1452387 1 2 3 4 5 6 7 8 9 10 11 12 13 
1452437 1 2 3 4 5 6 7 8 9 10 11 12 13 
1452488 1 2 3 4 5 6 7 8 9 10 11 12 13 
1452538 1 2 3 4 5 6 7 8 9 10 11 12 13 
1452588 1 2 3 4 5 6 7 8 9 10 11 12 13 
1452638 1 2 3 4 5 6 7 8 9 10 11 12 13 
1452688 1 2 3 4 5 6 7 8 9 10 11 12 13 
1452738 1 2 3 4 5 6 7 8 9 10 11 12 13 
1452788 1 2 3 4 5 6 7 8 9 10 11 12 13 
1452838 1 2 3 4 5 6 7 8 9 10 11 12 13 
1452888 1 2 3 4 5 6 7 8 9 10 11 12 13 
1452938 1 2 3 4 5 6 7 8 9 10 11 12 13 
1452989 1 2 3 4 5 6 7 8 9 10 11 12 13 
1453039 1 2 3 4 5 6 7 8 9 10 11 12 13 
1453089 1 2 3 4 5 6 7 8 9 10 11 12 13 
1453139 1 2 3 4 5 6 7 8 9 10 11 12 13 
1453189 1 2 3 4 5 6 7 8 9 10 11 12 13 
1453240 1 2 3 4 5 6 7 8 9 10 11 12 13 
1453291 1 2 3 4 5 6 7 8 9 10 11 12 13 
1453341 1 2 3 4 5 6 7 8 9 10 11 12 13 
1453391 1 2 3 4 5 6 7 8 9 10 11 12 13 
1453441 1 2 3 4 5 6 7 8 9 10 11 12 13 
1453491 1 2 3 4 5 6 7 8 9 10 11 12 13 
1453542 1 2 3 4 5 6 7 8 9 10 11 12 13 
1453592 1 2 3 4 5 6 7 8 9 10 11 12 13 
1453642 1 2 3 4 5 6 7 8 9 10 11 12 13 
1453692 1 2 3 4 5 6 7 8 9 10 11 12 13 
1453742 1 2 3 4 5 6 7 8 9 10 11 12 13 
1453793 1 2 3 4 5 6 7 8 9 10 11 12 13 
1453843 1 2 3 4 5 6 7 8 9 10 11 12 13 
1453893 1 2 3 4 5 6 7 8 9 10 11 12 13 
1453943 1 2 3 4 5 6 7 8 9 10 11 12 13 
1453993 1 2 3 4 5 6 7 8 9 10 11 12 13 
1454043 1 2 3 4 5 6 7 8 9 10 11 12 13 
1454093 1 2 3 4 5 6 7 8 9 10 11 12 13 
1454143 1 2 3 4 5 6 7 8 9 10 11 12 13 
1454193 1 2 3 4 5 6 7 8 9 10 11 12 13 
1454244 1 2 3 4 5 6 7 8 9 10 11 12 13 
1454294 1 2 3 4 5 6 7 8 9 10 11 12 13 
1454344 1 2 3 4 5 6 7 8 9 10 11 12 13 
1454394 1 2 3 4 5 6 7 8 9 10 11 12 13 
1454444 1 2 3 4 5 6 7 8 9 10 11 12 13 
1454494 1 2 3 4 5 6 7 8 9 10 11 12 13 
1454544 1 2 3 4 5 6 7 8 9 10 11 12 13 
1454594 1 2 3 4 5 6 7 8 9 10 11 12 13 
1454644 1 2 3 4 5 6 7 8 9 10 11 12 13 0 0 0 0 0 0 0 0 0 0 0 0 0 0 0 0 0 0 0 0 0 0 0 0 12902 0 0 0 0 0 0 0 0 0 0 0 0 
