900528 0 0 0 0 0 0 0 0 0 0 -23350 -32496 -24408 
900578 0 0 0 0 0 0 0 0 0 0 -23350 -32496 -24408 
900628 0 0 0 0 0 0 0 0 0 0 -23350 -32496 -24408 
900678 0 0 0 0 0 0 0 0 0 0 -23350 -32496 -24408 
900728 0 0 0 0 0 0 0 0 0 0 -23350 -32496 -24408 
900779 0 0 0 0 0 0 0 0 0 0 -23350 -32496 -24408 
900829 0 0 0 0 0 0 0 0 0 0 -23350 -32496 -24408 
900879 0 0 0 0 0 0 0 0 0 0 -23350 -32496 -24408 
900929 0 0 0 0 0 0 0 0 0 0 -23350 -32496 -24408 
900979 0 0 0 0 0 0 0 0 0 0 -23350 -32496 -24408 
901029 0 0 0 0 0 0 0 0 0 0 -23350 -32496 -24408 
901079 0 0 0 0 0 0 0 0 0 0 -23350 -32496 -24408 
901129 0 0 0 0 0 0 0 0 0 0 -23350 -32496 -24408 
901179 0 0 0 0 0 0 0 0 0 0 -23350 -32496 -24408 
901229 0 0 0 0 0 0 0 0 0 0 -23350 -32496 -24408 
901279 0 0 0 0 0 0 0 0 0 0 -23350 -32496 -24408 
901330 0 0 0 0 0 0 0 0 0 0 -23350 -32496 -24408 
901380 0 0 0 0 0 0 0 0 0 0 -23350 -32496 -24408 
901430 0 0 0 0 0 0 0 0 0 0 -23350 -32496 -24408 
901480 0 0 0 0 0 0 0 0 0 0 -23350 -32496 -24408 
901530 0 0 0 0 0 0 0 0 0 0 -23350 -32496 -24408 
901580 0 0 0 0 0 0 0 0 0 0 -23350 -32496 -24408 
