0 0 0 0 0 0 0 0 0 0 0 -31970 1712 9065 
0 0 0 0 0 0 0 0 0 0 0 -31970 1712 9065 
0 0 0 0 0 0 0 0 0 0 0 -31970 1712 9065 
0 0 0 0 0 0 0 0 0 0 0 -31970 1712 9065 
0 0 0 0 0 0 0 0 0 0 0 -31970 1712 9065 
0 0 0 0 0 0 0 0 0 0 0 -31970 1712 9065 
0 0 0 0 0 0 0 0 0 0 0 -31970 1712 9065 
0 0 0 0 0 0 0 0 0 0 0 -31970 1712 9065 
0 0 0 0 0 0 0 0 0 0 0 -31970 1712 9065 
0 0 0 0 0 0 0 0 0 0 0 -31970 1712 9065 
0 0 0 0 0 0 0 0 0 0 0 -31970 1712 9065 
0 0 0 0 0 0 0 0 0 0 0 -31970 1712 9065 
0 0 0 0 0 0 0 0 0 0 0 -31970 1712 9065 
0 0 0 0 0 0 0 0 0 0 0 -31970 1712 9065 
0 0 0 0 0 0 0 0 0 0 0 -31970 1712 9065 
0 0 0 0 0 0 0 0 0 0 0 -31970 1712 9065 
0 0 0 0 0 0 0 0 0 0 0 -31970 1712 9065 
0 0 0 0 0 0 0 0 0 0 0 -31970 1712 9065 
0 0 0 0 0 0 0 0 0 0 0 -31970 1712 9065 
0 0 0 0 0 0 0 0 0 0 0 -31970 1712 9065 
0 0 0 0 0 0 0 0 0 0 0 -31970 1712 9065 
0 0 0 0 0 0 0 0 0 0 0 -31970 1712 9065 
