147241 0 0 0 0 0 0 0 0 0 0 10 5 1 
147291 0 0 0 0 0 0 0 0 0 0 10 5 1 
147341 0 0 0 0 0 0 0 0 0 0 10 5 1 
147391 0 0 0 0 0 0 0 0 0 0 10 5 1 
147441 0 0 0 0 0 0 0 0 0 0 10 5 1 
147491 0 0 0 0 0 0 0 0 0 0 10 5 1 
147541 0 0 0 0 0 0 0 0 0 0 10 5 1 
147591 0 0 0 0 0 0 0 0 0 0 10 5 1 
147642 0 0 0 0 0 0 0 0 0 0 10 5 1 
147692 0 0 0 0 0 0 0 0 0 0 10 5 1 
147742 0 0 0 0 0 0 0 0 0 0 10 5 1 
147792 0 0 0 0 0 0 0 0 0 0 10 5 1 
147842 0 0 0 0 0 0 0 0 0 0 10 5 1 
147892 0 0 0 0 0 0 0 0 0 0 10 5 1 
147942 0 0 0 0 0 0 0 0 0 0 10 5 1 
147992 0 0 0 0 0 0 0 0 0 0 10 5 1 
148042 0 0 0 0 0 0 0 0 0 0 10 5 1 
148093 0 0 0 0 0 0 0 0 0 0 10 5 1 
148143 0 0 0 0 0 0 0 0 0 0 10 5 1 
148193 0 0 0 0 0 0 0 0 0 0 10 5 1 
148243 0 0 0 0 0 0 0 0 0 0 10 5 1 
148293 0 0 0 0 0 0 0 0 0 0 10 5 1 
148343 0 0 0 0 0 0 0 0 0 0 10 5 1 
148393 0 0 0 0 0 0 0 0 0 0 10 5 1 
148443 0 0 0 0 0 0 0 0 0 0 10 5 1 
148493 0 0 0 0 0 0 0 0 0 0 10 5 1 
148543 0 0 0 0 0 0 0 0 0 0 10 5 1 
148593 0 0 0 0 0 0 0 0 0 0 10 5 1 
148644 0 0 0 0 0 0 0 0 0 0 10 5 1 
148694 0 0 0 0 0 0 0 0 0 0 10 5 1 
148744 0 0 0 0 0 0 0 0 0 0 10 5 1 
148794 0 0 0 0 0 0 0 0 0 0 10 5 1 
148844 0 0 0 0 0 0 0 0 0 0 10 5 1 
148894 0 0 0 0 0 0 0 0 0 0 10 5 1 
148944 0 0 0 0 0 0 0 0 0 0 10 5 1 
148994 0 0 0 0 0 0 0 0 0 0 10 5 1 
149044 0 0 0 0 0 0 0 0 0 0 10 5 1 
149094 0 0 0 0 0 0 0 0 0 0 10 5 1 
149144 0 0 0 0 0 0 0 0 0 0 10 5 1 
149195 0 0 0 0 0 0 0 0 0 0 10 5 1 
149245 0 0 0 0 0 0 0 0 0 0 10 5 1 
149296 0 0 0 0 0 0 0 0 0 0 10 5 1 
149346 0 0 0 0 0 0 0 0 0 0 10 5 1 
149396 0 0 0 0 0 0 0 0 0 0 10 5 1 
149446 0 0 0 0 0 0 0 0 0 0 10 5 1 
149496 0 0 0 0 0 0 0 0 0 0 10 5 1 
149546 0 0 0 0 0 0 0 0 0 0 10 5 1 
149596 0 0 0 0 0 0 0 0 0 0 10 5 1 
149646 0 0 0 0 0 0 0 0 0 0 10 5 1 
149696 0 0 0 0 0 0 0 0 0 0 10 5 1 
149746 0 0 0 0 0 0 0 0 0 0 10 5 1 
149796 0 0 0 0 0 0 0 0 0 0 10 5 1 
149847 0 0 0 0 0 0 0 0 0 0 10 5 1 
149897 0 0 0 0 0 0 0 0 0 0 10 5 1 
149947 0 0 0 0 0 0 0 0 0 0 10 5 1 
149997 0 0 0 0 0 0 0 0 0 0 10 5 1 
150047 0 0 0 0 0 0 0 0 0 0 10 5 1 
150097 0 0 0 0 0 0 0 0 0 0 10 5 1 
150147 0 0 0 0 0 0 0 0 0 0 10 5 1 
150197 0 0 0 0 0 0 0 0 0 0 10 5 1 
150247 0 0 0 0 0 0 0 0 0 0 10 5 1 
150297 0 0 0 0 0 0 0 0 0 0 10 5 1 
150347 0 0 0 0 0 0 0 0 0 0 10 5 1 
150398 0 0 0 0 0 0 0 0 0 0 10 5 1 
150448 0 0 0 0 0 0 0 0 0 0 10 5 1 
150498 0 0 0 0 0 0 0 0 0 0 10 5 1 
150548 0 0 0 0 0 0 0 0 0 0 10 5 1 
150598 0 0 0 0 0 0 0 0 0 0 10 5 1 
150648 0 0 0 0 0 0 0 0 0 0 10 5 1 
150698 0 0 0 0 0 0 0 0 0 0 10 5 1 
150748 0 0 0 0 0 0 0 0 0 0 10 5 1 
150798 0 0 0 0 0 0 0 0 0 0 10 5 1 
150848 0 0 0 0 0 0 0 0 0 0 10 5 1 
150899 0 0 0 0 0 0 0 0 0 0 10 5 1 
150949 0 0 0 0 0 0 0 0 0 0 10 5 1 
150999 0 0 0 0 0 0 0 0 0 0 10 5 1 
151049 0 0 0 0 0 0 0 0 0 0 10 5 1 
151099 0 0 0 0 0 0 0 0 0 0 10 5 1 
151149 0 0 0 0 0 0 0 0 0 0 10 5 1 
151199 0 0 0 0 0 0 0 0 0 0 10 5 1 
151249 0 0 0 0 0 0 0 0 0 0 10 5 1 
151299 0 0 0 0 0 0 0 0 0 0 10 5 1 
151349 0 0 0 0 0 0 0 0 0 0 10 5 1 
151400 0 0 0 0 0 0 0 0 0 0 10 5 1 
151450 0 0 0 0 0 0 0 0 0 0 10 5 1 
151500 0 0 0 0 0 0 0 0 0 0 10 5 1 
151550 0 0 0 0 0 0 0 0 0 0 10 5 1 
151600 0 0 0 0 0 0 0 0 0 0 10 5 1 
151650 0 0 0 0 0 0 0 0 0 0 10 5 1 
151700 0 0 0 0 0 0 0 0 0 0 10 5 1 
151750 0 0 0 0 0 0 0 0 0 0 10 5 1 
151800 0 0 0 0 0 0 0 0 0 0 10 5 1 
151850 0 0 0 0 0 0 0 0 0 0 10 5 1 
151900 0 0 0 0 0 0 0 0 0 0 10 5 1 
151950 0 0 0 0 0 0 0 0 0 0 10 5 1 
152001 0 0 0 0 0 0 0 0 0 0 10 5 1 
152051 0 0 0 0 0 0 0 0 0 0 10 5 1 
152101 0 0 0 0 0 0 0 0 0 0 10 5 1 
152151 0 0 0 0 0 0 0 0 0 0 10 5 1 
152201 0 0 0 0 0 0 0 0 0 0 10 5 1 
152251 0 0 0 0 0 0 0 0 0 0 10 5 1 
152301 0 0 0 0 0 0 0 0 0 0 10 5 1 
152351 0 0 0 0 0 0 0 0 0 0 10 5 1 
152401 0 0 0 0 0 0 0 0 0 0 10 5 1 
152451 0 0 0 0 0 0 0 0 0 0 10 5 1 
152501 0 0 0 0 0 0 0 0 0 0 10 5 1 
152552 0 0 0 0 0 0 0 0 0 0 10 5 1 
152602 0 0 0 0 0 0 0 0 0 0 10 5 1 
