3251639 1 2 3 4 5 6 7 8 9 10 11 12 13 
3251689 1 2 3 4 5 6 7 8 9 10 11 12 13 
3251739 1 2 3 4 5 6 7 8 9 10 11 12 13 
3251789 1 2 3 4 5 6 7 8 9 10 11 12 13 
3251839 1 2 3 4 5 6 7 8 9 10 11 12 13 
3251889 1 2 3 4 5 6 7 8 9 10 11 12 13 
3251939 1 2 3 4 5 6 7 8 9 10 11 12 13 
3251990 1 2 3 4 5 6 7 8 9 10 11 12 13 
3252040 1 2 3 4 5 6 7 8 9 10 11 12 13 
3252090 1 2 3 4 5 6 7 8 9 10 11 12 13 
3252140 1 2 3 4 5 6 7 8 9 10 11 12 13 
3252190 1 2 3 4 5 6 7 8 9 10 11 12 13 
3252240 1 2 3 4 5 6 7 8 9 10 11 12 13 
3252290 1 2 3 4 5 6 7 8 9 10 11 12 13 
3252340 1 2 3 4 5 6 7 8 9 10 11 12 13 
3252390 1 2 3 4 5 6 7 8 9 10 11 12 13 
3252440 1 2 3 4 5 6 7 8 9 10 11 12 13 
3252491 1 2 3 4 5 6 7 8 9 10 11 12 13 
3252541 1 2 3 4 5 6 7 8 9 10 11 12 13 
3252591 1 2 3 4 5 6 7 8 9 10 11 12 13 
3252641 1 2 3 4 5 6 7 8 9 10 11 12 13 
3252691 1 2 3 4 5 6 7 8 9 10 11 12 13 
3252741 1 2 3 4 5 6 7 8 9 10 11 12 13 
3252791 1 2 3 4 5 6 7 8 9 10 11 12 13 
3252841 1 2 3 4 5 6 7 8 9 10 11 12 13 
3252891 1 2 3 4 5 6 7 8 9 10 11 12 13 
3252941 1 2 3 4 5 6 7 8 9 10 11 12 13 
3252991 1 2 3 4 5 6 7 8 9 10 11 12 13 
3253042 1 2 3 4 5 6 7 8 9 10 11 12 13 
3253092 1 2 3 4 5 6 7 8 9 10 11 12 13 
3253142 1 2 3 4 5 6 7 8 9 10 11 12 13 
3253192 1 2 3 4 5 6 7 8 9 10 11 12 13 
3253242 1 2 3 4 5 6 7 8 9 10 11 12 13 
3253292 1 2 3 4 5 6 7 8 9 10 11 12 13 
3253342 1 2 3 4 5 6 7 8 9 10 11 12 13 
3253392 1 2 3 4 5 6 7 8 9 10 11 12 13 
3253442 1 2 3 4 5 6 7 8 9 10 11 12 13 
3253492 1 2 3 4 5 6 7 8 9 10 11 12 13 
3253543 1 2 3 4 5 6 7 8 9 10 11 12 13 
3253593 1 2 3 4 5 6 7 8 9 10 11 12 13 
3253643 1 2 3 4 5 6 7 8 9 10 11 12 13 
3253693 1 2 3 4 5 6 7 8 9 10 11 12 13 
3253743 1 2 3 4 5 6 7 8 9 10 11 12 13 
3253793 1 2 3 4 5 6 7 8 9 10 11 12 13 
3253843 1 2 3 4 5 6 7 8 9 10 11 12 13 
3253894 1 2 3 4 5 6 7 8 9 10 11 12 13 
3253944 1 2 3 4 5 6 7 8 9 10 11 12 13 
3253994 1 2 3 4 5 6 7 8 9 10 11 12 13 
3254044 1 2 3 4 5 6 7 8 9 10 11 12 13 
3254094 1 2 3 4 5 6 7 8 9 10 11 12 13 
3254145 1 2 3 4 5 6 7 8 9 10 11 12 13 
3254195 1 2 3 4 5 6 7 8 9 10 11 12 13 
3254245 1 2 3 4 5 6 7 8 9 10 11 12 13 
3254297 1 2 3 4 5 6 7 8 9 10 11 12 13 
3254347 1 2 3 4 5 6 7 8 9 10 11 12 13 
3254397 1 2 3 4 5 6 7 8 9 10 11 12 13 
3254447 1 2 3 4 5 6 7 8 9 10 11 12 13 
3254499 1 2 3 4 5 6 7 8 9 10 11 12 13 
3254549 1 2 3 4 5 6 7 8 9 10 11 12 13 
3254600 1 2 3 4 5 6 7 8 9 10 11 12 13 
3254650 1 2 3 4 5 6 7 8 9 10 11 12 13 
3254700 1 2 3 4 5 6 7 8 9 10 11 12 13 
3254750 1 2 3 4 5 6 7 8 9 10 11 12 13 
3254800 1 2 3 4 5 6 7 8 9 10 11 12 13 
3254850 1 2 3 4 5 6 7 8 9 10 11 12 13 
3254901 1 2 3 4 5 6 7 8 9 10 11 12 13 
3254951 1 2 3 4 5 6 7 8 9 10 11 12 13 
3255001 1 2 3 4 5 6 7 8 9 10 11 12 13 
3255051 1 2 3 4 5 6 7 8 9 10 11 12 13 
3255101 1 2 3 4 5 6 7 8 9 10 11 12 13 
3255151 1 2 3 4 5 6 7 8 9 10 11 12 13 
3255201 1 2 3 4 5 6 7 8 9 10 11 12 13 
3255251 1 2 3 4 5 6 7 8 9 10 11 12 13 
3255301 1 2 3 4 5 6 7 8 9 10 11 12 13 
3255352 1 2 3 4 5 6 7 8 9 10 11 12 13 
3255403 1 2 3 4 5 6 7 8 9 10 11 12 13 
3255453 1 2 3 4 5 6 7 8 9 10 11 12 13 
3255503 1 2 3 4 5 6 7 8 9 10 11 12 13 
3255553 1 2 3 4 5 6 7 8 9 10 11 12 13 
3255603 1 2 3 4 5 6 7 8 9 10 11 12 13 
3255653 1 2 3 4 5 6 7 8 9 10 11 12 13 
3255703 1 2 3 4 5 6 7 8 9 10 11 12 13 
3255753 1 2 3 4 5 6 7 8 9 10 11 12 13 
3255803 1 2 3 4 5 6 7 8 9 10 11 12 13 
3255853 1 2 3 4 5 6 7 8 9 10 11 12 13 
3255903 1 2 3 4 5 6 7 8 9 10 11 12 13 
3255954 1 2 3 4 5 6 7 8 9 10 11 12 13 
3256004 1 2 3 4 5 6 7 8 9 10 11 12 13 
3256054 1 2 3 4 5 6 7 8 9 10 11 12 13 
3256104 1 2 3 4 5 6 7 8 9 10 11 12 13 
3256154 1 2 3 4 5 6 7 8 9 10 11 12 13 
3256204 1 2 3 4 5 6 7 8 9 10 11 12 13 
3256254 1 2 3 4 5 6 7 8 9 10 11 12 13 
3256304 1 2 3 4 5 6 7 8 9 10 11 12 13 
3256354 1 2 3 4 5 6 7 8 9 10 11 12 13 
3256404 1 2 3 4 5 6 7 8 9 10 11 12 13 
3256454 1 2 3 4 5 6 7 8 9 10 11 12 13 
3256504 1 2 3 4 5 6 7 8 9 10 11 12 13 
3256555 1 2 3 4 5 6 7 8 9 10 11 12 13 
3256605 1 2 3 4 5 6 7 8 9 10 11 12 13 
3256655 1 2 3 4 5 6 7 8 9 10 11 12 13 
3256705 1 2 3 4 5 6 7 8 9 10 11 12 13 
3256755 1 2 3 4 5 6 7 8 9 10 11 12 13 
3256805 1 2 3 4 5 6 7 8 9 10 11 12 13 
3256855 1 2 3 4 5 6 7 8 9 10 11 12 13 
3256905 1 2 3 4 5 6 7 8 9 10 11 12 13 
3256955 1 2 3 4 5 6 7 8 9 10 11 12 13 
3257005 1 2 3 4 5 6 7 8 9 10 11 12 13 
3257055 1 2 3 4 5 6 7 8 9 10 11 12 13 
3257106 1 2 3 4 5 6 7 8 9 10 11 12 13 
3257156 1 2 3 4 5 6 7 8 9 10 11 12 13 
3257206 1 2 3 4 5 6 7 8 9 10 11 12 13 
3257256 1 2 3 4 5 6 7 8 9 10 11 12 13 
3257307 1 2 3 4 5 6 7 8 9 10 11 12 13 
3257357 1 2 3 4 5 6 7 8 9 10 11 12 13 
3257407 1 2 3 4 5 6 7 8 9 10 11 12 13 
3257457 1 2 3 4 5 6 7 8 9 10 11 12 13 
3257507 1 2 3 4 5 6 7 8 9 10 11 12 13 
3257557 1 2 3 4 5 6 7 8 9 10 11 12 13 
3257608 1 2 3 4 5 6 7 8 9 10 11 12 13 
3257658 1 2 3 4 5 6 7 8 9 10 11 12 13 
3257708 1 2 3 4 5 6 7 8 9 10 11 12 13 
3257758 1 2 3 4 5 6 7 8 9 10 11 12 13 
3257808 1 2 3 4 5 6 7 8 9 10 11 12 13 
3257858 1 2 3 4 5 6 7 8 9 10 11 12 13 
3257908 1 2 3 4 5 6 7 8 9 10 11 12 13 
3257958 1 2 3 4 5 6 7 8 9 10 11 12 13 
3258009 1 2 3 4 5 6 7 8 9 10 11 12 13 
3258059 1 2 3 4 5 6 7 8 9 10 11 12 13 
3258109 1 2 3 4 5 6 7 8 9 10 11 12 13 
3258159 1 2 3 4 5 6 7 8 9 10 11 12 13 
3258209 1 2 3 4 5 6 7 8 9 10 11 12 13 
3258259 1 2 3 4 5 6 7 8 9 10 11 12 13 
3258309 1 2 3 4 5 6 7 8 9 10 11 12 13 
3258359 1 2 3 4 5 6 7 8 9 10 11 12 13 
3258409 1 2 3 4 5 6 7 8 9 10 11 12 13 
3258459 1 2 3 4 5 6 7 8 9 10 11 12 13 
3258509 1 2 3 4 5 6 7 8 9 10 11 12 13 
3258560 1 2 3 4 5 6 7 8 9 10 11 12 13 
3258610 1 2 3 4 5 6 7 8 9 10 11 12 13 
3258660 1 2 3 4 5 6 7 8 9 10 11 12 13 
3258710 1 2 3 4 5 6 7 8 9 10 11 12 13 
3258760 1 2 3 4 5 6 7 8 9 10 11 12 13 
3258810 1 2 3 4 5 6 7 8 9 10 11 12 13 
3258860 1 2 3 4 5 6 7 8 9 10 11 12 13 
3258910 1 2 3 4 5 6 7 8 9 10 11 12 13 
3258960 1 2 3 4 5 6 7 8 9 10 11 12 13 
3259010 1 2 3 4 5 6 7 8 9 10 11 12 13 
3259061 1 2 3 4 5 6 7 8 9 10 11 12 13 
3259111 1 2 3 4 5 6 7 8 9 10 11 12 13 
3259161 1 2 3 4 5 6 7 8 9 10 11 12 13 
3259211 1 2 3 4 5 6 7 8 9 10 11 12 13 
3259261 1 2 3 4 5 6 7 8 9 10 11 12 13 
3259311 1 2 3 4 5 6 7 8 9 10 11 12 13 
3259361 1 2 3 4 5 6 7 8 9 10 11 12 13 
3259411 1 2 3 4 5 6 7 8 9 10 11 12 13 
3259461 1 2 3 4 5 6 7 8 9 10 11 12 13 
3259511 1 2 3 4 5 6 7 8 9 10 11 12 13 
3259561 1 2 3 4 5 6 7 8 9 10 11 12 13 
3259612 1 2 3 4 5 6 7 8 9 10 11 12 13 
3259662 1 2 3 4 5 6 7 8 9 10 11 12 13 
3259712 1 2 3 4 5 6 7 8 9 10 11 12 13 
3259762 1 2 3 4 5 6 7 8 9 10 11 12 13 
3259812 1 2 3 4 5 6 7 8 9 10 11 12 13 
3259862 1 2 3 4 5 6 7 8 9 10 11 12 13 
3259912 1 2 3 4 5 6 7 8 9 10 11 12 13 
3259962 1 2 3 4 5 6 7 8 9 10 11 12 13 
3260012 1 2 3 4 5 6 7 8 9 10 11 12 13 
3260062 1 2 3 4 5 6 7 8 9 10 11 12 13 
3260112 1 2 3 4 5 6 7 8 9 10 11 12 13 
3260162 1 2 3 4 5 6 7 8 9 10 11 12 13 
3260213 1 2 3 4 5 6 7 8 9 10 11 12 13 
3260263 1 2 3 4 5 6 7 8 9 10 11 12 13 
3260313 1 2 3 4 5 6 7 8 9 10 11 12 13 
3260363 1 2 3 4 5 6 7 8 9 10 11 12 13 
3260413 1 2 3 4 5 6 7 8 9 10 11 12 13 
3260463 1 2 3 4 5 6 7 8 9 10 11 12 13 
3260513 1 2 3 4 5 6 7 8 9 10 11 12 13 
3260563 1 2 3 4 5 6 7 8 9 10 11 12 13 
3260613 1 2 3 4 5 6 7 8 9 10 11 12 13 
3260663 1 2 3 4 5 6 7 8 9 10 11 12 13 
3260714 1 2 3 4 5 6 7 8 9 10 11 12 13 
3260764 1 2 3 4 5 6 7 8 9 10 11 12 13 
3260814 1 2 3 4 5 6 7 8 9 10 11 12 13 
3260864 1 2 3 4 5 6 7 8 9 10 11 12 13 
3260915 1 2 3 4 5 6 7 8 9 10 11 12 13 
3260965 1 2 3 4 5 6 7 8 9 10 11 12 13 
3261015 1 2 3 4 5 6 7 8 9 10 11 12 13 
3261065 1 2 3 4 5 6 7 8 9 10 11 12 13 
3261115 1 2 3 4 5 6 7 8 9 10 11 12 13 
3261165 1 2 3 4 5 6 7 8 9 10 11 12 13 
3261215 1 2 3 4 5 6 7 8 9 10 11 12 13 
3261265 1 2 3 4 5 6 7 8 9 10 11 12 13 
3261315 1 2 3 4 5 6 7 8 9 10 11 12 13 
3261365 1 2 3 4 5 6 7 8 9 10 11 12 13 
3261416 1 2 3 4 5 6 7 8 9 10 11 12 13 
3261466 1 2 3 4 5 6 7 8 9 10 11 12 13 
3261516 1 2 3 4 5 6 7 8 9 10 11 12 13 
3261566 1 2 3 4 5 6 7 8 9 10 11 12 13 
3261616 1 2 3 4 5 6 7 8 9 10 12 
