40400 0 0 0 0 0 0 0 0 0 0 -3942 25968 -22874 
40450 0 0 0 0 0 0 0 0 0 0 -3942 25968 -22874 
40500 0 0 0 0 0 0 0 0 0 0 -3942 25968 -22874 
40550 0 0 0 0 0 0 0 0 0 0 -3942 25968 -22874 
40600 0 0 0 0 0 0 0 0 0 0 -3942 25968 -22874 
40650 0 0 0 0 0 0 0 0 0 0 -3942 25968 -22874 
40700 0 0 0 0 0 0 0 0 0 0 -3942 25968 -22874 
40751 0 0 0 0 0 0 0 0 0 0 -3942 25968 -22874 
40801 0 0 0 0 0 0 0 0 0 0 -3942 25968 -22874 
40851 0 0 0 0 0 0 0 0 0 0 -3942 25968 -22874 
40901 0 0 0 0 0 0 0 0 0 0 -3942 25968 -22874 
40951 0 0 0 0 0 0 0 0 0 0 -3942 25968 -22874 
41001 0 0 0 0 0 0 0 0 0 0 -3942 25968 -22874 
41051 0 0 0 0 0 0 0 0 0 0 -3942 25968 -22874 
41101 0 0 0 0 0 0 0 0 0 0 -3942 25968 -22874 
41151 0 0 0 0 0 0 0 0 0 0 -3942 25968 -22874 
41201 0 0 0 0 0 0 0 0 0 0 -3942 25968 -22874 
41252 0 0 0 0 0 0 0 0 0 0 -3942 25968 -22874 
41302 0 0 0 0 0 0 0 0 0 0 -3942 25968 -22874 
41352 0 0 0 0 0 0 0 0 0 0 -3942 25968 -22874 
41402 0 0 0 0 0 0 0 0 0 0 -3942 25968 -22874 
41452 0 0 0 0 0 0 0 0 0 0 -3942 25968 -22874 
41502 0 0 0 0 0 0 0 0 0 0 -3942 25968 -22874 
41552 0 0 0 0 0 0 0 0 0 0 -3942 25968 -22874 
41602 0 0 0 0 0 0 0 0 0 0 -3942 25968 -22874 
41652 0 0 0 0 0 0 0 0 0 0 -3942 25968 -22874 
41702 0 0 0 0 0 0 0 0 0 0 -3942 25968 -22874 
41752 0 0 0 0 0 0 0 0 0 0 -3942 25968 -22874 
41803 0 0 0 0 0 0 0 0 0 0 -3942 25968 -22874 
41853 0 0 0 0 0 0 0 0 0 0 -3942 25968 -22874 
41903 0 0 0 0 0 0 0 0 0 0 -3942 25968 -22874 
41953 0 0 0 0 0 0 0 0 0 0 -3942 25968 -22874 
42003 0 0 0 0 0 0 0 0 0 0 -3942 25968 -22874 
42053 0 0 0 0 0 0 0 0 0 0 -3942 25968 -22874 
42103 0 0 0 0 0 0 0 0 0 0 -3942 25968 -22874 
42153 0 0 0 0 0 0 0 0 0 0 -3942 25968 -22874 
42203 0 0 0 0 0 0 0 0 0 0 -3942 25968 -22874 
42253 0 0 0 0 0 0 0 0 0 0 -3942 25968 -22874 
42303 0 0 0 0 0 0 0 0 0 0 -3942 25968 -22874 
42354 0 0 0 0 0 0 0 0 0 0 -3942 25968 -22874 
42404 0 0 0 0 0 0 0 0 0 0 -3942 25968 -22874 
42454 0 0 0 0 0 0 0 0 0 0 -3942 25968 -22874 
42504 0 0 0 0 0 0 0 0 0 0 -3942 25968 -22874 
42554 0 0 0 0 0 0 0 0 0 0 -3942 25968 -22874 
42604 0 0 0 0 0 0 0 0 0 0 -3942 25968 -22874 
42654 0 0 0 0 0 0 0 0 0 0 -3942 25968 -22874 
42704 0 0 0 0 0 0 0 0 0 0 -3942 25968 -22874 
42754 0 0 0 0 0 0 0 0 0 0 -3942 25968 -22874 
42804 0 0 0 0 0 0 0 0 0 0 -3942 25968 -22874 
42855 0 0 0 0 0 0 0 0 0 0 -3942 25968 -22874 
42905 0 0 0 0 0 0 0 0 0 0 -3942 25968 -22874 
42955 0 0 0 0 0 0 0 0 0 0 -3942 25968 -22874 
43005 0 0 0 0 0 0 0 0 0 0 -3942 25968 -22874 
43055 0 0 0 0 0 0 0 0 0 0 -3942 25968 -22874 
43105 0 0 0 0 0 0 0 0 0 0 -3942 25968 -22874 
43155 0 0 0 0 0 0 0 0 0 0 -3942 25968 -22874 
43205 0 0 0 0 0 0 0 0 0 0 -3942 25968 -22874 
43255 0 0 0 0 0 0 0 0 0 0 -3942 25968 -22874 
43305 0 0 0 0 0 0 0 0 0 0 -3942 25968 -22874 
43355 0 0 0 0 0 0 0 0 0 0 -3942 25968 -22874 
43406 0 0 0 0 0 0 0 0 0 0 -3942 25968 -22874 
43456 0 0 0 0 0 0 0 0 0 0 -3942 25968 -22874 
43506 0 0 0 0 0 0 0 0 0 0 -3942 25968 -22874 
43556 0 0 0 0 0 0 0 0 0 0 -3942 25968 -22874 
43606 0 0 0 0 0 0 0 0 0 0 -3942 25968 -22874 
43656 0 0 0 0 0 0 0 0 0 0 -3942 25968 -22874 
43706 0 0 0 0 0 0 0 0 0 0 -3942 25968 -22874 
43756 0 0 0 0 0 0 0 0 0 0 -3942 25968 -22874 
43806 0 0 0 0 0 0 0 0 0 0 -3942 25968 -22874 
43857 0 0 0 0 0 0 0 0 0 0 -3942 25968 -22874 
43907 0 0 0 0 0 0 0 0 0 0 -3942 25968 -22874 
43957 0 0 0 0 0 0 0 0 0 0 -3942 25968 -22874 
44007 0 0 0 0 0 0 0 0 0 0 -3942 25968 -22874 
44057 0 0 0 0 0 0 0 0 0 0 -3942 25968 -22874 
44107 0 0 0 0 0 0 0 0 0 0 -3942 25968 -22874 
44157 0 0 0 0 0 0 0 0 0 0 -3942 25968 -22874 
44207 0 0 0 0 0 0 0 0 0 0 -3942 25968 -22874 
44257 0 0 0 0 0 0 0 0 0 0 -3942 25968 -22874 
44307 0 0 0 0 0 0 0 0 0 0 -3942 25968 -22874 
44358 0 0 0 0 0 0 0 0 0 0 -3942 25968 -22874 
44408 0 0 0 0 0 0 0 0 0 0 -3942 25968 -22874 
44458 0 0 0 0 0 0 0 0 0 0 -3942 25968 -22874 
44508 0 0 0 0 0 0 0 0 0 0 -3942 25968 -22874 
44558 0 0 0 0 0 0 0 0 0 0 -3942 25968 -22874 
44608 0 0 0 0 0 0 0 0 0 0 -3942 25968 -22874 
44658 0 0 0 0 0 0 0 0 0 0 -3942 25968 -22874 
44708 0 0 0 0 0 0 0 0 0 0 -3942 25968 -22874 
44758 0 0 0 0 0 0 0 0 0 0 -3942 25968 -22874 
44808 0 0 0 0 0 0 0 0 0 0 -3942 25968 -22874 
44859 0 0 0 0 0 0 0 0 0 0 -3942 25968 -22874 
44909 0 0 0 0 0 0 0 0 0 0 -3942 25968 -22874 
44959 0 0 0 0 0 0 0 0 0 0 -3942 25968 -22874 
45009 0 0 0 0 0 0 0 0 0 0 -3942 25968 -22874 
45059 0 0 0 0 0 0 0 0 0 0 -3942 25968 -22874 
45109 0 0 0 0 0 0 0 0 0 0 -3942 25968 -22874 
45159 0 0 0 0 0 0 0 0 0 0 -3942 25968 -22874 
45209 0 0 0 0 0 0 0 0 0 0 -3942 25968 -22874 
45259 0 0 0 0 0 0 0 0 0 0 -3942 25968 -22874 
45309 0 0 0 0 0 0 0 0 0 0 -3942 25968 -22874 
45359 0 0 0 0 0 0 0 0 0 0 -3942 25968 -22874 
45410 0 0 0 0 0 0 0 0 0 0 -3942 25968 -22874 
45460 0 0 0 0 0 0 0 0 0 0 -3942 25968 -22874 
45510 0 0 0 0 0 0 0 0 0 0 -3942 25968 -22874 
45560 0 0 0 0 0 0 0 0 0 0 -3942 25968 -22874 
45610 0 0 0 0 0 0 0 0 0 0 -3942 25968 -22874 
45660 0 0 0 0 0 0 0 0 0 0 -3942 25968 -22874 
45710 0 0 0 0 0 0 0 0 0 0 -3942 25968 -22874 
45760 0 0 0 0 0 0 0 0 0 0 -3942 25968 -22874 
