659055480 539 0 0 0 0 -1 3 -1 0 0 0 -1 3 -1 0 0 0 
661535320 539 0 0 0 0 0 3 -1 0 0 0 0 3 -1 0 0 0 
662165466 539 0 0 0 0 0 3 -1 0 0 0 0 3 -1 0 0 0 
664053048 539 0 0 0 0 -1 2 1 0 0 0 -1 2 1 0 0 0 
664681444 539 0 0 0 0 -1 2 1 0 0 0 -1 2 1 0 0 0 
666569432 539 0 0 0 0 0 0 1 0 0 0 0 0 1 0 0 0 
667198228 539 0 0 0 0 1 1 1 0 0 0 0 1 1 0 0 0 
669086392 539 0 0 0 0 1 1 1 1 0 1 1 1 1 1 0 0 
669716212 539 0 0 0 0 0 1 1 1 1 0 0 1 1 0 1 0 
671565444 539 0 0 0 0 0 2 2 0 1 0 0 2 2 0 1 0 
674082178 539 0 0 0 0 0 1 1 0 1 0 0 1 1 0 1 0 
674869374 539 0 0 0 0 1 1 1 0 1 0 0 1 1 0 1 0 
676600976 539 0 0 0 0 -1 1 0 1 1 0 -1 1 0 0 1 0 
677387370 539 0 0 0 0 -2 1 1 0 1 0 -2 1 0 0 1 0 
679079222 539 0 0 0 0 -1 2 0 0 1 0 -1 2 0 0 1 0 
679904948 539 0 0 0 0 -1 2 0 1 0 0 -1 2 0 1 0 0 
681596544 539 0 0 0 0 -1 3 -1 0 1 0 -1 3 -1 0 0 0 
682423338 539 0 0 0 0 -1 3 -1 1 1 0 -1 3 -1 1 1 0 
684115722 539 0 0 0 0 -1 4 -1 0 1 0 -1 4 -1 0 1 0 
686596506 539 0 0 0 0 -1 3 -1 0 1 -1 -1 3 -1 0 0 0 
687618900 539 0 0 0 0 -2 3 -1 -1 1 -1 -2 3 -1 0 0 0 
689114884 539 0 0 0 0 -2 3 0 0 0 -1 -2 2 0 0 0 -1 
690097978 539 0 0 0 0 -2 2 1 -1 0 -1 -2 1 1 -1 0 -1 
691632074 539 0 0 0 0 -1 0 1 -1 0 -1 -1 0 1 0 0 -1 
692616074 539 0 0 0 0 -1 0 1 0 1 -1 -1 0 1 0 1 -1 
694152460 539 0 0 0 0 -1 0 1 0 1 0 -1 0 0 0 1 0 
695134846 539 0 0 0 0 -1 1 0 1 1 0 -1 1 0 0 1 0 
696628850 539 0 0 0 0 -2 2 0 0 1 -1 -2 1 0 0 1 -1 
699148422 539 0 0 0 0 -3 1 0 -1 1 -1 -3 1 0 -1 1 -1 
700329108 539 0 0 0 0 -3 2 0 -1 1 -1 -3 2 0 0 1 -1 
701667612 539 0 0 0 0 -3 0 0 -1 1 -1 -3 0 0 0 1 0 
702847210 539 0 0 0 0 -3 0 0 -1 1 0 -3 0 0 0 1 0 
704144402 539 0 0 0 0 -3 0 0 0 1 0 -3 0 0 0 1 0 
705363858 539 0 0 0 0 -4 0 0 0 1 0 -4 0 0 0 1 0 
706662380 539 0 0 0 0 -3 -1 0 0 1 0 -3 0 0 0 0 0 
707881072 539 0 0 0 0 -4 0 -1 0 0 0 -4 0 0 0 0 0 
709178052 539 0 0 0 0 -4 0 0 0 1 0 -3 0 0 0 1 0 
711694348 539 0 0 0 0 -3 -1 0 0 0 0 -3 -1 0 0 0 0 
713030334 539 0 0 0 0 -3 0 0 0 0 0 -3 0 0 0 0 0 
714172220 539 0 0 0 0 -3 0 0 1 0 0 -3 0 0 0 0 0 
715509518 539 0 0 0 0 -4 0 0 1 0 0 -3 0 0 1 0 0 
716689512 539 0 0 0 0 -3 1 0 1 1 1 -3 1 0 1 0 1 
718027516 539 0 0 0 0 -4 1 0 0 0 1 -3 1 0 0 0 1 
719208702 539 0 0 0 0 -4 1 0 0 0 1 -3 1 0 0 0 1 
720545900 539 0 0 0 0 -3 2 0 0 0 1 -3 1 0 0 0 1 
721687086 539 0 0 0 0 -3 1 0 0 0 1 -3 1 0 0 0 1 
724205870 539 0 0 0 0 -3 1 0 0 0 1 -3 1 0 0 0 1 
725740254 539 0 0 0 0 -3 1 -1 0 0 1 -3 1 -1 0 0 0 
726725460 539 0 0 0 0 -3 1 -1 0 0 1 -3 1 -1 0 0 0 
728259450 539 0 0 0 0 -3 2 0 1 0 1 -3 1 0 0 0 0 
729203832 539 0 0 0 0 -3 1 0 0 0 0 -3 1 0 0 0 0 
730739842 539 0 0 0 0 -2 1 0 0 0 0 -2 1 0 0 0 0 
731724222 539 0 0 0 0 -2 1 -1 0 0 1 -2 1 0 0 0 0 
733256214 539 0 0 0 0 -3 2 0 0 0 0 -3 1 0 0 0 0 
734239664 539 0 0 0 0 -3 2 0 0 0 0 -2 1 0 0 0 0 
736718586 539 0 0 0 0 -2 1 0 0 0 0 -2 1 0 0 0 0 
738409788 539 0 0 0 0 -2 2 0 0 1 0 -2 2 0 0 0 0 
739235370 539 0 0 0 0 -2 1 0 0 0 0 -2 1 0 0 0 0 
740927764 539 0 0 0 0 -3 2 0 0 0 0 -3 2 0 0 0 0 
741754160 539 0 0 0 0 -3 1 0 0 1 0 -3 1 0 0 1 0 
743445818 539 0 0 0 0 -3 2 0 0 0 0 -3 1 0 0 0 0 
744272144 539 0 0 0 0 -3 1 0 0 0 0 -3 1 0 0 0 0 
745962540 539 0 0 0 0 -3 1 0 0 0 0 -2 1 0 0 0 0 
746749372 539 0 0 0 0 -2 1 0 0 0 0 -2 1 0 0 0 0 
749265718 539 0 0 0 0 -3 0 1 0 1 0 -3 0 0 0 0 0 
751156094 539 0 0 0 0 -3 1 0 0 0 0 -3 0 0 0 0 0 
751785296 539 0 0 0 0 -3 0 0 0 1 0 -3 0 0 0 0 0 
753670492 539 0 0 0 0 -3 0 0 0 0 0 -3 0 0 0 0 0 
754300524 539 0 0 0 0 -3 1 1 0 0 0 -3 0 0 0 0 0 
756149276 539 0 0 0 0 -3 0 0 0 0 0 -3 0 0 0 0 0 
756777946 539 0 0 0 0 -3 1 0 0 0 0 -3 1 0 0 0 0 
758666716 539 0 0 0 0 -3 1 0 0 0 0 -3 1 0 0 0 0 
759296056 539 0 0 0 0 -3 1 0 0 1 0 -3 1 0 0 0 0 
761814040 539 0 0 0 0 -3 1 0 0 1 0 -3 1 0 0 0 0 
763819620 539 0 0 0 0 -3 1 -1 0 1 0 -3 1 -1 0 0 0 
764330818 539 0 0 0 0 -3 1 0 0 0 0 -3 1 0 0 0 0 
766336812 539 0 0 0 0 -3 1 0 0 1 1 -3 1 0 0 0 1 
766808052 539 0 0 0 0 -3 0 0 0 1 0 -3 0 0 0 0 0 
768852796 539 0 0 0 0 -3 1 0 0 0 0 -3 1 0 0 0 0 
769324580 539 0 0 0 0 -3 1 1 0 1 0 -3 1 1 0 0 0 
771371174 539 0 0 0 0 -3 1 1 0 1 0 -3 1 1 0 1 0 
771843314 539 0 0 0 0 -3 1 1 0 1 0 -3 1 1 0 1 0 
774321148 539 0 0 0 0 -2 2 1 0 1 1 -2 1 1 0 1 0 
776524348 539 0 0 0 0 -3 1 2 0 1 1 -3 1 2 0 1 1 
776839546 539 0 0 0 0 -3 1 2 -1 2 1 -3 1 2 0 1 1 
779041532 539 0 0 0 0 26 -9 6 0 14 -2 25 -9 6 0 13 -2 
779355922 539 0 0 0 0 31 -16 8 1 20 -4 31 -15 7 1 20 -4 
781557516 539 0 0 0 0 5 -3 59 10 70 -19 6 -2 57 10 69 -19 
781832714 539 0 0 0 0 2 1 64 12 71 -19 3 0 64 12 71 -19 
784074686 539 0 0 0 0 -49 23 45 19 54 -13 -49 21 45 18 54 -13 
784349098 539 0 0 0 0 -56 23 39 19 50 -11 -54 22 39 19 50 -11 
786863882 539 0 0 0 0 -94 35 -8 9 12 -2 -93 35 -7 9 12 -2 
789225580 539 0 0 0 0 -91 19 -32 -9 8 -2 -91 19 -32 -8 8 -2 
789383060 539 0 0 0 0 -93 18 -32 -9 7 -2 -93 18 -32 -9 7 -2 
791743452 539 0 0 0 0 -91 13 -12 -11 -11 8 -91 12 -12 -11 -11 8 
791901038 539 0 0 0 0 -89 11 -11 -11 -13 9 -89 11 -11 -11 -12 9 
794260228 539 0 0 0 0 -66 7 -10 -6 -24 16 -66 6 -10 -6 -23 15 
794417428 539 0 0 0 0 -64 7 -9 -6 -24 16 -64 6 -9 -6 -23 15 
796775282 539 0 0 0 0 -50 6 8 -7 -28 13 -50 5 8 -7 -28 13 
796892606 539 0 0 0 0 -49 5 8 -7 -28 12 -49 5 8 -7 -28 12 
799408996 539 0 0 0 0 -37 4 11 -6 -30 9 -37 4 11 -6 -30 9 
801885224 539 0 0 0 0 -24 1 10 -3 -28 7 -24 1 10 -3 -28 7 
802003386 539 0 0 0 0 -22 1 10 -3 -28 7 -22 1 10 -3 -28 7 
804403758 539 0 0 0 0 -8 -4 8 1 -21 5 -8 -4 8 1 -21 5 
804482158 539 0 0 0 0 -8 -4 8 1 -21 5 -8 -4 8 1 -20 5 
806920550 539 0 0 0 0 0 -3 8 4 -13 3 0 -3 8 4 -13 3 
806998942 539 0 0 0 0 1 -3 9 4 -13 3 1 -3 9 4 -12 2 
809436928 539 0 0 0 0 3 0 10 4 -8 0 3 0 9 4 -8 0 
809515326 539 0 0 0 0 3 1 10 4 -7 0 3 1 10 4 -7 0 
811914512 539 0 0 0 0 5 2 8 1 -4 -2 5 2 8 1 -4 -2 
814433296 539 0 0 0 0 6 1 3 0 0 -1 6 1 3 0 0 -1 
814669300 539 0 0 0 0 6 1 3 0 0 0 6 1 3 0 0 0 
816952480 539 0 0 0 0 3 1 3 0 2 0 3 1 3 0 2 0 
817188884 539 0 0 0 0 3 1 3 0 2 1 3 1 3 0 2 1 
819432476 539 0 0 0 0 0 3 1 0 2 0 0 2 1 0 2 0 
819707962 539 0 0 0 0 0 3 1 0 2 0 0 3 1 0 2 0 
821950048 539 0 0 0 0 -1 2 0 0 2 -1 -1 2 0 0 2 -1 
822224460 539 0 0 0 0 -1 1 -1 0 2 -1 -1 1 -1 0 2 -1 
824468038 539 0 0 0 0 -3 1 0 0 1 -1 -3 1 0 0 1 -1 
826985630 539 0 0 0 0 -3 1 -1 1 1 -1 -3 1 -1 1 1 -1 
827378820 539 0 0 0 0 -4 1 -1 1 0 -1 -3 0 -1 1 0 -1 
829463208 539 0 0 0 0 -3 0 -1 1 0 -1 -3 0 -1 1 0 0 
829896586 539 0 0 0 0 -3 0 -1 1 0 -1 -3 0 -1 1 0 -1 
831981198 539 0 0 0 0 -3 2 -1 0 0 0 -3 2 0 0 0 0 
832374796 539 0 0 0 0 -4 2 -1 0 0 0 -3 2 -1 0 0 0 
834496450 539 0 0 0 0 -3 0 0 0 0 0 -3 0 0 0 0 0 
834889574 539 0 0 0 0 -3 0 1 -1 1 0 -3 0 0 0 0 0 
837013554 539 0 0 0 0 -3 -1 0 0 1 1 -3 -1 0 0 1 1 
839488750 539 0 0 0 0 -3 0 0 0 1 1 -3 0 0 0 1 1 
840077940 539 0 0 0 0 -3 -1 2 0 1 1 -3 0 1 0 0 1 
842005128 539 0 0 0 0 -3 0 0 0 1 0 -3 0 0 0 0 0 
842594318 539 0 0 0 0 -3 1 -1 0 0 1 -3 1 -1 0 0 0 
844520718 539 0 0 0 0 -3 2 -1 0 0 1 -3 1 -1 0 0 0 
845111116 539 0 0 0 0 -2 2 -1 0 0 1 -2 2 -1 0 0 1 
847038704 539 0 0 0 0 -1 1 -1 0 0 1 -1 1 -1 0 0 1 
847629100 539 0 0 0 0 -2 2 -1 0 0 1 -2 1 -1 0 0 1 
849516274 539 0 0 0 0 -2 2 0 0 0 1 -2 2 0 0 0 1 
852033072 539 0 0 0 0 -1 2 0 0 0 1 -1 2 0 0 0 0 
852741860 539 0 0 0 0 -1 1 1 0 0 0 -1 1 1 0 0 0 
854549856 539 0 0 0 0 -1 1 1 0 1 0 -1 1 1 0 1 0 
855257838 539 0 0 0 0 -1 1 2 0 1 0 -1 1 1 0 0 0 
857068634 539 0 0 0 0 -2 1 1 0 0 0 -2 1 1 0 0 0 
857777424 539 0 0 0 0 -2 1 0 0 0 0 -2 1 0 0 0 0 
859548218 539 0 0 0 0 -2 1 0 0 1 0 -2 1 0 0 1 0 
860297014 539 0 0 0 0 -2 0 0 0 1 0 -2 0 0 0 1 0 
862069402 539 0 0 0 0 -3 1 0 0 0 0 -3 1 0 0 0 0 
864585392 539 0 0 0 0 -3 1 -1 0 0 0 -3 1 -1 0 0 0 
865450174 539 0 0 0 0 -3 0 -1 0 0 0 -3 0 -1 0 0 0 
867060978 539 0 0 0 0 -4 0 0 0 0 0 -3 0 0 0 0 0 
867964972 539 0 0 0 0 -3 -1 0 0 0 0 -3 -1 0 0 0 0 
869578548 539 0 0 0 0 -2 -1 0 0 0 0 -2 -1 0 0 0 0 
870483356 539 0 0 0 0 -3 0 0 0 0 1 -3 0 0 0 0 0 
872096146 539 0 0 0 0 -3 0 0 0 0 1 -3 0 0 0 0 0 
873000934 539 0 0 0 0 -3 0 0 0 0 0 -2 0 0 0 0 0 
874612530 539 0 0 0 0 -2 0 0 0 1 0 -2 0 0 0 0 0 
877092102 539 0 0 0 0 -3 1 0 0 0 1 -2 1 0 0 0 0 
878154908 539 0 0 0 0 -3 1 0 0 0 1 -2 1 0 0 0 0 
879608892 539 0 0 0 0 -2 0 0 0 0 1 -2 0 0 0 0 1 
880670078 539 0 0 0 0 -2 0 0 0 0 1 -2 0 0 0 0 1 
882124482 539 0 0 0 0 -2 1 -1 0 0 1 -2 1 -1 0 0 1 
883185270 539 0 0 0 0 -2 1 0 0 0 1 -2 0 0 0 0 1 
884642460 539 0 0 0 0 -2 0 0 0 0 1 -2 0 0 0 0 0 
885704860 539 0 0 0 0 -2 0 1 0 0 0 -2 0 0 0 0 0 
887121644 539 0 0 0 0 -2 0 0 0 0 0 -2 0 0 0 0 0 
889638022 539 0 0 0 0 -1 0 1 0 0 0 -1 0 1 0 0 0 
890856028 539 0 0 0 0 -2 1 1 0 1 0 -2 1 0 0 0 0 
892154412 539 0 0 0 0 -2 0 1 0 1 0 -2 0 1 0 0 0 
893372900 539 0 0 0 0 -2 0 0 0 1 0 -2 0 0 0 0 0 
894631198 539 0 0 0 0 -2 0 0 0 0 0 -2 0 0 0 0 0 
895891190 539 0 0 0 0 -2 0 0 0 0 0 -2 0 0 0 0 0 
897149988 539 0 0 0 0 -2 -1 0 0 1 0 -2 0 0 0 1 0 
898409568 539 0 0 0 0 -3 0 0 0 1 0 -3 0 0 0 1 0 
899670772 539 0 0 0 0 -3 0 0 0 0 0 -3 0 0 0 0 0 
902150250 539 0 0 0 0 -1 0 0 0 0 1 -1 0 0 0 0 1 
903566742 539 0 0 0 0 -2 0 0 0 1 1 -2 0 0 0 1 1 
904668740 539 0 0 0 0 -3 1 0 0 1 0 -3 1 0 0 1 0 
906085926 539 0 0 0 0 -3 1 0 0 0 1 -3 0 0 0 0 1 
907187924 539 0 0 0 0 -2 0 0 0 0 0 -2 0 0 0 0 0 
908603916 539 0 0 0 0 -3 1 -1 0 0 1 -2 0 0 0 0 0 
909665496 539 0 0 0 0 -2 0 -1 0 0 0 -2 0 0 0 0 0 
911123100 539 0 0 0 0 -2 -1 0 0 1 0 -2 0 0 0 0 0 
912185086 539 0 0 0 0 -3 0 0 1 0 0 -3 0 0 0 0 0 
914701078 539 0 0 0 0 -3 0 0 0 0 0 -3 0 0 0 0 0 
916313860 539 0 0 0 0 -3 0 0 1 0 0 -2 0 0 0 0 0 
917218262 539 0 0 0 0 -3 0 0 0 0 0 -3 0 0 0 0 0 
918832126 539 0 0 0 0 -2 0 1 0 0 0 -2 0 0 0 0 0 
919698240 539 0 0 0 0 -3 0 0 0 1 0 -3 0 0 0 0 0 
921351036 539 0 0 0 0 -3 0 0 0 1 1 -2 0 0 0 1 1 
922216692 539 0 0 0 0 -2 0 0 0 0 1 -2 0 0 0 0 1 
923828264 539 0 0 0 0 -2 -1 0 0 0 1 -2 -1 0 0 0 0 
924733002 539 0 0 0 0 -3 -1 0 -1 1 0 -3 -1 0 0 0 0 
927210592 539 0 0 0 0 -3 0 0 0 0 1 -2 0 0 0 0 1 
929019712 539 0 0 0 0 -2 -1 1 0 1 0 -2 0 1 0 0 0 
929725376 539 0 0 0 0 -2 0 0 0 0 0 -2 0 0 0 0 0 
931534972 539 0 0 0 0 -2 0 1 0 0 0 -2 0 0 0 0 0 
932243366 539 0 0 0 0 -2 1 0 0 1 0 -2 0 0 0 0 0 
934052956 539 0 0 0 0 -2 1 0 0 1 0 -2 1 0 0 1 0 
934760950 539 0 0 0 0 -2 1 0 0 0 0 -2 1 0 0 0 0 
936571326 539 0 0 0 0 -2 1 0 0 1 1 -2 0 0 0 1 0 
937239736 539 0 0 0 0 -3 0 0 0 1 1 -3 0 0 0 1 0 
939754920 539 0 0 0 0 -2 0 -1 0 0 0 -2 0 -1 0 0 0 
941760506 539 0 0 0 0 -3 0 -1 0 0 0 -3 0 -1 0 0 0 
942272298 539 0 0 0 0 -3 0 0 0 0 0 -3 0 0 0 0 0 
944277284 539 0 0 0 0 -3 -1 0 0 0 0 -3 0 0 0 0 0 
944749682 539 0 0 0 0 -3 -1 0 0 0 0 -3 0 0 0 0 0 
946796068 539 0 0 0 0 -3 0 0 1 0 0 -3 0 0 1 0 0 
947268866 539 0 0 0 0 -3 0 -1 1 0 0 -3 0 0 1 0 0 
949314452 539 0 0 0 0 -2 0 0 1 0 0 -2 0 0 0 0 0 
949786444 539 0 0 0 0 -2 0 1 1 0 0 -2 0 1 1 0 0 
952304040 539 0 0 0 0 -2 0 0 0 0 0 -2 0 0 0 0 0 
954467220 539 0 0 0 0 -2 0 1 0 1 0 -2 0 1 0 1 0 
954781624 539 0 0 0 0 -2 1 0 0 1 1 -2 0 0 0 1 0 
956986398 539 0 0 0 0 -3 0 0 0 1 0 -3 0 0 0 1 0 
957301378 539 0 0 0 0 -3 0 0 0 1 1 -3 0 0 0 1 1 
959503994 539 0 0 0 0 -4 -1 0 0 0 0 -4 -1 0 0 0 0 
959818786 539 0 0 0 0 -3 -1 0 0 0 0 -3 0 0 0 0 0 
962021166 539 0 0 0 0 -3 0 0 0 0 1 -3 0 0 0 0 0 
962296870 539 0 0 0 0 -3 0 -1 1 0 1 -3 0 0 0 0 0 
964813962 539 0 0 0 0 -3 0 0 1 0 0 -3 0 0 1 0 0 
967174340 539 0 0 0 0 -3 1 0 0 0 0 -3 0 0 0 0 0 
967331946 539 0 0 0 0 -3 1 0 0 0 0 -3 0 0 0 0 0 
969691812 539 0 0 0 0 -2 1 0 0 0 1 -2 0 0 0 0 0 
969809518 539 0 0 0 0 -2 0 0 0 0 1 -2 0 0 0 0 0 
972209508 539 0 0 0 0 -3 0 0 0 0 0 -3 0 0 0 0 0 
972406314 539 0 0 0 0 -3 0 0 0 0 1 -3 0 0 0 0 0 
974726698 539 0 0 0 0 -3 0 0 0 1 0 -3 0 0 0 1 0 
974883960 539 0 0 0 0 -3 0 0 0 1 0 -3 0 0 0 1 0 
