3737487 1 2 3 4 5 6 7 8 9 10 11 12 13 
3737537 1 2 3 4 5 6 7 8 9 10 11 12 13 
3737587 1 2 3 4 5 6 7 8 9 10 11 12 13 
3737637 1 2 3 4 5 6 7 8 9 10 11 12 13 
3737687 1 2 3 4 5 6 7 8 9 10 11 12 13 
3737738 1 2 3 4 5 6 7 8 9 10 11 12 13 
3737788 1 2 3 4 5 6 7 8 9 10 11 12 13 
3737838 1 2 3 4 5 6 7 8 9 10 11 12 13 
3737888 1 2 3 4 5 6 7 8 9 10 11 12 13 
3737938 1 2 3 4 5 6 7 8 9 10 11 12 13 
3737988 1 2 3 4 5 6 7 8 9 10 11 12 13 
3738038 1 2 3 4 5 6 7 8 9 10 11 12 13 
3738088 1 2 3 4 5 6 7 8 9 10 11 12 13 
3738139 1 2 3 4 5 6 7 8 9 10 11 12 13 
3738189 1 2 3 4 5 6 7 8 9 10 11 12 13 
3738239 1 2 3 4 5 6 7 8 9 10 11 12 13 
3738289 1 2 3 4 5 6 7 8 9 10 11 12 13 
3738339 1 2 3 4 5 6 7 8 9 10 11 12 13 
3738389 1 2 3 4 5 6 7 8 9 10 11 12 13 
3738439 1 2 3 4 5 6 7 8 9 10 11 12 13 
3738489 1 2 3 4 5 6 7 8 9 10 11 12 13 
3738539 1 2 3 4 5 6 7 8 9 10 11 12 13 
3738589 1 2 3 4 5 6 7 8 9 10 11 12 13 
3738640 1 2 3 4 5 6 7 8 9 10 11 12 13 
3738690 1 2 3 4 5 6 7 8 9 10 11 12 13 
3738740 1 2 3 4 5 6 7 8 9 10 11 12 13 
3738790 1 2 3 4 5 6 7 8 9 10 11 12 13 
3738840 1 2 3 4 5 6 7 8 9 10 11 12 13 
3738890 1 2 3 4 5 6 7 8 9 10 11 12 13 
3738940 1 2 3 4 5 6 7 8 9 10 11 12 13 
3738990 1 2 3 4 5 6 7 8 9 10 11 12 13 
3739040 1 2 3 4 5 6 7 8 9 10 11 12 13 
3739090 1 2 3 4 5 6 7 8 9 10 11 12 13 
3739141 1 2 3 4 5 6 7 8 9 10 11 12 13 
3739191 1 2 3 4 5 6 7 8 9 10 11 12 13 
3739241 1 2 3 4 5 6 7 8 9 10 11 12 13 
3739291 1 2 3 4 5 6 7 8 9 10 11 12 13 
3739342 1 2 3 4 5 6 7 8 9 10 11 12 13 
3739392 1 2 3 4 5 6 7 8 9 10 11 12 13 
3739442 1 2 3 4 5 6 7 8 9 10 11 12 13 
3739492 1 2 3 4 5 6 7 8 9 10 11 12 13 
3739542 1 2 3 4 5 6 7 8 9 10 11 12 13 
3739592 1 2 3 4 5 6 7 8 9 10 11 12 13 
3739643 1 2 3 4 5 6 7 8 9 10 11 12 13 
3739693 1 2 3 4 5 6 7 8 9 10 11 12 13 
3739743 1 2 3 4 5 6 7 8 9 10 11 12 13 
3739793 1 2 3 4 5 6 7 8 9 10 11 12 13 
3739844 1 2 3 4 5 6 7 8 9 10 11 12 13 
3739894 1 2 3 4 5 6 7 8 9 10 11 12 13 
3739944 1 2 3 4 5 6 7 8 9 10 11 12 13 
3739994 1 2 3 4 5 6 7 8 9 10 11 12 13 
3740044 1 2 3 4 5 6 7 8 9 10 11 12 13 
3740094 1 2 3 4 5 6 7 8 9 10 11 12 13 
3740145 1 2 3 4 5 6 7 8 9 10 11 12 13 
3740195 1 2 3 4 5 6 7 8 9 10 11 12 13 
3740245 1 2 3 4 5 6 7 8 9 10 11 12 13 
3740295 1 2 3 4 5 6 7 8 9 10 11 12 13 
3740345 1 2 3 4 5 6 7 8 9 10 11 12 13 
3740395 1 2 3 4 5 6 7 8 9 10 11 12 13 
3740445 1 2 3 4 5 6 7 8 9 10 11 12 13 
3740496 1 2 3 4 5 6 7 8 9 10 11 12 13 
3740546 1 2 3 4 5 6 7 8 9 10 11 12 13 
3740596 1 2 3 4 5 6 7 8 9 10 11 12 13 
3740646 1 2 3 4 5 6 7 8 9 10 11 12 13 
3740696 1 2 3 4 5 6 7 8 9 10 11 12 13 
3740747 1 2 3 4 5 6 7 8 9 10 11 12 13 
3740797 1 2 3 4 5 6 7 8 9 10 11 12 13 
3740847 1 2 3 4 5 6 7 8 9 10 11 12 13 
3740897 1 2 3 4 5 6 7 8 9 10 11 12 13 
3740947 1 2 3 4 5 6 7 8 9 10 11 12 13 
3740997 1 2 3 4 5 6 7 8 9 10 11 12 13 
3741047 1 2 3 4 5 6 7 8 9 10 11 12 13 
3741097 1 2 3 4 5 6 7 8 9 10 11 12 13 
3741148 1 2 3 4 5 6 7 8 9 10 11 12 13 
3741198 1 2 3 4 5 6 7 8 9 10 11 12 13 
3741248 1 2 3 4 5 6 7 8 9 10 11 12 13 
3741298 1 2 3 4 5 6 7 8 9 10 11 12 13 
3741348 1 2 3 4 5 6 7 8 9 10 11 12 13 
3741398 1 2 3 4 5 6 7 8 9 10 11 12 13 
3741448 1 2 3 4 5 6 7 8 9 10 11 12 13 
3741498 1 2 3 4 5 6 7 8 9 10 11 12 13 
3741549 1 2 3 4 5 6 7 8 9 10 11 12 13 
3741599 1 2 3 4 5 6 7 8 9 10 11 12 13 
3741649 1 2 3 4 5 6 7 8 9 10 11 12 13 
3741699 1 2 3 4 5 6 7 8 9 10 11 12 13 
3741749 1 2 3 4 5 6 7 8 9 10 11 12 13 
3741799 1 2 3 4 5 6 7 8 9 10 11 12 13 
3741849 1 2 3 4 5 6 7 8 9 10 11 12 13 
3741901 1 2 3 4 5 6 7 8 9 10 11 12 13 
3741951 1 2 3 4 5 6 7 8 9 10 11 12 13 
3742001 1 2 3 4 5 6 7 8 9 10 11 12 13 
3742051 1 2 3 4 5 6 7 8 9 10 11 12 13 
3742101 1 2 3 4 5 6 7 8 9 10 11 12 13 
3742151 1 2 3 4 5 6 7 8 9 10 11 12 13 
3742201 1 2 3 4 5 6 7 8 9 10 11 12 13 
3742251 1 2 3 4 5 6 7 8 9 10 11 12 13 
3742302 1 2 3 4 5 6 7 8 9 10 11 12 13 
3742352 1 2 3 4 5 6 7 8 9 10 11 12 13 
3742402 1 2 3 4 5 6 7 8 9 10 11 12 13 
3742452 1 2 3 4 5 6 7 8 9 10 11 12 13 
3742502 1 2 3 4 5 6 7 8 9 10 11 12 13 
3742552 1 2 3 4 5 6 7 8 9 10 11 12 13 
3742602 1 2 3 4 5 6 7 8 9 10 11 12 13 
3742652 1 2 3 4 5 6 7 8 9 10 11 12 13 
3742702 1 2 3 4 5 6 7 8 9 10 11 12 13 
3742753 1 2 3 4 5 6 7 8 9 10 11 12 13 
3742803 1 2 3 4 5 6 7 8 9 10 11 12 13 
3742853 1 2 3 4 5 6 7 8 9 10 11 12 13 
3742903 1 2 3 4 5 6 7 8 9 10 11 12 13 
3742953 1 2 3 4 5 6 7 8 9 10 11 12 13 
3743003 1 2 3 4 5 6 7 8 9 10 11 12 13 
3743053 1 2 3 4 5 6 7 8 9 10 11 12 13 
3743103 1 2 3 4 5 6 7 8 9 10 11 12 13 
3743153 1 2 3 4 5 6 7 8 9 10 11 12 13 
3743203 1 2 3 4 5 6 7 8 9 10 11 12 13 
3743254 1 2 3 4 5 6 7 8 9 10 11 12 13 
3743304 1 2 3 4 5 6 7 8 9 10 11 12 13 
3743354 1 2 3 4 5 6 7 8 9 10 11 12 13 
3743404 1 2 3 4 5 6 7 8 9 10 11 12 13 
3743454 1 2 3 4 5 6 7 8 9 10 11 12 13 
3743504 1 2 3 4 5 6 7 8 9 10 11 12 13 
3743554 1 2 3 4 5 6 7 8 9 10 11 12 13 
3743605 1 2 3 4 5 6 7 8 9 10 11 12 13 
3743655 1 2 3 4 5 6 7 8 9 10 11 12 13 
3743705 1 2 3 4 5 6 7 8 9 10 11 12 13 
3743755 1 2 3 4 5 6 7 8 9 10 11 12 13 
3743805 1 2 3 4 5 6 7 8 9 10 11 12 13 
3743855 1 2 3 4 5 6 7 8 9 10 11 12 13 
3743905 1 2 3 4 5 6 7 8 9 10 11 12 13 
3743955 1 2 3 4 5 6 7 8 9 10 11 12 13 
3744005 1 2 3 4 5 6 7 8 9 10 11 12 13 
3744055 1 2 3 4 5 6 7 8 9 10 11 12 13 
3744106 1 2 3 4 5 6 7 8 9 10 11 12 13 
3744156 1 2 3 4 5 6 7 8 9 10 11 12 13 
3744206 1 2 3 4 5 6 7 8 9 10 11 12 13 
3744256 1 2 3 4 5 6 7 8 9 10 11 12 13 
3744306 1 2 3 4 5 6 7 8 9 10 11 12 13 
3744356 1 2 3 4 5 6 7 8 9 10 11 12 13 
3744410 1 2 3 4 5 6 7 8 9 10 11 12 13 
3744460 1 2 3 4 5 6 7 8 9 10 11 12 13 
3744510 1 2 3 4 5 6 7 8 9 10 11 12 13 
3744561 1 2 3 4 5 6 7 8 9 10 11 12 13 
3744611 1 2 3 4 5 6 7 8 9 10 11 12 13 
3744661 1 2 3 4 5 6 7 8 9 10 11 12 13 
3744711 1 2 3 4 5 6 7 8 9 10 11 12 13 
3744761 1 2 3 4 5 6 7 8 9 10 11 12 13 
3744811 1 2 3 4 5 6 7 8 9 10 11 12 13 
3744861 1 2 3 4 5 6 7 8 9 10 11 12 13 
3744911 1 2 3 4 5 6 7 8 9 10 11 12 13 
3744961 1 2 3 4 5 6 7 8 9 10 11 12 13 
3745011 1 2 3 4 5 6 7 8 9 10 11 12 13 
3745061 1 2 3 4 5 6 7 8 9 10 11 12 13 
3745112 1 2 3 4 5 6 7 8 9 10 11 12 13 
3745162 1 2 3 4 5 6 7 8 9 10 11 12 13 
3745212 1 2 3 4 5 6 7 8 9 10 11 12 13 
3745262 1 2 3 4 5 6 7 8 9 10 11 12 13 
3745312 1 2 3 4 5 6 7 8 9 10 11 12 13 
3745362 1 2 3 4 5 6 7 8 9 10 11 12 13 
3745412 1 2 3 4 5 6 7 8 9 10 11 12 13 
3745462 1 2 3 4 5 6 7 8 9 10 11 12 13 
3745512 1 2 3 4 5 6 7 8 9 10 11 12 13 
3745562 1 2 3 4 5 6 7 8 9 10 11 12 13 
3745613 1 2 3 4 5 6 7 8 9 10 11 12 13 
3745663 1 2 3 4 5 6 7 8 9 10 11 12 13 
3745713 1 2 3 4 5 6 7 8 9 10 11 12 13 
3745763 1 2 3 4 5 6 7 8 9 10 11 12 13 
3745813 1 2 3 4 5 6 7 8 9 10 11 12 13 
3745863 1 2 3 4 5 6 7 8 9 10 11 12 13 
3745913 1 2 3 4 5 6 7 8 9 10 11 12 13 
3745963 1 2 3 4 5 6 7 8 9 10 11 12 13 
3746013 1 2 3 4 5 6 7 8 9 10 11 12 13 
3746063 1 2 3 4 5 6 7 8 9 10 11 12 13 
3746113 1 2 3 4 5 6 7 8 9 10 11 12 13 
3746164 1 2 3 4 5 6 7 8 9 10 11 12 13 
3746214 1 2 3 4 5 6 7 8 9 10 11 12 13 
3746264 1 2 3 4 5 6 7 8 9 10 11 12 13 
3746314 1 2 3 4 5 6 7 8 9 10 11 12 13 
3746364 1 2 3 4 5 6 7 8 9 10 11 12 13 
3746414 1 2 3 4 5 6 7 8 9 10 11 12 13 
3746464 1 2 3 4 5 6 7 8 9 10 11 12 13 
3746514 1 2 3 4 5 6 7 8 9 10 11 12 13 
3746564 1 2 3 4 5 6 7 8 9 10 11 12 13 
3746614 1 2 3 4 5 6 7 8 9 10 11 12 13 
3746664 1 2 3 4 5 6 7 8 9 10 11 12 13 
3746714 1 2 3 4 5 6 7 8 9 10 11 12 13 
3746765 1 2 3 4 5 6 7 8 9 10 11 12 13 
3746815 1 2 3 4 5 6 7 8 9 10 11 12 13 
3746865 1 2 3 4 5 6 7 8 9 10 11 12 13 
3746915 1 2 3 4 5 6 7 8 9 10 11 12 13 
3746965 1 2 3 4 5 6 7 8 9 10 11 12 13 
3747015 1 2 3 4 5 6 7 8 9 10 11 12 13 
3747065 1 2 3 4 5 6 7 8 9 10 11 12 13 
3747115 1 2 3 4 5 6 7 8 9 10 11 12 13 
3747165 1 2 3 4 5 6 7 8 9 10 11 12 13 
3747215 1 2 3 4 5 6 7 8 9 10 11 12 13 
3747266 1 2 3 4 5 6 7 8 9 10 11 12 13 
3747316 1 2 3 4 5 6 7 8 9 10 11 12 13 
3747366 1 2 3 4 5 6 7 8 9 10 11 12 13 
3747416 1 2 3 4 5 6 7 8 9 10 11 12 13 
3747466 1 2 3 4 5 6 7 8 9 10 11 12 13 
3747516 1 2 3 4 5 6 7 8 9 10 3328 -4594 256 768 1280 7 9 11 13 14639 512 1024 1536 7 8 10 12 
