27310 1 2 3 4 5 6 7 8 9 10 11 12 13 
27360 1 2 3 4 5 6 7 8 9 10 11 12 13 
27410 1 2 3 4 5 6 7 8 9 10 11 12 13 
27460 1 2 3 4 5 6 7 8 9 10 11 12 13 
27511 1 2 3 4 5 6 7 8 9 10 11 12 13 
27561 1 2 3 4 5 6 7 8 9 10 11 12 13 
27611 1 2 3 4 5 6 7 8 9 10 11 12 13 
27661 1 2 3 4 5 6 7 8 9 10 11 12 13 
27711 1 2 3 4 5 6 7 8 9 10 11 12 13 
27761 1 2 3 4 5 6 7 8 9 10 11 12 13 
27812 1 2 3 4 5 6 7 8 9 10 11 12 13 
27862 1 2 3 4 5 6 7 8 9 10 11 12 13 
27912 1 2 3 4 5 6 7 8 9 10 11 12 13 
27962 1 2 3 4 5 6 7 8 9 10 11 12 13 
28012 1 2 3 4 5 6 7 8 9 10 11 12 13 
28062 1 2 3 4 5 6 7 8 9 10 11 12 13 
28112 1 2 3 4 5 6 7 8 9 10 11 12 13 
28162 1 2 3 4 5 6 7 8 9 10 11 12 13 
28212 1 2 3 4 5 6 7 8 9 10 11 12 13 
28262 1 2 3 4 5 6 7 8 9 10 11 12 13 
28312 1 2 3 4 5 6 7 8 9 10 11 12 13 
28363 1 2 3 4 5 6 7 8 9 10 11 12 13 
28413 1 2 3 4 5 6 7 8 9 10 11 12 13 
28463 1 2 3 4 5 6 7 8 9 10 11 12 13 
28513 1 2 3 4 5 6 7 8 9 10 11 12 13 
28563 1 2 3 4 5 6 7 8 9 10 11 12 13 
28613 1 2 3 4 5 6 7 8 9 10 11 12 13 
28663 1 2 3 4 5 6 7 8 9 10 11 12 13 
28713 1 2 3 4 5 6 7 8 9 10 11 12 13 
28763 1 2 3 4 5 6 7 8 9 10 11 12 13 
28813 1 2 3 4 5 6 7 8 9 10 11 12 13 
28863 1 2 3 4 5 6 7 8 9 10 11 12 13 
28914 1 2 3 4 5 6 7 8 9 10 11 12 13 
28964 1 2 3 4 5 6 7 8 9 10 11 12 13 
29014 1 2 3 4 5 6 7 8 9 10 11 12 13 
29064 1 2 3 4 5 6 7 8 9 10 11 12 13 
29114 1 2 3 4 5 6 7 8 9 10 11 12 13 
29164 1 2 3 4 5 6 7 8 9 10 11 12 13 
29214 1 2 3 4 5 6 7 8 9 10 11 12 13 
29265 1 2 3 4 5 6 7 8 9 10 11 12 13 
29315 1 2 3 4 5 6 7 8 9 10 11 12 13 
29365 1 2 3 4 5 6 7 8 9 10 11 12 13 
29415 1 2 3 4 5 6 7 8 9 10 11 12 13 
29465 1 2 3 4 5 6 7 8 9 10 11 12 13 
29515 1 2 3 4 5 6 7 8 9 10 11 12 13 
29565 1 2 3 4 5 6 7 8 9 10 11 12 13 
29615 1 2 3 4 5 6 7 8 9 10 11 12 13 
29666 1 2 3 4 5 6 7 8 9 10 11 12 13 
29716 1 2 3 4 5 6 7 8 9 10 11 12 13 
29766 1 2 3 4 5 6 7 8 9 10 11 12 13 
29816 1 2 3 4 5 6 7 8 9 10 11 12 13 
29866 1 2 3 4 5 6 7 8 9 10 11 12 13 
29916 1 2 3 4 5 6 7 8 9 10 11 12 13 
29966 1 2 3 4 5 6 7 8 9 10 11 12 13 
30016 1 2 3 4 5 6 7 8 9 10 11 12 13 
30066 1 2 3 4 5 6 7 8 9 10 11 12 13 
30116 1 2 3 4 5 6 7 8 9 10 11 12 13 
30166 1 2 3 4 5 6 7 8 9 10 11 12 13 
30217 1 2 3 4 5 6 7 8 9 10 11 12 13 
30267 1 2 3 4 5 6 7 8 9 10 11 12 13 
30317 1 2 3 4 5 6 7 8 9 10 11 12 13 
30367 1 2 3 4 5 6 7 8 9 10 11 12 13 
30417 1 2 3 4 5 6 7 8 9 10 11 12 13 
30467 1 2 3 4 5 6 7 8 9 10 11 12 13 
30517 1 2 3 4 5 6 7 8 9 10 11 12 13 
30567 1 2 3 4 5 6 7 8 9 10 11 12 13 
30617 1 2 3 4 5 6 7 8 9 10 11 12 13 
30667 1 2 3 4 5 6 7 8 9 10 11 12 13 
30717 1 2 3 4 5 6 7 8 9 10 11 12 13 
30768 1 2 3 4 5 6 7 8 9 10 11 12 13 
30818 1 2 3 4 5 6 7 8 9 10 11 12 13 
30868 1 2 3 4 5 6 7 8 9 10 11 12 13 
30918 1 2 3 4 5 6 7 8 9 10 11 12 13 
30968 1 2 3 4 5 6 7 8 9 10 11 12 13 
31018 1 2 3 4 5 6 7 8 9 10 11 12 13 
31068 1 2 3 4 5 6 7 8 9 10 11 12 13 
31118 1 2 3 4 5 6 7 8 9 10 11 12 13 
31168 1 2 3 4 5 6 7 8 9 10 11 12 13 
31218 1 2 3 4 5 6 7 8 9 10 11 12 13 
31268 1 2 3 4 5 6 7 8 9 10 11 12 13 
31319 1 2 3 4 5 6 7 8 9 10 11 12 13 
31369 1 2 3 4 5 6 7 8 9 10 11 12 13 
31419 1 2 3 4 5 6 7 8 9 10 11 12 13 
31469 1 2 3 4 5 6 7 8 9 10 11 12 13 
31519 1 2 3 4 5 6 7 8 9 10 11 12 13 
31569 1 2 3 4 5 6 7 8 9 10 11 12 13 
31619 1 2 3 4 5 6 7 8 9 10 11 12 13 
31669 1 2 3 4 5 6 7 8 9 10 11 12 13 
31719 1 2 3 4 5 6 7 8 9 10 11 12 13 
31769 1 2 3 4 5 6 7 8 9 10 11 12 13 
31820 1 2 3 4 5 6 7 8 9 10 11 12 13 
31870 1 2 3 4 5 6 7 8 9 10 11 12 13 
31920 1 2 3 4 5 6 7 8 9 10 11 12 13 
31970 1 2 3 4 5 6 7 8 9 10 11 12 13 
32020 1 2 3 4 5 6 7 8 9 10 11 12 13 
32070 1 2 3 4 5 6 7 8 9 10 11 12 13 
32120 1 2 3 4 5 6 7 8 9 10 11 12 13 
32170 1 2 3 4 5 6 7 8 9 10 11 12 13 
32220 1 2 3 4 5 6 7 8 9 10 11 12 13 
32270 1 2 3 4 5 6 7 8 9 10 11 12 13 
32320 1 2 3 4 5 6 7 8 9 10 11 12 13 
32370 1 2 3 4 5 6 7 8 9 10 11 12 13 
32421 1 2 3 4 5 6 7 8 9 10 11 12 13 
32471 1 2 3 4 5 6 7 8 9 10 11 12 13 
32521 1 2 3 4 5 6 7 8 9 10 11 12 13 
32571 1 2 3 4 5 6 7 8 9 10 11 12 13 
32621 1 2 3 4 5 6 7 8 9 10 11 12 13 
32671 1 2 3 4 5 6 7 8 9 10 11 12 13 
32721 1 2 3 4 5 6 7 8 9 10 11 12 13 
32771 1 2 3 4 5 6 7 8 9 10 11 12 13 
32821 1 2 3 4 5 6 7 8 9 10 11 12 13 
32871 1 2 3 4 5 6 7 8 9 10 11 12 13 
32922 1 2 3 4 5 6 7 8 9 10 11 12 13 
32972 1 2 3 4 5 6 7 8 9 10 11 12 13 
33022 1 2 3 4 5 6 7 8 9 10 11 12 13 
33072 1 2 3 4 5 6 7 8 9 10 11 12 13 
33122 1 2 3 4 5 6 7 8 9 10 11 12 13 
33172 1 2 3 4 5 6 7 8 9 10 11 12 13 
33222 1 2 3 4 5 6 7 8 9 10 11 12 13 
33272 1 2 3 4 5 6 7 8 9 10 11 12 13 
33322 1 2 3 4 5 6 7 8 9 10 11 12 13 
33372 1 2 3 4 5 6 7 8 9 10 11 12 13 
33422 1 2 3 4 5 6 7 8 9 10 11 12 13 
33472 1 2 3 4 5 6 7 8 9 10 11 12 13 
33523 1 2 3 4 5 6 7 8 9 10 11 12 13 
33573 1 2 3 4 5 6 7 8 9 10 11 12 13 
33623 1 2 3 4 5 6 7 8 9 10 11 12 13 
33673 1 2 3 4 5 6 7 8 9 10 11 12 13 
33723 1 2 3 4 5 6 7 8 9 10 11 12 13 
33773 1 2 3 4 5 6 7 8 9 10 11 12 13 
33823 1 2 3 4 5 6 7 8 9 10 11 12 13 
33873 1 2 3 4 5 6 7 8 9 10 11 12 13 
33923 1 2 3 4 5 6 7 8 9 10 11 12 13 
33973 1 2 3 4 5 6 7 8 9 10 11 12 13 
34023 1 2 3 4 5 6 7 8 9 10 11 12 13 
34074 1 2 3 4 5 6 7 8 9 10 11 12 13 
34124 1 2 3 4 5 6 7 8 9 10 11 12 13 
34174 1 2 3 4 5 6 7 8 9 10 11 12 13 
34224 1 2 3 4 5 6 7 8 9 10 11 12 13 
34274 1 2 3 4 5 6 7 8 9 10 11 12 13 
34324 1 2 3 4 5 6 7 8 9 10 11 12 13 
34374 1 2 3 4 5 6 7 8 9 10 11 12 13 
34424 1 2 3 4 5 6 7 8 9 10 11 12 13 
34474 1 2 3 4 5 6 7 8 9 10 11 12 13 
34524 1 2 3 4 5 6 7 8 9 10 11 12 13 
34574 1 2 3 4 5 6 7 8 9 10 11 12 13 
34625 1 2 3 4 5 6 7 8 9 10 11 12 13 
34675 1 2 3 4 5 6 7 8 9 10 11 12 13 
34725 1 2 3 4 5 6 7 8 9 10 11 12 13 
34775 1 2 3 4 5 6 7 8 9 10 11 12 13 
34825 1 2 3 4 5 6 7 8 9 10 11 12 13 
34875 1 2 3 4 5 6 7 8 9 10 11 12 13 
34925 1 2 3 4 5 6 7 8 9 10 11 12 13 
34975 1 2 3 4 5 6 7 8 9 10 11 12 13 
35025 1 2 3 4 5 6 7 8 9 10 11 12 13 
35076 1 2 3 4 5 6 7 8 9 10 11 12 13 
35126 1 2 3 4 5 6 7 8 9 10 11 12 13 
35176 1 2 3 4 5 6 7 8 9 10 11 12 13 
35226 1 2 3 4 5 6 7 8 9 10 11 12 13 
35276 1 2 3 4 5 6 7 8 9 10 11 12 13 
35326 1 2 3 4 5 6 7 8 9 10 11 12 13 
35376 1 2 3 4 5 6 7 8 9 10 11 12 13 
35426 1 2 3 4 5 6 7 8 9 10 11 12 13 
35476 1 2 3 4 5 6 7 8 9 10 11 12 13 
35527 1 2 3 4 5 6 7 8 9 10 11 12 13 
35577 1 2 3 4 5 6 7 8 9 10 11 12 13 
35627 1 2 3 4 5 6 7 8 9 10 11 12 13 
35678 1 2 3 4 5 6 7 8 9 10 11 12 13 
35728 1 2 3 4 5 6 7 8 9 10 11 12 13 
35778 1 2 3 4 5 6 7 8 9 10 11 12 13 
35828 1 2 3 4 5 6 7 8 9 10 11 12 13 
35878 1 2 3 4 5 6 7 8 9 10 11 12 13 
35928 1 2 3 4 5 6 7 8 9 10 11 12 13 
35979 1 2 3 4 5 6 7 8 9 10 11 12 13 
36029 1 2 3 4 5 6 7 8 9 10 11 12 13 
36079 1 2 3 4 5 6 7 8 9 10 11 12 13 
36129 1 2 3 4 5 6 7 8 9 10 11 12 13 
36179 1 2 3 4 5 6 7 8 9 10 11 12 13 
36229 1 2 3 4 5 6 7 8 9 10 11 12 13 
36279 1 2 3 4 5 6 7 8 9 10 11 12 13 
36329 1 2 3 4 5 6 7 8 9 10 11 12 13 
36379 1 2 3 4 5 6 7 8 9 10 11 12 13 
36429 1 2 3 4 5 6 7 8 9 10 11 12 13 
36480 1 2 3 4 5 6 7 8 9 10 11 12 13 
36530 1 2 3 4 5 6 7 8 9 10 11 12 13 
36580 1 2 3 4 5 6 7 8 9 10 11 12 13 
36630 1 2 3 4 5 6 7 8 9 10 11 12 13 
36680 1 2 3 4 5 6 7 8 9 10 11 12 13 
36730 1 2 3 4 5 6 7 8 9 10 11 12 13 
36780 1 2 3 4 5 6 7 8 9 10 11 12 13 
36830 1 2 3 4 5 6 7 8 9 10 11 12 13 
36880 1 2 3 4 5 6 7 8 9 10 11 12 13 
36930 1 2 3 4 5 6 7 8 9 10 11 12 13 
36980 1 2 3 4 5 6 7 8 9 10 11 12 13 
37031 1 2 3 4 5 6 7 8 9 10 11 12 13 
37081 1 2 3 4 5 6 7 8 9 10 11 12 13 
37131 1 2 3 4 5 6 7 8 9 10 11 12 13 
37181 1 2 3 4 5 6 7 8 9 10 11 12 13 
37231 1 2 3 4 5 6 7 8 9 10 11 12 13 
37281 1 2 3 4 5 6 7 8 9 10 11 12 13 
37331 1 2 3 4 5 6 7 8 9 10 11 12 13 
37381 1 2 3 4 5 6 7 8 9 10 11 12 13 
37431 1 2 3 4 5 6 7 8 9 10 11 12 13 
37481 1 2 3 4 5 6 7 8 9 10 11 12 13 
37532 1 2 3 4 5 6 7 8 9 10 11 12 13 
37582 1 2 3 4 5 6 7 8 9 10 11 12 13 
37632 1 2 3 4 5 6 7 8 9 10 11 12 13 
37682 1 2 3 4 5 6 7 8 9 10 11 12 13 
37732 1 2 3 4 5 6 7 8 9 10 11 12 13 
37782 1 2 3 4 5 6 7 8 9 10 11 12 13 
37832 1 2 3 4 5 6 7 8 9 10 11 12 13 
37882 1 2 3 4 5 6 7 8 9 10 11 12 13 
37932 1 2 3 4 5 6 7 8 9 10 11 12 13 
37982 1 2 3 4 5 6 7 8 9 10 11 12 13 
38032 1 2 3 4 5 6 7 8 9 10 11 12 13 
38084 1 2 3 4 5 6 7 8 9 10 11 12 13 
38134 1 2 3 4 5 6 7 8 9 10 11 12 13 
38184 1 2 3 4 5 6 7 8 9 10 11 12 13 
38234 1 2 3 4 5 6 7 8 9 10 11 12 13 
38284 1 2 3 4 5 6 7 8 9 10 11 12 13 
38334 1 2 3 4 5 6 7 8 9 10 11 12 13 
38384 1 2 3 4 5 6 7 8 9 10 11 12 13 
38434 1 2 3 4 5 6 7 8 9 10 11 12 13 
38484 1 2 3 4 5 6 7 8 9 10 11 12 13 
38534 1 2 3 4 5 6 7 8 9 10 11 12 13 
38584 1 2 3 4 5 6 7 8 9 10 11 12 13 
38635 1 2 3 4 5 6 7 8 9 10 11 12 13 
38685 1 2 3 4 5 6 7 8 9 10 11 12 13 
38735 1 2 3 4 5 6 7 8 9 10 11 12 13 
38785 1 2 3 4 5 6 7 8 9 10 11 12 13 
38835 1 2 3 4 5 6 7 8 9 10 11 12 13 
38885 1 2 3 4 5 6 7 8 9 10 11 12 13 
38935 1 2 3 4 5 6 7 8 9 10 11 12 13 
38985 1 2 3 4 5 6 7 8 9 10 11 12 13 
39035 1 2 3 4 5 6 7 8 9 10 11 12 13 
39085 1 2 3 4 5 6 7 8 9 10 11 12 13 
39136 1 2 3 4 5 6 7 8 9 10 11 12 13 
39186 1 2 3 4 5 6 7 8 9 10 11 12 13 
39236 1 2 3 4 5 6 7 8 9 10 11 12 13 
39286 1 2 3 4 5 6 7 8 9 10 11 12 13 
39336 1 2 3 4 5 6 7 8 9 10 11 12 13 
39386 1 2 3 4 5 6 7 8 9 10 11 12 13 
39436 1 2 3 4 5 6 7 8 9 10 11 12 13 
39486 1 2 3 4 5 6 7 8 9 10 11 12 13 
39536 1 2 3 4 5 6 7 8 9 10 11 12 13 
39586 1 2 3 4 5 6 7 8 9 10 11 12 13 
39636 1 2 3 4 5 6 7 8 9 10 11 12 13 
39687 1 2 3 4 5 6 7 8 9 10 11 12 13 
39737 1 2 3 4 5 6 7 8 9 10 11 12 13 
39787 1 2 3 4 5 6 7 8 9 10 11 12 13 
39837 1 2 3 4 5 6 7 8 9 10 11 12 13 
39887 1 2 3 4 5 6 7 8 9 10 11 12 13 
39937 1 2 3 4 5 6 7 8 9 10 11 12 13 
39987 1 2 3 4 5 6 7 8 9 10 11 12 13 
40037 1 2 3 4 5 6 7 8 9 10 11 12 13 
40087 1 2 3 4 5 6 7 8 9 10 11 12 13 
40137 1 2 3 4 5 6 7 8 9 10 11 12 13 
40188 1 2 3 4 5 6 7 8 9 10 11 12 13 
40238 1 2 3 4 5 6 7 8 9 10 11 12 13 
40288 1 2 3 4 5 6 7 8 9 10 11 12 13 
40338 1 2 3 4 5 6 7 8 9 10 11 12 13 
40388 1 2 3 4 5 6 7 8 9 10 11 12 13 
40438 1 2 3 4 5 6 7 8 9 10 11 12 13 
40489 1 2 3 4 5 6 7 8 9 10 11 12 13 
40539 1 2 3 4 5 6 7 8 9 10 11 12 13 
40589 1 2 3 4 5 6 7 8 9 10 11 12 13 
40639 1 2 3 4 5 6 7 8 9 10 11 12 13 
40689 1 2 3 4 5 6 7 8 9 10 11 12 13 
40739 1 2 3 4 5 6 7 8 9 10 11 12 13 
40789 1 2 3 4 5 6 7 8 9 10 11 12 13 
40839 1 2 3 4 5 6 7 8 9 10 11 12 13 
40889 1 2 3 4 5 6 7 8 9 10 11 12 13 
40940 1 2 3 4 5 6 7 8 9 10 11 12 13 
40990 1 2 3 4 5 6 7 8 9 10 11 12 13 
41040 1 2 3 4 5 6 7 8 9 10 11 12 13 
41090 1 2 3 4 5 6 7 8 9 10 11 12 13 
41140 1 2 3 4 5 6 7 8 9 10 11 12 13 
