9359 0 0 0 0 0 0 0 0 0 0 0 0 0 
9409 0 0 0 0 0 0 0 0 0 0 0 0 0 
9459 0 0 0 0 0 0 0 0 0 0 0 0 0 
9509 0 0 0 0 0 0 0 0 0 0 0 0 0 
9559 0 0 0 0 0 0 0 0 0 0 0 0 0 
9610 0 0 0 0 0 0 0 0 0 0 0 0 0 
9660 0 0 0 0 0 0 0 0 0 0 0 0 0 
9710 0 0 0 0 0 0 0 0 0 0 0 0 0 
9760 0 0 0 0 0 0 0 0 0 0 0 0 0 
9810 0 0 0 0 0 0 0 0 0 0 0 0 0 
9860 0 0 0 0 0 0 0 0 0 0 0 0 0 
9910 0 0 0 0 0 0 0 0 0 0 0 0 0 
9960 0 0 0 0 0 0 0 0 0 0 0 0 0 
10010 0 0 0 0 0 0 0 0 0 0 0 0 0 
10060 0 0 0 0 0 0 0 0 0 0 0 0 0 
10111 0 0 0 0 0 0 0 0 0 0 0 0 0 
10161 0 0 0 0 0 0 0 0 0 0 0 0 0 
10211 0 0 0 0 0 0 0 0 0 0 0 0 0 
10261 0 0 0 0 0 0 0 0 0 0 0 0 0 
10311 0 0 0 0 0 0 0 0 0 0 0 0 0 
10361 0 0 0 0 0 0 0 0 0 0 0 0 0 
10411 0 0 0 0 0 0 0 0 0 0 0 0 0 
10461 0 0 0 0 0 0 0 0 0 0 0 0 0 
10511 0 0 0 0 0 0 0 0 0 0 0 0 0 
10561 0 0 0 0 0 0 0 0 0 0 0 0 0 
10611 0 0 0 0 0 0 0 0 0 0 0 0 0 
10662 0 0 0 0 0 0 0 0 0 0 0 0 0 
10712 0 0 0 0 0 0 0 0 0 0 0 0 0 
10762 0 0 0 0 0 0 0 0 0 0 0 0 0 
10812 0 0 0 0 0 0 0 0 0 0 0 0 0 
10862 0 0 0 0 0 0 0 0 0 0 0 0 0 
10912 0 0 0 0 0 0 0 0 0 0 0 0 0 
10962 0 0 0 0 0 0 0 0 0 0 0 0 0 
11012 0 0 0 0 0 0 0 0 0 0 0 0 0 
11062 0 0 0 0 0 0 0 0 0 0 0 0 0 
11112 0 0 0 0 0 0 0 0 0 0 0 0 0 
11162 0 0 0 0 0 0 0 0 0 0 0 0 0 
11213 0 0 0 0 0 0 0 0 0 0 0 0 0 
11263 0 0 0 0 0 0 0 0 0 0 0 0 0 
11313 0 0 0 0 0 0 0 0 0 0 0 0 0 
11363 0 0 0 0 0 0 0 0 0 0 0 0 0 
11413 0 0 0 0 0 0 0 0 0 0 0 0 0 
11463 0 0 0 0 0 0 0 0 0 0 0 0 0 
11513 0 0 0 0 0 0 0 0 0 0 0 0 0 
11563 0 0 0 0 0 0 0 0 0 0 0 0 0 
11613 0 0 0 0 0 0 0 0 0 0 0 0 0 
11663 0 0 0 0 0 0 0 0 0 0 0 0 0 
11713 0 0 0 0 0 0 0 0 0 0 0 0 0 
11764 0 0 0 0 0 0 0 0 0 0 0 0 0 
11814 0 0 0 0 0 0 0 0 0 0 0 0 0 
11864 0 0 0 0 0 0 0 0 0 0 0 0 0 
11914 0 0 0 0 0 0 0 0 0 0 0 0 0 
11964 0 0 0 0 0 0 0 0 0 0 0 0 0 
12014 0 0 0 0 0 0 0 0 0 0 0 0 0 
12064 0 0 0 0 0 0 0 0 0 0 0 0 0 
12114 0 0 0 0 0 0 0 0 0 0 0 0 0 
12164 0 0 0 0 0 0 0 0 0 0 0 0 0 
12214 0 0 0 0 0 0 0 0 0 0 0 0 0 
12265 0 0 0 0 0 0 0 0 0 0 0 0 0 
12315 0 0 0 0 0 0 0 0 0 0 0 0 0 
12365 0 0 0 0 0 0 0 0 0 0 0 0 0 
12415 0 0 0 0 0 0 0 0 0 0 0 0 0 
12465 0 0 0 0 0 0 0 0 0 0 0 0 0 
12515 0 0 0 0 0 0 0 0 0 0 0 0 0 
12565 0 0 0 0 0 0 0 0 0 0 0 0 0 
12615 0 0 0 0 0 0 0 0 0 0 0 0 0 
12665 0 0 0 0 0 0 0 0 0 0 0 0 0 
12715 0 0 0 0 0 0 0 0 0 0 0 0 0 
12766 0 0 0 0 0 0 0 0 0 0 0 0 0 
12816 0 0 0 0 0 0 0 0 0 0 0 0 0 
12866 0 0 0 0 0 0 0 0 0 0 0 0 0 
12916 0 0 0 0 0 0 0 0 0 0 0 0 0 
12966 0 0 0 0 0 0 0 0 0 0 0 0 0 
13016 0 0 0 0 0 0 0 0 0 0 0 0 0 
13066 0 0 0 0 0 0 0 0 0 0 0 0 0 
13116 0 0 0 0 0 0 0 0 0 0 0 0 0 
13166 0 0 0 0 0 0 0 0 0 0 0 0 0 
13216 0 0 0 0 0 0 0 0 0 0 0 0 0 
13266 0 0 0 0 0 0 0 0 0 0 0 0 0 
13317 0 0 0 0 0 0 0 0 0 0 0 0 0 
13367 0 0 0 0 0 0 0 0 0 0 0 0 0 
13417 0 0 0 0 0 0 0 0 0 0 0 0 0 
13467 0 0 0 0 0 0 0 0 0 0 0 0 0 
13517 0 0 0 0 0 0 0 0 0 0 0 0 0 
13567 0 0 0 0 0 0 0 0 0 0 0 0 0 
13617 0 0 0 0 0 0 0 0 0 0 0 0 0 
13667 0 0 0 0 0 0 0 0 0 0 0 0 0 
13717 0 0 0 0 0 0 0 0 0 0 0 0 0 
13767 0 0 0 0 0 0 0 0 0 0 0 0 0 
13818 0 0 0 0 0 0 0 0 0 0 0 0 0 
13868 0 0 0 0 0 0 0 0 0 0 0 0 0 
13918 0 0 0 0 0 0 0 0 0 0 0 0 0 
13968 0 0 0 0 0 0 0 0 0 0 0 0 0 
14018 0 0 0 0 0 0 0 0 0 0 0 0 0 
14068 0 0 0 0 0 0 0 0 0 0 0 0 0 
14118 0 0 0 0 0 0 0 0 0 0 0 0 0 
14168 0 0 0 0 0 0 0 0 0 0 0 0 0 
14218 0 0 0 0 0 0 0 0 0 0 0 0 0 
14269 0 0 0 0 0 0 0 0 0 0 0 0 0 
14319 0 0 0 0 0 0 0 0 0 0 0 0 0 
14369 0 0 0 0 0 0 0 0 0 0 0 0 0 
14419 0 0 0 0 0 0 0 0 0 0 0 0 0 
14469 0 0 0 0 0 0 0 0 0 0 0 0 0 
14519 0 0 0 0 0 0 0 0 0 0 0 0 0 
14569 0 0 0 0 0 0 0 0 0 0 0 0 0 
14619 0 0 0 0 0 0 0 0 0 0 0 0 0 
14669 0 0 0 0 0 0 0 0 0 0 0 0 0 
14719 0 0 0 0 0 0 0 0 0 0 0 0 0 
