398914 0 0 0 0 0 0 0 0 0 0 0 -29108 3216 
398964 0 0 0 0 0 0 0 0 0 0 0 -29108 3216 
399014 0 0 0 0 0 0 0 0 0 0 0 -29108 3216 
399064 0 0 0 0 0 0 0 0 0 0 0 -29108 3216 
399114 0 0 0 0 0 0 0 0 0 0 0 -29108 3216 
399164 0 0 0 0 0 0 0 0 0 0 0 -29108 3216 
399214 0 0 0 0 0 0 0 0 0 0 0 -29108 3216 
399264 0 0 0 0 0 0 0 0 0 0 0 -29108 3216 
399315 0 0 0 0 0 0 0 0 0 0 0 -29108 3216 
399365 0 0 0 0 0 0 0 0 0 0 0 -29108 3216 
399415 0 0 0 0 0 0 0 0 0 0 0 -29108 3216 
399465 0 0 0 0 0 0 0 0 0 0 0 -29108 3216 
399515 0 0 0 0 0 0 0 0 0 0 0 -29108 3216 
399565 0 0 0 0 0 0 0 0 0 0 0 -29108 3216 
399617 0 0 0 0 0 0 0 0 0 0 0 -29108 3216 
399667 0 0 0 0 0 0 0 0 0 0 0 -29108 3216 
399717 0 0 0 0 0 0 0 0 0 0 0 -29108 3216 
399767 0 0 0 0 0 0 0 0 0 0 0 -29108 3216 
399817 0 0 0 0 0 0 0 0 0 0 0 -29108 3216 
399868 0 0 0 0 0 0 0 0 0 0 0 -29108 3216 
399918 0 0 0 0 0 0 0 0 0 0 0 -29108 3216 
399968 0 0 0 0 0 0 0 0 0 0 0 -29108 3216 
400018 0 0 0 0 0 0 0 0 0 0 0 -29108 3216 
400068 0 0 0 0 0 0 0 0 0 0 0 -29108 3216 
400118 0 0 0 0 0 0 0 0 0 0 0 -29108 3216 
400168 0 0 0 0 0 0 0 0 0 0 0 -29108 3216 
400218 0 0 0 0 0 0 0 0 0 0 0 -29108 3216 
400268 0 0 0 0 0 0 0 0 0 0 0 -29108 3216 
400318 0 0 0 0 0 0 0 0 0 0 0 -29108 3216 
400369 0 0 0 0 0 0 0 0 0 0 0 -29108 3216 
400419 0 0 0 0 0 0 0 0 0 0 0 -29108 3216 
400469 0 0 0 0 0 0 0 0 0 0 0 -29108 3216 
400519 0 0 0 0 0 0 0 0 0 0 0 -29108 3216 
400569 0 0 0 0 0 0 0 0 0 0 0 -29108 3216 
400619 0 0 0 0 0 0 0 0 0 0 0 -29108 3216 
400670 0 0 0 0 0 0 0 0 0 0 0 -29108 3216 
400720 0 0 0 0 0 0 0 0 0 0 0 -29108 3216 
400770 0 0 0 0 0 0 0 0 0 0 0 -29108 3216 
400820 0 0 0 0 0 0 0 0 0 0 0 -29108 3216 
400870 0 0 0 0 0 0 0 0 0 0 0 -29108 3216 
400920 0 0 0 0 0 0 0 0 0 0 0 -29108 3216 
400970 0 0 0 0 0 0 0 0 0 0 0 -29108 3216 
401020 0 0 0 0 0 0 0 0 0 0 0 -29108 3216 
401070 0 0 0 0 0 0 0 0 0 0 0 -29108 3216 
401120 0 0 0 0 0 0 0 0 0 0 0 -29108 3216 
401170 0 0 0 0 0 0 0 0 0 0 0 -29108 3216 
401221 0 0 0 0 0 0 0 0 0 0 0 -29108 3216 
401271 0 0 0 0 0 0 0 0 0 0 0 -29108 3216 
401321 0 0 0 0 0 0 0 0 0 0 0 -29108 3216 
401371 0 0 0 0 0 0 0 0 0 0 0 -29108 3216 
401421 0 0 0 0 0 0 0 0 0 0 0 -29108 3216 
401473 0 0 0 0 0 0 0 0 0 0 0 -29108 3216 
401523 0 0 0 0 0 0 0 0 0 0 0 -29108 3216 
401573 0 0 0 0 0 0 0 0 0 0 0 -29108 3216 
401623 0 0 0 0 0 0 0 0 0 0 0 -29108 3216 
401673 0 0 0 0 0 0 0 0 0 0 0 -29108 3216 
401724 0 0 0 0 0 0 0 0 0 0 0 -29108 3216 
401774 0 0 0 0 0 0 0 0 0 0 0 -29108 3216 
401824 0 0 0 0 0 0 0 0 0 0 0 -29108 3216 
401874 0 0 0 0 0 0 0 0 0 0 0 -29108 3216 
401924 0 0 0 0 0 0 0 0 0 0 0 -29108 3216 
401974 0 0 0 0 0 0 0 0 0 0 0 -29108 3216 
402024 0 0 0 0 0 0 0 0 0 0 0 -29108 3216 
402074 0 0 0 0 0 0 0 0 0 0 0 -29108 3216 
402124 0 0 0 0 0 0 0 0 0 0 0 -29108 3216 
402174 0 0 0 0 0 0 0 0 0 0 0 -29108 3216 
402224 0 0 0 0 0 0 0 0 0 0 0 -29108 3216 
402275 0 0 0 0 0 0 0 0 0 0 0 -29108 3216 
402325 0 0 0 0 0 0 0 0 0 0 0 -29108 3216 
402375 0 0 0 0 0 0 0 0 0 0 0 -29108 3216 
402425 0 0 0 0 0 0 0 0 0 0 0 -29108 3216 
402475 0 0 0 0 0 0 0 0 0 0 0 -29108 3216 
402525 0 0 0 0 0 0 0 0 0 0 0 -29108 3216 
402575 0 0 0 0 0 0 0 0 0 0 0 -29108 3216 
402625 0 0 0 0 0 0 0 0 0 0 0 -29108 3216 
402677 0 0 0 0 0 0 0 0 0 0 0 -29108 3216 
402727 0 0 0 0 0 0 0 0 0 0 0 -29108 3216 
402778 0 0 0 0 0 0 0 0 0 0 0 -29108 3216 
402828 0 0 0 0 0 0 0 0 0 0 0 -29108 3216 
402878 0 0 0 0 0 0 0 0 0 0 0 -29108 3216 
402928 0 0 0 0 0 0 0 0 0 0 0 -29108 3216 
402978 0 0 0 0 0 0 0 0 0 0 0 -29108 3216 
403028 0 0 0 0 0 0 0 0 0 0 0 -29108 3216 
403078 0 0 0 0 0 0 0 0 0 0 0 -29108 3216 
403128 0 0 0 0 0 0 0 0 0 0 0 -29108 3216 
403178 0 0 0 0 0 0 0 0 0 0 0 -29108 3216 
403229 0 0 0 0 0 0 0 0 0 0 0 -29108 3216 
403279 0 0 0 0 0 0 0 0 0 0 0 -29108 3216 
403329 0 0 0 0 0 0 0 0 0 0 0 -29108 3216 
403379 0 0 0 0 0 0 0 0 0 0 0 -29108 3216 
403429 0 0 0 0 0 0 0 0 0 0 0 -29108 3216 
403479 0 0 0 0 0 0 0 0 0 0 0 -29108 3216 
403529 0 0 0 0 0 0 0 0 0 0 0 -29108 3216 
403579 0 0 0 0 0 0 0 0 0 0 0 -29108 3216 
403629 0 0 0 0 0 0 0 0 0 0 0 -29108 3216 
403679 0 0 0 0 0 0 0 0 0 0 0 -29108 3216 
403730 0 0 0 0 0 0 0 0 0 0 0 -29108 3216 
403780 0 0 0 0 0 0 0 0 0 0 0 -29108 3216 
403830 0 0 0 0 0 0 0 0 0 0 0 -29108 3216 
403880 0 0 0 0 0 0 0 0 0 0 0 -29108 3216 
403930 0 0 0 0 0 0 0 0 0 0 0 -29108 3216 
403980 0 0 0 0 0 0 0 0 0 0 0 -29108 3216 
404030 0 0 0 0 0 0 0 0 0 0 0 -29108 3216 
404080 0 0 0 0 0 0 0 0 0 0 0 -29108 3216 
404130 0 0 0 0 0 0 0 0 0 0 0 -29108 3216 
404181 0 0 0 0 0 0 0 0 0 0 0 -29108 3216 
404231 0 0 0 0 0 0 0 0 0 0 0 -29108 3216 
404281 0 0 0 0 0 0 0 0 0 0 0 -29108 3216 
