373138 0 0 0 0 0 0 0 0 0 0 0 0 0 
373188 0 0 0 0 0 0 0 0 0 0 0 0 0 
373238 0 0 0 0 0 0 0 0 0 0 0 0 0 
373288 0 0 0 0 0 0 0 0 0 0 0 0 0 
373338 0 0 0 0 0 0 0 0 0 0 0 0 0 
373388 0 0 0 0 0 0 0 0 0 0 0 0 0 
373438 0 0 0 0 0 0 0 0 0 0 0 0 0 
373489 0 0 0 0 0 0 0 0 0 0 0 0 0 
373539 0 0 0 0 0 0 0 0 0 0 0 0 0 
373589 0 0 0 0 0 0 0 0 0 0 0 0 0 
373639 0 0 0 0 0 0 0 0 0 0 0 0 0 
373689 0 0 0 0 0 0 0 0 0 0 0 0 0 
373739 0 0 0 0 0 0 0 0 0 0 0 0 0 
373792 0 0 0 0 0 0 0 0 0 0 0 0 0 
373842 0 0 0 0 0 0 0 0 0 0 0 0 0 
373892 0 0 0 0 0 0 0 0 0 0 0 0 0 
373942 0 0 0 0 0 0 0 0 0 0 0 0 0 
373992 0 0 0 0 0 0 0 0 0 0 0 0 0 
374042 0 0 0 0 0 0 0 0 0 0 0 0 0 
374092 0 0 0 0 0 0 0 0 0 0 0 0 0 
374142 0 0 0 0 0 0 0 0 0 0 0 0 0 
374192 0 0 0 0 0 0 0 0 0 0 0 0 0 
374242 0 0 0 0 0 0 0 0 0 0 0 0 0 
374292 0 0 0 0 0 0 0 0 0 0 0 0 0 
374342 0 0 0 0 0 0 0 0 0 0 0 0 0 
374393 0 0 0 0 0 0 0 0 0 0 0 0 0 
374443 0 0 0 0 0 0 0 0 0 0 0 0 0 
374493 0 0 0 0 0 0 0 0 0 0 0 0 0 
374543 0 0 0 0 0 0 0 0 0 0 0 0 0 
374593 0 0 0 0 0 0 0 0 0 0 0 0 0 
374643 0 0 0 0 0 0 0 0 0 0 0 0 0 
374693 0 0 0 0 0 0 0 0 0 0 0 0 0 
374743 0 0 0 0 0 0 0 0 0 0 0 0 0 
374793 0 0 0 0 0 0 0 0 0 0 0 0 0 
374844 0 0 0 0 0 0 0 0 0 0 0 0 0 
374894 0 0 0 0 0 0 0 0 0 0 0 0 0 
374944 0 0 0 0 0 0 0 0 0 0 0 0 0 
374994 0 0 0 0 0 0 0 0 0 0 0 0 0 
375044 0 0 0 0 0 0 0 0 0 0 0 0 0 
375094 0 0 0 0 0 0 0 0 0 0 0 0 0 
375144 0 0 0 0 0 0 0 0 0 0 0 0 0 
375194 0 0 0 0 0 0 0 0 0 0 0 0 0 
375244 0 0 0 0 0 0 0 0 0 0 0 0 0 
375294 0 0 0 0 0 0 0 0 0 0 0 0 0 
375344 0 0 0 0 0 0 0 0 0 0 0 0 0 
375394 0 0 0 0 0 0 0 0 0 0 0 0 0 
375445 0 0 0 0 0 0 0 0 0 0 0 0 0 
375495 0 0 0 0 0 0 0 0 0 0 0 0 0 
375545 0 0 0 0 0 0 0 0 0 0 0 0 0 
375595 0 0 0 0 0 0 0 0 0 0 0 0 0 
375645 0 0 0 0 0 0 0 0 0 0 0 0 0 
375695 0 0 0 0 0 0 0 0 0 0 0 0 0 
375745 0 0 0 0 0 0 0 0 0 0 0 0 0 
375795 0 0 0 0 0 0 0 0 0 0 0 0 0 
375845 0 0 0 0 0 0 0 0 0 0 0 0 0 
375895 0 0 0 0 0 0 0 0 0 0 0 0 0 
375945 0 0 0 0 0 0 0 0 0 0 0 0 0 
375996 0 0 0 0 0 0 0 0 0 0 0 0 0 
376046 0 0 0 0 0 0 0 0 0 0 0 0 0 
376096 0 0 0 0 0 0 0 0 0 0 0 0 0 
376146 0 0 0 0 0 0 0 0 0 0 0 0 0 
376196 0 0 0 0 0 0 0 0 0 0 0 0 0 
376246 0 0 0 0 0 0 0 0 0 0 0 0 0 
376297 0 0 0 0 0 0 0 0 0 0 0 0 0 
376347 0 0 0 0 0 0 0 0 0 0 0 0 0 
376397 0 0 0 0 0 0 0 0 0 0 0 0 0 
376447 0 0 0 0 0 0 0 0 0 0 0 0 0 
376497 0 0 0 0 0 0 0 0 0 0 0 0 0 
376547 0 0 0 0 0 0 0 0 0 0 0 0 0 
376597 0 0 0 0 0 0 0 0 0 0 0 0 0 
376647 0 0 0 0 0 0 0 0 0 0 0 0 0 
376697 0 0 0 0 0 0 0 0 0 0 0 0 0 
376748 0 0 0 0 0 0 0 0 0 0 0 0 0 
376798 0 0 0 0 0 0 0 0 0 0 0 0 0 
376848 0 0 0 0 0 0 0 0 0 0 0 0 0 
376898 0 0 0 0 0 0 0 0 0 0 0 0 0 
376948 0 0 0 0 0 0 0 0 0 0 0 0 0 
376998 0 0 0 0 0 0 0 0 0 0 0 0 0 
377048 0 0 0 0 0 0 0 0 0 0 0 0 0 
377098 0 0 0 0 0 0 0 0 0 0 0 0 0 
377148 0 0 0 0 0 0 0 0 0 0 0 0 0 
377198 0 0 0 0 0 0 0 0 0 0 0 0 0 
377249 0 0 0 0 0 0 0 0 0 0 0 0 0 
377299 0 0 0 0 0 0 0 0 0 0 0 0 0 
377349 0 0 0 0 0 0 0 0 0 0 0 0 0 
377399 0 0 0 0 0 0 0 0 0 0 0 0 0 
377449 0 0 0 0 0 0 0 0 0 0 0 0 0 
377499 0 0 0 0 0 0 0 0 0 0 0 0 0 
377549 0 0 0 0 0 0 0 0 0 0 0 0 0 
377599 0 0 0 0 0 0 0 0 0 0 0 0 0 
377649 0 0 0 0 0 0 0 0 0 0 0 0 0 
377699 0 0 0 0 0 0 0 0 0 0 0 0 0 
377749 0 0 0 0 0 0 0 0 0 0 0 0 0 
377800 0 0 0 0 0 0 0 0 0 0 0 0 0 
377850 0 0 0 0 0 0 0 0 0 0 0 0 0 
377900 0 0 0 0 0 0 0 0 0 0 0 0 0 
377950 0 0 0 0 0 0 0 0 0 0 0 0 0 
378000 0 0 0 0 0 0 0 0 0 0 0 0 0 
378050 0 0 0 0 0 0 0 0 0 0 0 0 0 
378100 0 0 0 0 0 0 0 0 0 0 0 0 0 
378150 0 0 0 0 0 0 0 0 0 0 0 0 0 
378200 0 0 0 0 0 0 0 0 0 0 0 0 0 
378250 0 0 0 0 0 0 0 0 0 0 0 0 0 
378300 0 0 0 0 0 0 0 0 0 0 0 0 0 
378351 0 0 0 0 0 0 0 0 0 0 0 0 0 
378401 0 0 0 0 0 0 0 0 0 0 0 0 0 
378451 0 0 0 0 0 0 0 0 0 0 0 0 0 
378501 0 0 0 0 0 0 0 0 0 0 0 0 0 
