12368670 0 0 0 0 -1 0 0 -1 2 0 -1 2 0 
14886824 0 0 0 0 -1 -1 0 -1 1 0 -1 1 0 
15911214 0 0 0 0 -1 0 0 -2 1 -1 -2 1 -1 
17366810 0 0 0 0 0 1 1 0 0 0 0 0 0 
18429612 0 0 0 0 0 1 0 0 0 0 0 0 0 
19885608 0 0 0 0 -1 1 0 -2 0 0 -2 0 0 
20907998 0 0 0 0 -1 1 2 -2 0 1 -2 0 1 
22403288 0 0 0 0 -1 1 1 -2 -1 1 -2 -1 1 
23465584 0 0 0 0 -1 0 0 -2 -1 1 -2 -1 1 
24879992 0 0 0 0 -1 -1 -2 -3 1 1 -3 1 1 
27396784 0 0 0 0 0 0 1 0 2 1 0 2 1 
28577180 0 0 0 0 -1 0 0 0 1 1 0 1 1 
29915970 0 0 0 0 -3 -2 0 0 2 1 0 2 1 
31096766 0 0 0 0 -2 0 -1 -1 2 2 -1 2 2 
32432756 0 0 0 0 0 2 0 -1 1 2 -1 1 2 
33614364 0 0 0 0 -2 2 -1 -1 1 1 -1 1 1 
34913548 0 0 0 0 -4 -2 0 -1 1 1 -1 1 1 
36133156 0 0 0 0 -3 -3 0 -2 1 1 -2 1 1 
37432746 0 0 0 0 -1 0 -3 -2 1 1 -2 1 1 
39909938 0 0 0 0 0 -1 -1 1 0 1 1 0 1 
41286732 0 0 0 0 -2 -1 -1 2 0 1 2 0 1 
42428336 0 0 0 0 -2 -1 1 2 0 1 2 0 1 
43803930 0 0 0 0 -1 0 2 2 -1 0 2 0 0 
44945128 0 0 0 0 0 2 0 2 0 0 2 0 0 
46281116 0 0 0 0 0 3 0 1 1 0 0 0 0 
47460312 0 0 0 0 0 1 0 -1 1 0 0 1 0 
48799114 0 0 0 0 0 1 1 0 1 0 0 1 0 
49978768 0 0 0 0 0 1 1 0 1 1 0 1 1 
52495490 0 0 0 0 -1 0 1 -1 1 2 -1 1 2 
53950692 0 0 0 0 0 2 1 0 1 2 0 1 2 
54973888 0 0 0 0 0 3 0 0 1 2 0 1 2 
56429084 0 0 0 0 -1 2 1 -1 2 1 -1 2 1 
57492030 0 0 0 0 -1 2 1 -1 2 1 -1 2 1 
58948270 0 0 0 0 -1 1 1 -1 2 1 -1 2 0 
60009872 0 0 0 0 -1 2 1 -1 2 0 -1 2 0 
61466186 0 0 0 0 0 1 2 0 2 1 0 2 1 
62489070 0 0 0 0 -1 1 0 -1 2 2 -1 2 1 
65006650 0 0 0 0 -1 0 -1 -2 3 1 -2 3 1 
66658658 0 0 0 0 -2 -1 -1 -1 4 1 -1 4 0 
67524654 0 0 0 0 -2 0 -1 -1 4 0 -1 4 0 
69137844 0 0 0 0 -2 1 -1 0 3 -2 0 3 -1 
70041846 0 0 0 0 -2 0 0 1 2 -2 0 2 -2 
71654642 0 0 0 0 -3 1 0 0 0 -2 0 0 -2 
72519826 0 0 0 0 -3 2 1 -1 -2 -2 0 -1 -1 
74134014 0 0 0 0 -1 3 1 0 -3 -1 0 -3 -1 
75038624 0 0 0 0 -2 2 1 -1 -2 -1 -1 -2 -1 
77517016 0 0 0 0 -1 1 0 -4 0 -1 -4 0 -1 
79328604 0 0 0 0 -1 0 0 -3 3 -1 -2 3 -1 
80037014 0 0 0 0 -2 0 1 -2 3 -1 -2 3 -1 
81845802 0 0 0 0 -2 0 0 -1 4 0 0 4 0 
82514594 0 0 0 0 -2 0 0 0 4 1 0 4 1 
84362988 0 0 0 0 -2 1 0 0 3 2 0 3 2 
85071392 0 0 0 0 -2 2 0 1 2 2 0 2 2 
86841792 0 0 0 0 -2 2 0 0 2 2 0 2 2 
87549384 0 0 0 0 -3 1 -1 -1 3 2 -1 2 1 
90068294 0 0 0 0 -2 2 1 -2 3 1 -2 2 0 
92035376 0 0 0 0 0 3 -1 -1 3 1 0 3 1 
92586974 0 0 0 0 8 -5 8 -1 -3 6 -1 -3 5 
94514568 0 0 0 0 12 12 -8 2 -3 29 2 -3 29 
95065352 0 0 0 0 -1 -4 -8 4 6 33 4 5 33 
97032152 0 0 0 0 -2 7 -2 11 19 30 11 19 30 
97582958 0 0 0 0 -7 -1 4 12 21 24 12 21 24 
99550552 0 0 0 0 -9 6 4 13 25 10 13 25 10 
100101750 0 0 0 0 -10 6 2 12 23 6 12 23 6 
102581336 0 0 0 0 -11 11 1 2 12 -5 2 12 -5 
104704928 0 0 0 0 -11 6 1 -9 -3 -11 -9 -3 -10 
105097734 0 0 0 0 -9 8 1 -10 -6 -12 -10 -6 -12 
107220926 0 0 0 0 -8 0 0 -16 -15 -15 -15 -14 -15 
107614600 0 0 0 0 -7 4 0 -16 -16 -16 -16 -16 -16 
109739718 0 0 0 0 -6 -1 -1 -14 -17 -19 -14 -17 -19 
110093718 0 0 0 0 -3 -1 -1 -14 -16 -20 -14 -16 -19 
112258504 0 0 0 0 -6 -4 -1 -11 -9 -19 -11 -9 -19 
112612896 0 0 0 0 -1 -2 -2 -10 -8 -18 -10 -8 -18 
115131694 0 0 0 0 -1 -4 -2 -5 -2 -12 -5 -2 -12 
117374088 0 0 0 0 -4 -4 0 -1 -1 -4 -1 -1 -4 
117610086 0 0 0 0 -2 -4 0 -1 -1 -3 -1 -1 -3 
119929672 0 0 0 0 -2 0 1 3 0 3 3 0 3 
120165684 0 0 0 0 -3 -1 1 3 0 4 3 0 4 
122407202 0 0 0 0 -2 -1 1 6 3 7 6 2 7 
122643276 0 0 0 0 -5 -1 -1 5 3 7 5 3 7 
124926070 0 0 0 0 -3 1 0 4 5 7 4 5 7 
125122462 0 0 0 0 -4 2 1 4 4 7 4 4 7 
127641260 0 0 0 0 -4 1 0 3 6 6 3 6 6 
130082446 0 0 0 0 -3 1 0 1 4 6 1 3 5 
130279920 0 0 0 0 -3 1 0 1 3 5 1 3 5 
132560844 0 0 0 0 -4 1 0 0 2 3 0 2 3 
132757644 0 0 0 0 -3 2 1 1 2 3 1 2 3 
135080024 0 0 0 0 -3 1 -1 0 0 1 0 0 1 
135276824 0 0 0 0 -3 2 -1 1 0 0 0 0 0 
137636840 0 0 0 0 -4 2 0 1 -2 -1 1 -2 -1 
137833258 0 0 0 0 -3 2 0 2 -2 -1 2 -2 -1 
140155614 0 0 0 0 -4 1 0 2 -3 -1 2 -2 -1 
142672806 0 0 0 0 -2 2 -2 0 1 0 0 1 0 
142830012 0 0 0 0 -2 2 -2 1 1 0 0 1 0 
145190398 0 0 0 0 -3 3 1 -1 2 1 -1 2 1 
145347998 0 0 0 0 -3 3 0 -1 2 1 -1 2 1 
147669984 0 0 0 0 -3 2 2 -1 2 2 -1 2 2 
147827596 0 0 0 0 -4 2 2 -1 3 2 -1 3 2 
150188382 0 0 0 0 -3 2 1 -1 2 2 -1 2 2 
150345974 0 0 0 0 -3 3 1 -1 2 2 -1 2 2 
152707974 0 0 0 0 -3 3 1 -2 2 2 -1 2 2 
155225558 0 0 0 0 5 6 -7 1 0 43 1 0 42 
155500370 0 0 0 0 -3 9 -9 4 4 45 3 3 44 
157702750 0 0 0 0 -4 4 -1 13 13 35 12 13 35 
157977950 0 0 0 0 -5 14 -1 14 15 31 14 15 31 
160258754 0 0 0 0 -8 13 3 13 23 9 13 23 9 
160494222 0 0 0 0 -9 3 2 13 23 6 13 23 6 
162735540 0 0 0 0 -10 6 0 3 17 -7 3 17 -7 
163011540 0 0 0 0 -9 10 0 2 15 -9 2 15 -9 
165252738 0 0 0 0 -10 8 3 -10 0 -14 -10 0 -14 
167769918 0 0 0 0 -11 2 2 -19 -16 -16 -19 -16 -16 
168163724 0 0 0 0 -9 3 2 -20 -18 -17 -19 -17 -17 
170248760 0 0 0 0 -8 -2 -5 -19 -20 -18 -19 -20 -18 
170681922 0 0 0 0 -7 -1 -4 -18 -20 -19 -18 -20 -19 
172766702 0 0 0 0 -6 -3 -2 -14 -18 -20 -14 -18 -20 
173199514 0 0 0 0 -4 -6 -2 -13 -17 -20 -13 -17 -20 
175284700 0 0 0 0 -3 -5 -2 -7 -11 -18 -7 -11 -18 
175678706 0 0 0 0 0 -4 -3 -7 -10 -17 -7 -10 -17 
177804692 0 0 0 0 2 -2 2 -2 -6 -12 -2 -6 -12 
180282160 0 0 0 0 1 -2 1 1 -1 -4 1 -1 -4 
180872288 0 0 0 0 1 -2 2 1 -1 -1 1 -1 -1 
182799476 0 0 0 0 2 0 1 2 3 4 2 3 4 
183388668 0 0 0 0 -1 1 1 2 4 6 2 4 6 
185316268 0 0 0 0 1 1 3 4 6 7 4 6 7 
185905860 0 0 0 0 -1 0 2 4 7 8 4 7 8 
187795066 0 0 0 0 -1 0 0 2 9 7 2 9 7 
188385058 0 0 0 0 -3 1 -1 2 9 7 2 9 7 
190312658 0 0 0 0 -4 1 -1 1 8 6 1 8 6 
192830650 0 0 0 0 -4 2 1 0 4 3 0 4 3 
193579440 0 0 0 0 -3 1 0 1 3 2 0 3 2 
195349042 0 0 0 0 -6 1 -1 -1 2 1 -1 1 1 
196095840 0 0 0 0 -4 -1 -2 -2 0 0 -2 0 0 
197827028 0 0 0 0 -4 -1 -2 -3 0 -1 -3 0 -1 
198573818 0 0 0 0 -4 0 -2 -3 -1 -2 -3 -1 -2 
200343412 0 0 0 0 -4 -1 1 -1 -2 -3 -1 -2 -3 
201089810 0 0 0 0 -3 0 2 -1 -2 -3 -1 -2 -3 
202821018 0 0 0 0 -2 -1 0 0 0 -2 0 0 -2 
205338196 0 0 0 0 -2 -1 1 -2 1 0 -2 1 0 
206281406 0 0 0 0 -2 0 0 -3 1 1 -2 1 1 
207854464 0 0 0 0 -3 0 0 -3 2 2 -3 2 2 
208758586 0 0 0 0 -4 0 1 -3 2 3 -3 2 2 
210369392 0 0 0 0 -4 -2 -1 -1 2 3 -1 2 3 
211274990 0 0 0 0 -4 -1 -2 -1 2 3 -1 2 3 
212846978 0 0 0 0 -4 -1 0 0 2 3 0 1 3 
213790576 0 0 0 0 -3 0 1 2 1 3 1 1 3 
215365376 0 0 0 0 0 19 -9 5 -5 18 5 -5 17 
217883756 0 0 0 0 -7 -17 -6 5 -1 22 5 0 22 
218946558 0 0 0 0 2 18 5 1 4 21 1 3 21 
220361754 0 0 0 0 -2 9 -3 0 9 19 0 9 19 
221463756 0 0 0 0 -6 -3 -1 1 11 16 1 11 16 
222879740 0 0 0 0 -8 2 4 5 11 11 5 11 11 
223943336 0 0 0 0 -3 1 3 8 11 7 7 10 7 
225400144 0 0 0 0 -4 -1 0 7 9 2 7 9 2 
226462622 0 0 0 0 -9 10 0 5 5 -1 5 5 -1 
227918136 0 0 0 0 -3 11 1 1 1 -5 1 0 -5 
230436916 0 0 0 0 -5 1 0 -5 -5 -6 -5 -5 -6 
231655718 0 0 0 0 -4 5 3 -7 -7 -6 -7 -7 -6 
232914920 0 0 0 0 -1 4 0 -8 -7 -6 -8 -7 -6 
234134110 0 0 0 0 -1 -1 0 -8 -6 -7 -8 -5 -6 
235432512 0 0 0 0 -6 1 0 -7 -4 -7 -7 -4 -7 
236652502 0 0 0 0 1 -2 0 -6 -1 -7 -6 -1 -7 
237911304 0 0 0 0 -3 -1 -2 -4 1 -8 -4 1 -8 
239170900 0 0 0 0 -3 -2 -1 -3 3 -9 -3 2 -9 
240430082 0 0 0 0 -2 -1 1 -1 2 -8 0 2 -8 
242908482 0 0 0 0 -3 -2 0 -2 1 -3 -1 1 -3 
244325120 0 0 0 0 -6 -1 1 -2 0 -1 -1 0 0 
245466866 0 0 0 0 -2 -1 0 -1 0 2 -1 0 1 
246843274 0 0 0 0 -5 0 1 -1 2 3 -1 1 3 
247945358 0 0 0 0 -5 0 0 -1 1 2 0 1 2 
249322060 0 0 0 0 -4 1 2 1 2 2 1 2 2 
250423256 0 0 0 0 -4 1 0 1 4 1 1 4 1 
251879658 0 0 0 0 -5 0 -1 0 4 0 0 4 0 
252942454 0 0 0 0 -5 0 0 -1 4 0 -1 3 0 
255459246 0 0 0 0 -7 2 0 -2 1 0 -2 1 0 
257031636 0 0 0 0 -7 1 1 -2 -1 -1 -2 0 -1 
257976032 0 0 0 0 -7 0 0 -2 -1 -2 -2 -1 -2 
259511228 0 0 0 0 -6 0 -1 -2 -1 -2 -2 0 -2 
260454168 0 0 0 0 -4 1 1 -2 0 -2 -2 0 -2 
262028826 0 0 0 0 -10 -46 19 0 -9 18 0 -9 27 
263013128 0 0 0 0 4 -19 6 3 -6 40 3 -6 39 
264507204 0 0 0 0 -8 12 -10 9 4 57 9 3 58 
265492014 0 0 0 0 -4 20 3 16 12 55 16 11 55 
267970006 0 0 0 0 -6 -7 1 21 28 20 20 28 20 
269660800 0 0 0 0 -12 8 0 15 29 -1 15 29 0 
270487592 0 0 0 0 -7 13 4 11 25 -6 10 25 -6 
272179180 0 0 0 0 -13 17 0 0 13 -15 0 13 -15 
273005590 0 0 0 0 -15 8 1 -5 6 -16 -5 6 -16 
274655984 0 0 0 0 -15 1 1 -13 -9 -20 -13 -8 -20 
275520376 0 0 0 0 -15 -2 -1 -17 -14 -20 -17 -14 -19 
277211170 0 0 0 0 -10 5 1 -23 -23 -22 -23 -23 -22 
278036842 0 0 0 0 -13 3 -1 -24 -25 -23 -24 -24 -23 
280556352 0 0 0 0 -7 -8 -1 -20 -20 -26 -20 -20 -26 
282327160 0 0 0 0 2 -5 -1 -16 -11 -25 -15 -11 -24 
283035158 0 0 0 0 -3 -6 2 -14 -8 -24 -14 -8 -24 
284844870 0 0 0 0 1 -7 0 -8 -1 -19 -8 -1 -19 
285513536 0 0 0 0 0 -5 -1 -6 0 -17 -6 0 -17 
287359530 0 0 0 0 -1 -6 1 -2 -1 -8 -2 0 -7 
288029134 0 0 0 0 0 -6 0 -1 0 -5 -1 0 -5 
289877642 0 0 0 0 -6 -5 -3 0 1 3 0 0 3 
290547126 0 0 0 0 -2 -3 -2 0 1 3 0 1 3 
293063112 0 0 0 0 -4 -4 2 5 3 6 5 3 6 
295027118 0 0 0 0 -6 -2 1 6 6 6 6 6 6 
295577910 0 0 0 0 -4 0 1 7 6 6 6 6 6 
297542310 0 0 0 0 -6 -3 1 7 6 7 7 6 6 
298053896 0 0 0 0 -7 -1 0 6 6 7 6 6 6 
300020514 0 0 0 0 -4 -1 -1 2 4 6 1 3 6 
300610688 0 0 0 0 -6 -1 0 1 3 6 1 3 6 
302574694 0 0 0 0 -4 0 -1 -2 1 3 -2 1 3 
303047086 0 0 0 0 -6 1 0 -2 1 3 -2 1 3 
305566278 0 0 0 0 -4 -3 2 -1 -2 0 -1 -1 0 
307691870 0 0 0 0 -5 -2 0 -2 0 -2 -2 0 -2 
308086144 0 0 0 0 -4 -4 -2 -3 0 -2 -3 0 -2 
310209856 0 0 0 0 -3 -2 1 -3 1 -2 -3 0 -2 
310603862 0 0 0 0 -3 -4 1 -2 0 -2 -2 0 -2 
312727854 0 0 0 0 -3 -3 1 -2 0 -1 -2 0 -1 
313082654 0 0 0 0 -4 -3 1 -2 -1 -1 -2 -1 -1 
315246252 0 0 0 0 -3 -3 -1 -2 0 0 -2 0 0 
315600646 0 0 0 0 -4 -2 -1 -2 1 1 -2 1 0 
318118668 0 0 0 0 -4 -1 1 -1 4 1 -1 4 1 
320400224 0 0 0 0 -5 -9 -1 0 -3 44 0 -3 44 
320635828 0 0 0 0 -13 15 -17 6 -2 49 6 -2 49 
322917022 0 0 0 0 -21 0 -3 19 14 50 18 14 50 
323113428 0 0 0 0 -7 10 -3 20 14 48 20 14 48 
325433808 0 0 0 0 -12 12 8 20 27 13 20 26 13 
325630206 0 0 0 0 -16 7 6 19 25 11 19 25 11 
327910612 0 0 0 0 -16 2 1 11 19 -9 10 19 -9 
328147010 0 0 0 0 -11 2 -2 9 17 -12 9 17 -11 
330666596 0 0 0 0 -7 11 1 -5 -3 -20 -5 -3 -20 
333066594 0 0 0 0 -6 2 3 -17 -21 -22 -17 -20 -22 
333262988 0 0 0 0 -9 1 3 -18 -22 -22 -18 -22 -22 
335582580 0 0 0 0 -1 -3 -2 -20 -25 -23 -20 -25 -23 
335778986 0 0 0 0 -2 3 -2 -19 -26 -24 -19 -25 -23 
338062178 0 0 0 0 -2 -3 -1 -16 -14 -24 -16 -14 -24 
338258178 0 0 0 0 -2 -3 -1 -16 -13 -23 -16 -13 -23 
340577358 0 0 0 0 -2 -6 -2 -10 -1 -20 -10 -1 -20 
340773764 0 0 0 0 0 -6 -2 -10 0 -19 -10 0 -19 
343172956 0 0 0 0 -4 -3 1 -2 3 -10 -2 3 -10 
345690148 0 0 0 0 -5 -4 1 2 3 1 2 3 1 
345808154 0 0 0 0 -3 -6 1 2 2 1 2 2 1 
348206940 0 0 0 0 -6 -3 1 3 2 7 3 2 6 
348324938 0 0 0 0 -5 -3 0 3 2 7 3 2 7 
350724138 0 0 0 0 -4 -2 -3 4 4 8 4 4 7 
350842130 0 0 0 0 -7 -2 -2 4 4 8 4 4 7 
353239722 0 0 0 0 -4 -2 1 3 3 6 3 3 6 
353357722 0 0 0 0 -6 -1 1 3 2 6 3 2 6 
355717714 0 0 0 0 -4 0 0 1 3 4 1 3 4 
358196914 0 0 0 0 -5 -3 0 0 0 3 0 0 3 
358432506 0 0 0 0 -6 -3 0 0 1 3 0 1 3 
360753304 0 0 0 0 -6 -1 0 -2 -1 2 -2 -1 2 
360949992 0 0 0 0 -5 -1 0 -2 -2 1 -2 -1 1 
363228890 0 0 0 0 -7 -2 -1 -3 -1 1 -3 -1 1 
363464890 0 0 0 0 -4 -2 -1 -3 -1 0 -3 0 0 
365709282 0 0 0 0 -6 -2 1 -3 0 0 -3 0 0 
365944750 0 0 0 0 -2 -3 1 -2 0 0 -2 0 0 
368226074 0 0 0 0 -4 -3 0 -1 3 -1 -1 3 0 
370743416 0 0 0 0 -4 -5 -1 0 1 0 0 1 0 
371097272 0 0 0 0 -5 -3 -1 0 2 1 0 2 1 
373261252 0 0 0 0 -4 -2 -1 -1 0 1 0 0 1 
373576456 0 0 0 0 -6 -1 0 0 0 2 0 0 1 
375738850 0 0 0 0 -5 -2 0 -1 0 0 -1 0 0 
376093242 0 0 0 0 -7 -2 0 -1 -1 0 -1 0 0 
378257648 0 0 0 0 -4 -1 0 -2 1 -1 -2 0 -1 
378612034 0 0 0 0 -5 -1 -1 -2 1 -1 -2 0 -1 
380775226 0 0 0 0 -5 -1 0 -2 0 -2 -2 0 -2 
383293132 0 0 0 0 -3 -1 1 -3 -1 0 -3 -1 0 
383803618 0 0 0 0 6 -23 2 -4 -1 3 -4 -1 -1 
385809224 0 0 0 0 9 0 -1 4 1 38 4 1 37 
386280822 0 0 0 0 -3 7 -10 9 5 44 8 5 43 
388326414 0 0 0 0 -5 1 4 17 14 31 17 14 31 
388759208 0 0 0 0 -7 13 2 18 17 26 18 17 26 
390805206 0 0 0 0 -5 4 0 15 21 6 15 21 6 
391277424 0 0 0 0 -10 -3 2 13 22 3 13 21 3 
393285992 0 0 0 0 -9 11 1 4 11 -8 4 11 -7 
395842872 0 0 0 0 -13 2 2 -10 -6 -13 -10 -6 -13 
396433770 0 0 0 0 -11 0 -1 -13 -10 -14 -13 -10 -14 
398321976 0 0 0 0 -9 3 1 -17 -19 -15 -17 -19 -15 
398988768 0 0 0 0 -7 0 -1 -17 -19 -17 -17 -19 -17 
