0 0 0 0 0 0 0 0 0 0 0 -13800 14849 3438 
0 0 0 0 0 0 0 0 0 0 0 -13800 14849 3438 
0 0 0 0 0 0 0 0 0 0 0 -13800 14849 3438 
0 0 0 0 0 0 0 0 0 0 0 -13800 14849 3438 
0 0 0 0 0 0 0 0 0 0 0 -13800 14849 3438 
0 0 0 0 0 0 0 0 0 0 0 -13800 14849 3438 
0 0 0 0 0 0 0 0 0 0 0 -13800 14849 3438 
0 0 0 0 0 0 0 0 0 0 0 -13800 14849 3438 
0 0 0 0 0 0 0 0 0 0 0 -13800 14849 3438 
0 0 0 0 0 0 0 0 0 0 0 -13800 14849 3438 
0 0 0 0 0 0 0 0 0 0 0 -13800 14849 3438 
0 0 0 0 0 0 0 0 0 0 0 -13800 14849 3438 
0 0 0 0 0 0 0 0 0 0 0 -13800 14849 3438 
0 0 0 0 0 0 0 0 0 0 0 -13800 14849 3438 
0 0 0 0 0 0 0 0 0 0 0 -13800 14849 3438 
0 0 0 0 0 0 0 0 0 0 0 -13800 14849 3438 
0 0 0 0 0 0 0 0 0 0 0 -13800 14849 3438 
0 0 0 0 0 0 0 0 0 0 0 -13800 14849 3438 
0 0 0 0 0 0 0 0 0 0 0 -13800 14849 3438 
0 0 0 0 0 0 0 0 0 0 0 -13800 14849 3438 
0 0 0 0 0 0 0 0 0 0 0 -13800 14849 3438 
0 0 0 0 0 0 0 0 0 0 0 -13800 14849 3438 
