2062348546 0 0 0 0 515 500 407 379 318 490 379 372 390 
2064825742 0 0 0 0 515 500 407 380 318 490 380 373 391 
2066675726 0 0 0 0 515 501 406 381 318 490 381 374 391 
2067343338 0 0 0 0 515 501 406 380 317 490 380 374 391 
2069152134 0 0 0 0 515 499 407 381 316 490 381 374 391 
2069858932 0 0 0 0 516 500 407 381 316 490 381 374 391 
2071666922 0 0 0 0 516 500 406 380 316 490 380 374 391 
2072374922 0 0 0 0 516 501 407 380 315 490 380 373 391 
2074184986 0 0 0 0 516 500 408 381 316 490 381 374 391 
2074892922 0 0 0 0 516 500 408 381 315 490 381 374 391 
2077410918 0 0 0 0 517 500 408 381 316 489 381 374 391 
2079339584 0 0 0 0 517 501 407 380 317 489 380 373 390 
2079889714 0 0 0 0 517 501 407 380 317 489 380 373 390 
2081816498 0 0 0 0 516 501 407 379 318 489 379 372 390 
2082366908 0 0 0 0 516 501 408 379 318 489 379 372 390 
2084332904 0 0 0 0 516 500 407 380 318 488 380 373 390 
2084884098 0 0 0 0 516 500 407 379 318 489 379 373 390 
2086851318 0 0 0 0 515 500 407 380 317 488 380 373 390 
2087402098 0 0 0 0 515 500 407 380 317 489 380 373 390 
2089883562 0 0 0 0 515 500 406 380 316 490 380 373 391 
2092009284 0 0 0 0 515 500 406 380 315 490 380 373 391 
2092442090 0 0 0 0 515 500 407 380 315 489 380 373 390 
2094526080 0 0 0 0 516 499 407 381 316 489 381 374 391 
2094919272 0 0 0 0 516 499 407 381 316 488 381 374 391 
2097082468 0 0 0 0 516 499 406 382 317 488 382 375 392 
2097436474 0 0 0 0 516 500 407 382 317 488 382 375 392 
2099560876 0 0 0 0 516 500 408 382 318 489 382 375 392 
2099914876 0 0 0 0 516 501 407 382 318 489 382 375 392 
2102432120 0 0 0 0 516 502 408 380 317 490 380 373 391 
2104714678 0 0 0 0 515 502 407 379 317 489 379 373 390 
2104951128 0 0 0 0 515 501 407 380 317 489 380 373 390 
2107272124 0 0 0 0 515 501 406 379 316 489 379 372 390 
2107429254 0 0 0 0 516 502 406 379 316 489 379 372 390 
2109752050 0 0 0 0 516 499 406 380 316 489 379 372 390 
2109988044 0 0 0 0 516 500 407 379 316 489 379 372 390 
2112231546 0 0 0 0 517 499 407 380 315 490 380 373 391 
2112467244 0 0 0 0 517 500 407 380 315 490 380 373 391 
2114982846 0 0 0 0 516 500 407 382 316 490 382 375 392 
2117420892 0 0 0 0 517 500 407 382 317 490 382 375 392 
2117618042 0 0 0 0 516 501 407 382 317 490 382 375 392 
2119938036 0 0 0 0 516 501 408 381 317 490 381 374 391 
2120135230 0 0 0 0 516 501 408 381 317 490 381 374 391 
2122414426 0 0 0 0 516 502 409 381 318 490 381 374 391 
2122610826 0 0 0 0 516 502 408 381 317 489 381 374 391 
2124972014 0 0 0 0 516 501 407 379 318 490 379 372 390 
2125129620 0 0 0 0 516 501 407 379 318 490 379 372 390 
2127491622 0 0 0 0 516 501 406 379 317 490 379 372 390 
2130009604 0 0 0 0 515 499 406 380 317 489 380 373 390 
2130128018 0 0 0 0 515 500 407 380 317 489 380 373 390 
2132486812 0 0 0 0 515 501 406 380 316 489 380 373 390 
2132644012 0 0 0 0 515 500 406 380 316 490 380 373 391 
2135004002 0 0 0 0 516 500 408 381 315 490 381 374 391 
2135161220 0 0 0 0 515 500 408 381 315 490 381 374 391 
2137520796 0 0 0 0 517 500 407 382 316 490 382 375 392 
2137677996 0 0 0 0 517 500 407 382 315 490 382 375 392 
2140039198 0 0 0 0 518 500 407 381 317 491 381 374 392 
2142519194 0 0 0 0 517 500 407 381 319 489 380 373 390 
2142794786 0 0 0 0 517 500 407 380 319 489 380 374 391 
2145037582 0 0 0 0 516 502 408 381 319 488 381 374 391 
2145274388 0 0 0 0 515 502 407 381 319 488 381 374 391 
70324 0 0 0 0 515 501 407 379 317 488 379 373 390 
306722 0 0 0 0 516 501 407 379 317 489 379 372 390 
2549524 0 0 0 0 516 500 407 378 316 489 378 372 390 
2825150 0 0 0 0 516 501 407 379 315 489 379 372 390 
5067926 0 0 0 0 515 499 407 380 316 489 380 373 390 
7583914 0 0 0 0 516 501 406 382 317 489 381 374 391 
8015920 0 0 0 0 516 501 407 381 317 489 381 374 391 
10061510 0 0 0 0 516 501 408 381 317 489 380 373 390 
10494302 0 0 0 0 516 500 407 381 317 489 381 374 391 
12617506 0 0 0 0 516 501 406 380 317 490 380 373 391 
13010304 0 0 0 0 516 500 407 380 318 490 380 373 391 
15095506 0 0 0 0 515 500 407 380 317 489 380 374 391 
15489500 0 0 0 0 516 501 407 381 318 489 381 374 391 
17574976 0 0 0 0 516 501 408 382 317 489 381 374 391 
20091090 0 0 0 0 516 501 407 380 316 489 380 373 390 
20642690 0 0 0 0 517 501 407 381 316 489 380 373 390 
22607636 0 0 0 0 516 500 406 380 316 488 379 372 389 
23158692 0 0 0 0 516 500 405 379 316 488 379 372 389 
25125474 0 0 0 0 515 499 406 380 317 487 380 373 390 
25676968 0 0 0 0 516 500 408 381 317 487 380 373 390 
27642682 0 0 0 0 515 500 408 381 317 488 381 374 391 
28191882 0 0 0 0 516 501 407 382 317 488 382 375 392 
30158678 0 0 0 0 516 502 408 382 317 489 382 375 392 
32637472 0 0 0 0 515 501 407 380 317 489 380 373 390 
33345866 0 0 0 0 516 502 407 380 317 490 380 373 391 
35155062 0 0 0 0 515 502 407 380 318 489 380 373 390 
35862266 0 0 0 0 516 502 407 380 319 489 380 373 390 
37673064 0 0 0 0 516 501 407 380 318 489 380 373 390 
38342818 0 0 0 0 515 502 408 380 317 489 380 373 390 
40190652 0 0 0 0 516 501 407 380 316 489 380 373 390 
40859450 0 0 0 0 516 500 406 380 316 489 380 373 390 
42667840 0 0 0 0 516 501 406 380 316 489 380 373 390 
45185442 0 0 0 0 516 500 407 381 317 489 381 374 391 
46011046 0 0 0 0 516 501 406 381 317 489 381 374 391 
47703832 0 0 0 0 516 501 407 381 316 489 381 374 391 
48530330 0 0 0 0 516 501 407 381 316 489 381 374 391 
50183026 0 0 0 0 516 502 407 380 316 489 380 374 391 
51047824 0 0 0 0 516 501 408 380 316 488 380 374 391 
52700234 0 0 0 0 516 502 406 380 317 489 380 373 390 
53565032 0 0 0 0 516 502 407 379 317 488 379 372 389 
55178222 0 0 0 0 516 502 407 380 318 488 380 373 390 
57733818 0 0 0 0 515 501 407 380 317 489 380 373 390 
58678616 0 0 0 0 515 502 406 379 317 489 379 372 390 
60214220 0 0 0 0 516 501 407 380 317 490 379 372 390 
61237012 0 0 0 0 515 501 406 379 317 490 379 373 391 
62731014 0 0 0 0 515 501 406 380 317 490 380 373 391 
63714212 0 0 0 0 515 500 407 380 317 490 380 373 391 
65209134 0 0 0 0 515 501 407 381 317 489 381 374 391 
66232208 0 0 0 0 516 500 408 382 317 490 382 375 392 
67727480 0 0 0 0 515 501 407 382 316 490 382 375 392 
70245800 0 0 0 0 516 501 407 381 316 491 381 374 392 
71426186 0 0 0 0 516 501 407 380 316 490 380 374 391 
72724588 0 0 0 0 516 501 408 381 317 490 380 373 391 
73904986 0 0 0 0 516 501 408 381 317 489 381 374 391 
75281778 0 0 0 0 516 501 407 381 317 489 381 374 391 
76421776 0 0 0 0 516 501 408 381 317 489 381 374 391 
77758980 0 0 0 0 516 502 407 380 316 489 380 373 390 
78900176 0 0 0 0 516 501 407 379 317 489 379 373 390 
80238174 0 0 0 0 516 501 407 380 317 489 379 372 390 
82755364 0 0 0 0 516 501 406 379 316 488 379 372 389 
84094172 0 0 0 0 516 501 407 380 317 488 380 373 390 
85274558 0 0 0 0 515 501 407 380 316 488 379 372 389 
86612562 0 0 0 0 515 501 406 380 316 489 379 372 390 
87753760 0 0 0 0 516 501 406 380 316 489 380 373 390 
89091364 0 0 0 0 516 501 407 380 316 489 380 373 390 
90271348 0 0 0 0 516 501 407 381 316 489 381 374 391 
91569346 0 0 0 0 516 501 407 381 317 489 381 375 392 
92789350 0 0 0 0 516 501 408 381 317 489 381 374 391 
95309626 0 0 0 0 516 502 407 381 317 490 380 373 391 
96765748 0 0 0 0 516 502 407 380 318 490 380 373 391 
97828140 0 0 0 0 516 502 408 379 318 489 379 373 390 
99243338 0 0 0 0 516 501 407 379 318 489 379 372 390 
100306010 0 0 0 0 516 501 407 379 318 489 379 372 390 
101761738 0 0 0 0 515 500 407 380 317 488 380 373 390 
102824524 0 0 0 0 515 500 407 380 317 488 380 373 390 
104279328 0 0 0 0 515 500 406 380 317 489 380 373 390 
105302126 0 0 0 0 515 501 406 380 317 489 380 374 391 
107818514 0 0 0 0 516 501 407 380 316 489 380 373 390 
109430524 0 0 0 0 516 501 408 381 316 489 381 374 391 
110334916 0 0 0 0 516 501 407 381 315 489 381 374 391 
111946112 0 0 0 0 517 501 407 381 316 489 381 375 392 
112811318 0 0 0 0 517 502 407 382 317 489 382 375 392 
114423314 0 0 0 0 516 502 406 381 318 489 381 374 391 
115328506 0 0 0 0 516 501 407 381 318 489 381 374 391 
116942108 0 0 0 0 516 502 407 380 317 489 380 373 390 
117885850 0 0 0 0 515 501 407 379 318 489 379 373 390 
120365220 0 0 0 0 516 502 407 380 317 489 380 373 390 
122096098 0 0 0 0 515 501 406 379 316 489 379 372 390 
122882498 0 0 0 0 515 502 407 379 317 489 379 372 390 
124611688 0 0 0 0 515 501 407 380 317 488 380 373 390 
125360086 0 0 0 0 515 500 407 380 317 488 380 373 390 
127127682 0 0 0 0 515 501 406 380 316 489 380 373 390 
127874882 0 0 0 0 515 501 408 381 316 489 380 373 390 
129606072 0 0 0 0 515 501 407 381 316 489 381 374 391 
130354508 0 0 0 0 515 501 407 381 316 489 381 374 391 
132872472 0 0 0 0 516 501 406 381 316 489 381 374 391 
134801274 0 0 0 0 515 502 407 380 317 489 380 373 390 
135391272 0 0 0 0 516 502 407 380 317 489 380 373 390 
137280062 0 0 0 0 515 501 408 380 317 489 380 373 390 
137908868 0 0 0 0 515 501 407 380 317 488 380 373 390 
139837264 0 0 0 0 516 502 408 380 317 488 380 374 391 
140387250 0 0 0 0 516 501 407 380 316 488 380 374 391 
142314046 0 0 0 0 516 501 406 379 316 488 379 373 390 
142903246 0 0 0 0 515 501 406 379 316 488 379 373 390 
145420446 0 0 0 0 515 502 407 380 317 488 380 373 390 
147464924 0 0 0 0 515 501 406 380 316 488 380 373 390 
147898036 0 0 0 0 516 501 407 380 316 488 380 373 390 
149944838 0 0 0 0 516 501 407 380 316 488 380 373 390 
150456036 0 0 0 0 516 502 406 381 316 488 381 374 391 
152462040 0 0 0 0 515 501 407 380 317 489 380 373 390 
152934832 0 0 0 0 515 501 407 381 317 489 381 374 391 
154980422 0 0 0 0 515 502 408 381 317 489 381 374 391 
155412828 0 0 0 0 516 502 408 381 317 489 381 374 391 
157930028 0 0 0 0 515 501 407 380 317 489 380 373 390 
160133212 0 0 0 0 515 501 407 380 317 489 380 373 390 
160448418 0 0 0 0 515 502 406 379 317 489 379 373 390 
162652806 0 0 0 0 515 501 406 380 317 489 379 372 390 
162967212 0 0 0 0 515 501 406 380 317 489 379 372 390 
165167614 0 0 0 0 515 501 406 380 316 489 380 373 390 
165443208 0 0 0 0 515 500 407 379 316 489 379 373 390 
167684010 0 0 0 0 515 502 408 380 315 489 380 373 390 
167959596 0 0 0 0 515 502 408 380 316 489 380 373 390 
170476404 0 0 0 0 516 501 406 379 317 489 379 372 390 
172796930 0 0 0 0 515 501 408 380 317 488 380 373 390 
172993992 0 0 0 0 515 500 407 379 317 488 379 372 389 
175315194 0 0 0 0 516 500 407 380 316 489 380 374 391 
175511988 0 0 0 0 515 500 406 381 317 488 380 373 390 
177831984 0 0 0 0 515 501 406 381 317 489 381 374 391 
178028376 0 0 0 0 515 501 407 380 317 489 380 374 391 
180347178 0 0 0 0 515 501 406 381 317 489 381 374 391 
180544372 0 0 0 0 515 501 407 380 317 489 380 373 390 
182985180 0 0 0 0 515 501 407 381 317 489 380 373 390 
185504368 0 0 0 0 515 502 406 380 318 489 380 374 391 
185661162 0 0 0 0 515 502 407 381 318 490 380 373 391 
187983232 0 0 0 0 515 501 407 381 317 489 381 374 391 
188101562 0 0 0 0 515 501 407 381 317 489 381 374 391 
190502358 0 0 0 0 515 501 407 380 316 489 380 373 390 
193020622 0 0 0 0 515 501 407 381 316 489 381 374 391 
193177546 0 0 0 0 515 501 406 380 316 489 380 374 391 
195496742 0 0 0 0 515 501 407 380 315 489 380 373 390 
195693948 0 0 0 0 515 501 407 380 316 489 380 374 391 
195812354 0 0 0 0 515 502 408 381 316 489 381 374 391 
198013144 0 0 0 0 516 502 407 381 316 489 381 374 391 
200569144 0 0 0 0 516 502 407 380 318 489 380 373 390 
200883144 0 0 0 0 515 501 407 380 317 489 380 373 390 
203047534 0 0 0 0 515 501 407 381 318 489 380 373 390 
203401938 0 0 0 0 515 501 408 380 317 489 380 373 390 
205526078 0 0 0 0 515 501 406 381 317 489 381 374 391 
205919122 0 0 0 0 515 502 406 381 317 489 381 374 391 
208042318 0 0 0 0 515 502 407 380 317 489 380 373 390 
208397116 0 0 0 0 514 502 407 380 317 489 380 373 390 
210599924 0 0 0 0 515 502 407 380 316 488 380 373 390 
213077520 0 0 0 0 514 501 407 381 316 489 380 373 390 
213550318 0 0 0 0 514 502 407 380 316 489 380 373 390 
215557346 0 0 0 0 515 501 406 380 317 489 380 373 390 
216069108 0 0 0 0 514 501 406 379 316 489 379 372 390 
218075510 0 0 0 0 515 502 408 381 316 489 381 374 391 
218586302 0 0 0 0 515 501 408 381 317 490 381 374 391 
220591898 0 0 0 0 516 502 406 381 316 490 381 374 391 
221102828 0 0 0 0 516 501 406 381 316 490 381 374 391 
223109388 0 0 0 0 515 502 406 381 317 490 381 374 391 
225588288 0 0 0 0 515 501 406 381 317 489 381 374 391 
226217888 0 0 0 0 514 501 406 381 317 489 381 374 391 
228106684 0 0 0 0 515 502 407 381 316 489 381 375 392 
228695082 0 0 0 0 515 502 408 382 316 489 382 375 392 
230622684 0 0 0 0 515 502 407 382 315 489 382 375 392 
231213472 0 0 0 0 516 502 408 382 315 489 382 375 392 
233141074 0 0 0 0 516 502 407 380 315 489 380 373 390 
233731078 0 0 0 0 515 502 408 380 315 489 380 373 390 
235657868 0 0 0 0 516 502 409 380 316 488 380 373 390 
238135864 0 0 0 0 515 502 407 380 317 488 380 373 390 
238923062 0 0 0 0 516 502 407 380 318 488 380 373 390 
240653064 0 0 0 0 515 502 407 380 318 489 380 373 390 
241440650 0 0 0 0 515 502 407 380 317 489 380 373 390 
243134260 0 0 0 0 515 502 406 379 317 490 379 373 391 
243921058 0 0 0 0 515 502 407 380 317 489 380 373 390 
245652656 0 0 0 0 515 502 407 381 317 489 381 374 391 
246399048 0 0 0 0 515 502 407 381 316 489 380 373 390 
248170244 0 0 0 0 515 502 406 381 316 488 381 374 391 
250648646 0 0 0 0 515 502 407 380 316 489 380 373 390 
251553444 0 0 0 0 515 502 407 379 316 489 379 373 390 
253205834 0 0 0 0 515 502 407 380 315 488 380 373 390 
254071164 0 0 0 0 515 503 408 380 315 489 380 373 390 
255682828 0 0 0 0 515 502 407 380 316 489 380 373 390 
256588234 0 0 0 0 515 502 407 379 315 489 379 373 390 
258200230 0 0 0 0 516 503 407 380 316 488 380 373 390 
259105028 0 0 0 0 516 503 407 380 317 489 380 373 390 
260679818 0 0 0 0 515 502 408 380 317 489 380 373 390 
263237526 0 0 0 0 515 502 406 380 317 489 380 373 390 
264221018 0 0 0 0 515 502 407 380 317 490 380 373 391 
265716608 0 0 0 0 515 502 407 380 317 490 380 373 391 
266737000 0 0 0 0 515 501 407 380 316 489 380 373 390 
268192210 0 0 0 0 515 502 406 381 317 489 380 373 390 
269254202 0 0 0 0 515 501 406 380 317 489 380 373 390 
270709806 0 0 0 0 515 502 406 380 316 489 380 373 390 
271771402 0 0 0 0 515 503 407 381 316 489 380 373 390 
273226256 0 0 0 0 515 502 407 380 315 489 380 373 390 
275745564 0 0 0 0 516 502 407 380 315 489 380 374 391 
276926198 0 0 0 0 516 502 407 380 315 489 380 373 390 
278224184 0 0 0 0 516 502 406 380 316 489 380 373 390 
279444588 0 0 0 0 516 502 407 380 317 489 380 373 390 
280781372 0 0 0 0 515 502 408 380 317 489 380 373 390 
281922182 0 0 0 0 516 502 408 380 316 489 380 374 391 
283258456 0 0 0 0 516 502 407 380 316 489 380 373 390 
284437772 0 0 0 0 516 503 407 381 317 489 381 374 391 
285735362 0 0 0 0 515 502 407 379 316 489 379 373 390 
288253364 0 0 0 0 515 502 407 380 317 489 379 372 390 
289630786 0 0 0 0 515 502 407 380 317 488 380 373 390 
290772040 0 0 0 0 515 502 407 381 317 488 381 374 391 
292148162 0 0 0 0 515 502 407 381 316 489 381 374 391 
293287760 0 0 0 0 515 502 406 380 315 489 380 374 391 
294626152 0 0 0 0 515 502 406 380 316 489 379 372 390 
295766554 0 0 0 0 515 502 407 380 316 489 380 373 390 
297142146 0 0 0 0 515 503 407 380 316 488 380 373 390 
298284144 0 0 0 0 515 502 407 380 316 489 380 373 390 
300802020 0 0 0 0 516 502 407 380 317 489 380 374 391 
302297674 0 0 0 0 516 502 407 380 317 490 380 373 391 
