738197505 -15347 325 256 0 0 256 0 0 0 0 0 0 0 -256 -30706 -5513 325 256 0 256 256 0 0 0 0 0 0 0 -256 6670 1714 326 256 0 256 256 256 0 0 0 0 0 0 -256 1038 4325 326 256 0 256 
16777472 0 0 0 0 0 0 -256 -26098 11390 326 512 0 256 256 256 0 0 0 256 0 0 -256 -22514 14004 326 512 256 512 0 256 0 0 0 0 0 0 -256 526 21225 326 512 256 256 0 256 0 0 0 0 0 
-16777216 -17906 23841 326 768 0 256 0 256 0 0 0 0 0 0 -256 3598 31064 326 512 512 256 256 0 0 0 0 0 0 0 -256 24590 -31863 326 768 512 256 0 256 0 0 0 0 0 0 -256 16910 -22041 326 1024 0 
256 256 0 0 0 0 0 0 -256 -22002 -14209 326 768 256 0 256 256 0 0 0 0 0 0 -256 -20978 -12363 70 768 256 256 256 256 0 0 0 0 0 0 -256 -17906 -4371 70 512 256 256 256 256 0 0 0 0 
0 -256 18446 -2527 70 512 0 256 0 256 0 0 0 0 0 0 -256 -1522 5452 327 512 0 256 0 256 0 0 0 0 0 0 -256 17422 7298 327 512 0 256 256 256 0 0 0 0 0 0 -256 19982 15285 327 768 
16777472 256 256 0 0 0 0 0 0 -256 -6130 16977 327 768 0 256 256 256 0 0 0 0 0 0 -256 -26098 26807 327 512 0 256 256 256 0 0 0 0 0 0 -256 -18930 -30126 71 768 512 256 256 256 0 0 0 
0 0 -256 -4082 -28895 327 768 256 256 256 256 0 0 0 0 0 0 -256 -13298 -20298 327 768 0 256 0 0 0 0 0 0 0 0 -256 -32754 -19068 327 768 0 0 256 256 0 0 0 0 0 0 -256 -25586 -10465 327 
16777728 0 256 0 0 0 0 0 0 0 -256 1550 -9391 327 512 0 256 0 256 0 0 0 0 0 0 -256 -8690 -634 71 768 0 256 256 256 0 0 0 0 0 0 -256 16910 440 328 768 0 0 256 256 0 0 
0 0 0 -256 14862 10276 328 512 0 256 256 256 0 0 0 0 0 0 -256 17934 19340 328 512 0 0 256 0 0 0 0 0 0 0 -256 -7154 19955 72 768 0 256 0 256 0 0 0 0 0 0 -256 13326 29190 
33554760 256 256 256 256 0 0 0 0 0 0 -256 20494 29804 72 512 0 256 256 0 0 0 0 0 0 0 -256 -5106 -26667 328 512 256 0 256 0 0 0 0 0 0 0 -256 -21490 -25898 328 512 256 0 256 0 0 
0 0 0 0 -256 -29170 -16821 72 512 256 0 256 0 0 0 0 0 0 0 -256 -12274 -16206 72 512 256 256 256 256 0 0 0 0 0 0 -256 21006 -6368 72 512 256 256 256 256 0 0 0 0 0 0 -256 24078 
4787449 256 0 0 256 256 0 0 0 0 0 0 -256 -16882 3780 329 256 256 0 256 256 0 0 0 0 0 0 -256 -26610 13149 329 512 512 0 256 256 0 0 0 0 0 0 -256 -11762 13608 329 768 256 0 0 256 
0 0 0 0 0 -256 -8690 22972 329 512 0 0 0 256 0 0 0 0 0 0 -256 -22002 32655 73 0 -256 255 256 256 0 0 0 0 0 0 -256 -11762 -32570 73 256 -256 255 256 256 0 0 0 0 0 0 -256 
-1470128626 -183 511 -256 511 256 256 0 0 0 0 0 0 -256 29710 -21973 73 256 -256 511 256 256 0 0 0 0 0 0 -256 30222 -12598 73 256 256 256 256 256 0 0 0 0 0 0 -256 19982 -2919 73 256 256 256 256 
0 0 0 0 0 0 -256 23566 -2612 73 256 0 256 0 256 0 0 0 0 0 0 -256 11278 -2304 73 512 0 256 0 256 0 0 0 0 0 0 -256 -30194 6917 74 512 0 256 0 256 0 0 0 0 0 0 
-1945174272 7530 74 512 0 256 0 256 0 0 0 0 0 0 -256 6158 16757 74 512 256 256 256 0 0 0 0 0 0 0 -256 -21490 17372 74 512 256 256 0 256 0 0 0 0 0 0 -256 9230 26596 -182 767 0 0 
16777472 0 0 0 0 0 0 -256 -16882 27211 -182 767 256 0 256 256 0 0 0 0 0 0 -256 -15858 -29261 74 256 256 256 256 256 0 0 0 0 0 0 -256 -24050 -19426 330 256 0 0 256 0 0 0 0 0 0 
-16777216 -17906 -18350 74 256 0 256 0 0 0 0 0 0 0 0 -256 17934 -9598 74 0 0 256 0 256 0 0 0 0 0 0 -256 -18930 -8525 74 0 0 256 256 0 0 0 0 0 0 0 -256 22030 236 75 256 0 
256 256 0 0 0 0 0 0 -256 -24562 1311 75 256 256 256 256 0 0 0 0 0 0 0 -256 -2546 9920 75 256 0 256 0 256 0 0 0 0 0 0 -256 -21490 11150 75 256 0 256 256 256 0 0 0 0 
0 -256 -7666 19756 331 0 256 0 256 0 0 0 0 0 0 0 -256 15374 29589 75 256 256 256 0 256 0 0 0 0 0 0 -256 30734 31280 75 256 256 256 256 256 0 0 0 0 0 0 -256 2062 -26262 331 0 
256 256 0 0 0 0 0 0 0 -256 -14322 -24419 331 0 256 0 256 0 0 0 0 0 0 0 -256 -9714 -16430 331 0 256 0 256 0 0 0 0 0 0 0 -256 -19954 -14583 75 256 256 256 0 256 0 0 0 
0 0 -256 -25074 -6597 75 256 256 256 0 256 0 0 0 0 0 0 -256 25614 -4753 75 0 256 256 0 256 0 0 0 0 0 0 -256 27150 3236 76 0 0 0 0 256 0 0 0 0 0 0 -256 -8178 12923 76 
0 0 256 256 0 0 0 0 0 0 -256 17422 15383 76 -256 -1 255 256 256 0 0 0 0 0 0 -256 4622 22766 76 -256 -1 511 256 256 0 0 0 0 0 0 -256 20494 25222 76 -256 255 256 256 256 0 0 
0 0 0 -256 -7666 32598 -180 -1 -257 511 256 256 0 0 0 0 0 0 -256 15374 -30478 76 -256 -1 511 256 0 0 0 0 0 0 0 -256 -24562 -23260 76 0 -256 511 256 0 0 0 0 0 0 0 -256 30222 -20647 
76 0 256 256 0 0 0 0 256 0 0 -256 29198 -13422 332 0 256 256 0 0 0 0 0 0 0 0 -256 -498 -3596 332 0 256 256 256 256 0 0 0 0 0 0 -256 -9202 -524 76 0 256 256 0 256 0 
0 0 0 0 -256 24590 6239 77 0 256 0 256 256 0 0 0 0 0 0 -256 -22514 9309 333 0 256 0 256 256 0 0 0 0 0 0 -256 11790 15908 333 0 512 256 256 256 0 0 0 0 0 0 -256 -22002 
21842622 0 256 256 256 256 0 0 0 0 0 0 -256 -17906 25737 333 0 256 256 256 0 0 0 0 0 0 0 -256 -5618 28963 77 256 0 256 256 256 0 0 0 0 0 0 -256 -2546 -29968 333 0 0 0 256 0 
0 0 0 0 0 -256 -18930 -20124 77 256 256 256 256 256 0 0 0 0 0 0 -256 15374 -16286 77 256 0 256 0 256 0 0 0 0 0 0 -256 9230 -10445 333 0 0 0 256 0 0 0 0 0 0 0 -256 
-422770674 333 256 0 0 0 256 0 0 0 0 0 0 -256 3598 -614 77 0 0 0 256 256 0 0 0 0 0 0 -256 23566 3381 78 0 -256 511 256 256 0 0 0 0 0 0 -256 20494 9217 78 0 -256 511 256 
256 0 0 0 0 0 -256 3598 13061 334 -256 511 256 256 256 0 0 0 0 0 0 -256 -15346 18904 78 256 0 256 0 256 0 0 0 0 0 0 -256 -13810 28743 78 256 0 256 0 256 0 0 0 0 0 0 
2114912000 -32338 78 0 0 256 0 256 0 0 0 0 0 0 -256 -32242 -26963 334 0 256 256 256 0 0 0 0 0 0 0 -256 -8178 -22504 334 0 0 256 256 0 0 0 0 0 0 0 -256 27662 -17277 78 0 0 256 
16777472 0 0 0 0 0 0 -256 21518 -12666 78 0 256 256 256 256 0 0 0 0 0 0 -256 27662 -7438 78 0 0 256 256 256 0 0 0 0 0 0 -256 -10738 -2829 78 0 0 256 0 256 0 0 0 0 0 
-16777216 -23026 2393 79 0 256 256 256 0 0 0 0 0 0 0 -256 -14322 12221 79 256 256 256 0 256 0 0 0 0 0 0 -256 22030 17448 79 256 0 256 0 256 0 0 0 0 0 0 -256 -26098 21904 335 256 256 
16777216 0 0 0 0 0 0 0 -256 -28658 27129 335 256 256 0 0 256 0 0 0 0 0 0 -256 15886 31734 335 256 256 0 0 256 0 0 0 0 0 0 -256 -21490 -28582 335 256 256 256 0 0 0 0 0 0 
0 -256 30734 -23977 335 0 256 256 256 0 0 0 0 0 0 0 -256 -6130 -18748 335 0 0 0 256 0 0 0 0 0 0 0 -256 -18930 -14290 335 0 -256 511 0 256 0 0 0 0 0 0 -256 -4082 -4459 335 0 
16777216 256 256 0 0 0 0 0 0 -256 -8690 1377 336 0 256 256 256 0 0 0 0 0 0 0 -256 -30706 5366 336 0 0 256 256 256 0 0 0 0 0 0 -256 -17906 11199 336 256 0 256 256 256 0 0 0 
0 0 -256 29198 15193 336 0 256 256 256 256 0 0 0 0 0 0 -256 -11250 21027 336 256 256 256 256 256 0 0 0 0 0 0 -256 -1010 24869 336 256 256 256 256 256 0 0 0 0 0 0 -256 13838 30862 336 
256 0 256 256 0 0 0 0 0 0 -256 31758 -30836 336 0 0 0 0 256 0 0 0 0 0 0 -256 14 -20991 80 0 0 256 256 256 0 0 0 0 0 0 -256 -14834 -14534 336 0 256 256 256 256 0 0 
0 0 0 -256 -18418 -11307 336 256 0 256 256 0 0 0 0 0 0 0 -256 -19954 -4698 336 256 0 256 256 0 0 0 0 0 0 0 -256 24590 -1468 336 256 0 256 256 0 0 0 0 0 0 0 -256 19470 5143 
337 256 256 256 0 0 0 0 0 0 0 -256 -15858 8366 337 256 0 256 0 256 0 0 0 0 0 0 -256 28174 14971 337 0 256 256 0 256 0 0 0 0 0 0 -256 19470 18043 81 256 0 256 0 256 0 
0 0 0 0 -256 6158 27873 337 0 256 256 256 256 0 0 0 0 0 0 -256 25614 -30440 81 256 256 256 256 256 0 0 0 0 0 0 -256 -10738 -27828 337 256 256 256 256 0 0 0 0 0 0 0 -256 21518 
5353187 256 0 256 0 256 0 0 0 0 0 0 -256 -30706 -17998 337 256 0 256 0 256 0 0 0 0 0 0 -256 17422 -10929 81 256 0 256 0 256 0 0 0 0 0 0 -256 -2546 -8317 337 256 256 256 256 256 
0 0 0 0 0 -256 4110 -1096 81 256 0 256 0 256 0 0 0 0 0 0 -256 -27122 1516 338 0 256 256 0 256 0 0 0 0 0 0 -256 24590 11349 82 256 0 256 256 256 0 0 0 0 0 0 -256 
1246983694 338 0 0 0 256 256 0 0 0 0 0 0 -256 -27122 21180 338 256 0 256 256 256 0 0 0 0 0 0 -256 31758 28866 82 0 0 256 256 0 0 0 0 0 0 0 -256 -12274 30861 82 0 0 256 0 
256 0 0 0 0 0 -256 22542 -26840 82 0 0 256 256 0 0 0 0 0 0 0 -256 1550 -24843 338 256 0 256 256 0 0 0 0 0 0 0 -256 -15858 -17000 338 256 256 256 256 256 0 0 0 0 0 0 
-1475412224 -15003 338 256 0 256 256 256 0 0 0 0 0 0 -256 526 -5318 82 256 0 256 256 0 0 0 0 0 0 0 -256 -19442 3136 83 0 256 256 256 0 0 0 0 0 0 0 -256 -31730 4519 83 256 0 256 
16777472 0 0 0 0 0 0 -256 24590 12964 83 256 256 256 256 0 0 0 0 0 0 0 -256 -26098 14347 83 256 0 256 0 256 0 0 0 0 0 0 -256 -25586 22797 83 256 0 256 256 0 0 0 0 0 0 
-16777216 6670 24185 83 256 0 256 0 256 0 0 0 0 0 0 -256 -24562 32636 339 0 0 256 256 0 0 0 0 0 0 0 -256 -14834 -31672 339 256 0 256 256 0 0 0 0 0 0 0 -256 -28146 -21839 339 256 256 
16777472 256 0 0 0 0 0 0 -256 7182 -12614 339 0 256 256 256 256 0 0 0 0 0 0 -256 31758 -12153 339 256 256 256 256 0 0 0 0 0 0 0 -256 12814 -2784 83 256 0 256 256 0 0 0 0 0 
0 -256 8718 -2323 339 256 256 0 256 0 0 0 0 0 0 0 -256 9230 7052 340 256 0 0 256 0 0 0 0 0 0 0 -256 -31730 7511 84 256 0 256 0 256 0 0 0 0 0 0 -256 12814 16880 84 0 
16777216 256 256 0 0 0 0 0 0 -256 -16882 17342 84 0 0 256 256 256 0 0 0 0 0 0 -256 12814 27028 84 256 0 256 0 256 0 0 0 0 0 0 -256 -8690 -28677 340 0 0 256 256 0 0 0 0 
0 0 -256 12814 -28369 340 256 0 256 256 0 0 0 0 0 0 0 -256 -9714 -18852 340 256 256 256 256 0 0 0 0 0 0 0 -256 8206 -18545 340 256 256 256 256 256 0 0 0 0 0 0 -256 -15346 -9172 84 
256 256 0 256 0 0 0 0 0 0 -256 -13298 -8866 84 256 0 256 0 256 0 0 0 0 0 0 -256 24078 663 341 0 -256 511 256 256 0 0 0 0 0 0 -256 -20466 970 341 0 -256 255 256 0 0 0 
0 0 0 -256 22030 10500 85 0 0 256 0 256 0 0 0 0 0 0 -256 24078 20180 341 256 256 256 256 0 0 0 0 0 0 0 -256 22030 20950 341 256 256 256 256 0 0 0 0 0 0 0 -256 25102 30014 
16777301 0 256 256 256 0 0 0 0 0 0 -256 7182 30783 85 512 0 256 256 256 0 0 0 0 0 0 -256 11790 -25689 85 256 256 0 256 0 0 0 0 0 0 0 -256 8206 -24920 85 256 256 256 0 256 0 
0 0 0 0 -256 12814 -15850 85 256 0 256 0 256 0 0 0 0 0 0 -256 28174 -15083 85 256 256 256 0 256 0 0 0 0 0 0 -256 -4594 -6182 85 256 0 0 256 256 0 0 0 0 0 0 -256 -26098 
22416960 256 0 256 256 0 0 0 0 0 0 0 -256 -19442 5187 342 256 256 256 256 0 0 0 0 0 0 0 -256 8206 13486 598 256 256 0 256 0 0 0 0 0 0 0 -256 -13810 14865 342 256 0 256 0 0 
0 0 0 0 0 -256 -23026 23312 86 256 0 256 256 256 0 0 0 0 0 0 -256 1550 24697 -170 511 0 0 256 256 0 0 0 0 0 0 -256 -2546 -32538 86 0 256 256 256 256 0 0 0 0 0 0 -256 
-2031610354 86 256 0 256 0 256 0 0 0 0 0 0 -256 4622 -22700 86 256 0 256 0 256 0 0 0 0 0 0 -256 -32242 -12863 86 256 0 0 256 256 0 0 0 0 0 0 -256 -28146 -10716 86 256 256 0 256 
256 0 0 0 0 0 -256 -23538 -3185 86 256 0 0 256 0 0 0 0 0 0 0 -256 -14322 -882 86 0 0 0 256 0 0 0 0 0 0 0 -256 -498 6649 87 256 -256 511 256 256 0 0 0 0 0 0 
604962560 8953 87 0 0 256 256 0 0 0 0 0 0 0 -256 -3058 16474 87 0 0 256 256 0 0 0 0 0 0 0 -256 -32242 18626 87 0 0 256 256 0 0 0 0 0 0 0 -256 14862 26306 87 256 0 256 
16777472 0 0 0 0 0 0 -256 28686 -29549 87 0 256 256 256 0 0 0 0 0 0 0 -256 18446 -26627 87 0 256 256 256 0 0 0 0 0 0 0 -256 -5106 -19712 87 256 256 0 256 0 0 0 0 0 0 
-16777216 24590 -16788 87 256 0 256 256 0 0 0 0 0 0 0 -256 26126 -9876 87 256 0 256 0 256 0 0 0 0 0 0 -256 7694 -6955 87 0 0 256 0 256 0 0 0 0 0 0 -256 -3570 -198 343 256 256 
256 256 0 0 0 0 0 0 -256 6670 2870 344 256 256 256 256 0 0 0 0 0 0 0 -256 1038 9642 88 0 0 256 256 256 0 0 0 0 0 0 -256 -14322 19474 88 256 256 256 256 256 0 0 0 0 
0 -256 19470 23012 88 0 0 256 256 256 0 0 0 0 0 0 -256 -1522 29316 88 256 0 256 256 256 0 0 0 0 0 0 -256 -28146 -32679 88 256 0 256 0 0 0 0 0 0 0 0 -256 -32242 -26531 88 256 
33554176 0 256 0 0 0 0 0 0 -256 -6642 -22845 -168 511 0 0 256 0 0 0 0 0 0 0 -256 -32754 -16693 -168 511 256 256 256 0 0 0 0 0 0 0 -256 19982 -13010 88 256 0 256 0 256 0 0 0 
0 0 -256 -9202 -6859 88 512 0 256 0 256 0 0 0 0 0 0 -256 -32754 2821 345 512 256 256 0 0 0 0 0 0 0 0 -256 5134 7123 345 512 256 256 0 0 0 0 0 0 0 0 -256 -12786 12652 345 
256 256 256 256 0 0 0 0 0 0 -256 18958 16954 89 256 0 256 256 256 0 0 0 0 0 0 -256 -30706 22485 89 256 0 256 256 256 0 0 0 0 0 0 -256 -21490 26788 345 0 0 256 256 256 0 0 
0 0 0 -256 32270 32318 345 0 0 256 256 0 0 0 0 0 0 0 -256 28686 -28915 89 256 0 256 256 0 0 0 0 0 0 0 -256 9230 -23535 89 256 256 256 256 256 0 0 0 256 0 0 -256 24590 -13704 
33554521 0 256 256 256 0 0 0 0 0 0 -256 -15346 -8790 89 512 256 0 256 0 0 0 0 0 0 0 -256 29710 -3876 89 512 512 0 256 256 0 0 0 0 0 0 -256 -6130 1045 90 256 256 0 256 256 0 
0 0 0 0 -256 30222 5799 90 512 0 0 0 256 0 0 0 0 0 0 -256 -18930 10869 90 512 256 256 0 256 0 0 0 0 0 0 -256 -13810 15633 90 512 0 0 0 0 0 0 0 0 0 0 -256 -30706 
5918942 512 256 0 0 0 0 0 0 0 0 0 -256 -25586 25466 346 256 256 0 256 0 0 0 0 0 0 0 -256 -11762 -30389 346 0 -256 255 256 0 0 0 0 0 0 0 -256 -25074 -24706 90 0 -256 511 256 0 
0 0 0 0 0 -256 4622 -20557 90 256 0 256 256 0 0 0 0 0 0 0 -256 19470 -14864 90 256 0 256 256 0 0 0 0 0 0 0 -256 -22514 -10717 90 256 -256 511 256 0 0 0 0 256 0 0 -256 
-329470450 90 256 -256 511 0 0 0 0 0 0 0 0 -256 10766 -878 90 256 0 256 0 0 0 0 0 0 0 0 -256 -31218 4805 91 256 256 256 0 0 0 0 0 0 0 0 -256 24078 8802 91 256 0 256 0 
0 0 0 0 0 0 -256 28686 18641 347 256 256 256 256 0 0 0 0 0 0 0 -256 11278 24785 347 256 256 256 0 256 0 0 0 0 0 0 -256 14862 28474 347 256 256 256 0 256 0 0 0 0 0 0 
-1878065408 -30913 347 0 0 256 256 0 0 0 0 0 0 0 -256 14 -27379 91 256 0 256 256 0 0 0 0 0 0 0 -256 5646 -21076 91 512 256 256 256 256 0 0 0 0 0 0 -256 -5106 -17544 91 512 256 256 
16777472 0 0 0 0 0 0 -256 -7666 -11244 347 256 256 256 0 256 0 0 0 0 0 0 -256 -10738 -7708 91 512 0 256 256 0 0 0 0 0 0 0 -256 -498 2121 92 512 0 0 0 0 0 0 0 0 0 
-16777216 -25074 8875 92 256 0 0 256 0 0 0 0 0 0 0 -256 3086 11799 -164 511 256 0 0 256 0 0 0 0 0 0 -256 -30194 18716 92 256 -256 255 256 0 0 0 0 0 0 0 -256 -30706 21636 92 256 0 
256 256 0 0 0 0 0 0 -256 10766 28547 92 512 256 256 256 0 0 0 0 0 0 0 -256 11790 31466 92 256 256 256 0 0 0 0 0 0 0 0 -256 -10738 -27155 92 256 0 256 256 0 0 0 0 0 
0 -256 22030 -24392 348 256 0 256 256 0 0 0 0 0 0 0 -256 1038 -14548 348 256 512 256 256 0 0 0 0 0 0 0 -256 -7666 -7021 348 256 256 256 256 0 0 0 0 0 0 0 -256 9742 -4720 348 256 
256 256 0 0 0 0 0 0 0 -256 4622 2814 349 0 0 0 256 0 0 0 0 0 0 0 -256 4110 4966 349 256 0 0 256 256 0 0 0 0 0 0 -256 -17394 12495 93 0 0 256 256 256 0 0 0 
0 0 -256 21006 14797 93 0 0 256 256 256 0 0 0 0 0 0 -256 7694 22330 349 256 -256 511 0 0 0 0 0 0 0 0 -256 20494 24636 93 256 -256 511 256 0 0 0 0 0 0 0 -256 -26610 -31069 93 
512 256 256 0 0 0 0 0 0 0 -256 29710 -23072 93 512 0 256 256 0 0 0 0 0 0 0 -256 3598 -21381 349 512 256 256 0 256 0 0 0 0 0 0 -256 -28658 -13244 93 256 0 256 0 256 0 0 
0 0 0 -256 10254 -11553 93 256 0 256 0 256 0 0 0 0 0 0 -256 15374 -3414 93 256 0 256 0 256 0 0 0 0 0 0 -256 -9714 -1724 93 256 0 256 0 256 0 0 0 0 0 0 -256 -25074 6425 
16777310 256 256 0 256 0 0 0 0 0 0 -256 12302 7961 350 256 256 256 256 256 0 0 0 0 0 0 -256 21518 17803 94 256 256 0 256 0 0 0 0 0 0 0 -256 30222 26406 94 512 256 256 256 0 0 
0 0 0 0 -256 11278 27635 94 256 256 256 256 0 0 0 0 0 0 0 -256 -32242 -29141 94 256 0 0 256 256 0 0 0 0 0 0 -256 -27634 -28218 94 256 0 0 256 0 0 0 0 0 0 0 -256 -31730 
6206454 0 0 0 256 256 0 0 0 0 0 0 -256 30222 -18391 94 256 0 256 256 256 0 0 0 0 0 0 -256 26638 -9630 350 256 256 256 0 256 0 0 0 0 0 0 -256 -2034 -8554 94 256 256 256 256 0 
0 0 0 0 0 -256 -29682 1281 351 256 0 256 256 0 0 0 0 0 0 0 -256 26126 10495 