10684 0 0 0 0 0 0 0 0 0 0 0 0 0 
10734 0 0 0 0 0 0 0 0 0 0 0 0 0 
10784 0 0 0 0 0 0 0 0 0 0 0 0 0 
10835 0 0 0 0 0 0 0 0 0 0 0 0 0 
10885 0 0 0 0 0 0 0 0 0 0 0 0 0 
10935 0 0 0 0 0 0 0 0 0 0 0 0 0 
10985 0 0 0 0 0 0 0 0 0 0 0 0 0 
11035 0 0 0 0 0 0 0 0 0 0 0 0 0 
11085 0 0 0 0 0 0 0 0 0 0 0 0 0 
11135 0 0 0 0 0 0 0 0 0 0 0 0 0 
11185 0 0 0 0 0 0 0 0 0 0 0 0 0 
11235 0 0 0 0 0 0 0 0 0 0 0 0 0 
11286 0 0 0 0 0 0 0 0 0 0 0 0 0 
11336 0 0 0 0 0 0 0 0 0 0 0 0 0 
11386 0 0 0 0 0 0 0 0 0 0 0 0 0 
11436 0 0 0 0 0 0 0 0 0 0 0 0 0 
11487 0 0 0 0 0 0 0 0 0 0 0 0 0 
11537 0 0 0 0 0 0 0 0 0 0 0 0 0 
11587 0 0 0 0 0 0 0 0 0 0 0 0 0 
11637 0 0 0 0 0 0 0 0 0 0 0 0 0 
11687 0 0 0 0 0 0 0 0 0 0 0 0 0 
11737 0 0 0 0 0 0 0 0 0 0 0 0 0 
11787 0 0 0 0 0 0 0 0 0 0 0 0 0 
11837 0 0 0 0 0 0 0 0 0 0 0 0 0 
11887 0 0 0 0 0 0 0 0 0 0 0 0 0 
11937 0 0 0 0 0 0 0 0 0 0 0 0 0 
11987 0 0 0 0 0 0 0 0 0 0 0 0 0 
12038 0 0 0 0 0 0 0 0 0 0 0 0 0 
12088 0 0 0 0 0 0 0 0 0 0 0 0 0 
12138 0 0 0 0 0 0 0 0 0 0 0 0 0 
12188 0 0 0 0 0 0 0 0 0 0 0 0 0 
12238 0 0 0 0 0 0 0 0 0 0 0 0 0 
12288 0 0 0 0 0 0 0 0 0 0 0 0 0 
12338 0 0 0 0 0 0 0 0 0 0 0 0 0 
12388 0 0 0 0 0 0 0 0 0 0 0 0 0 
12439 0 0 0 0 0 0 0 0 0 0 0 0 0 
12489 0 0 0 0 0 0 0 0 0 0 0 0 0 
12539 0 0 0 0 0 0 0 0 0 0 0 0 0 
12589 0 0 0 0 0 0 0 0 0 0 0 0 0 
12639 0 0 0 0 0 0 0 0 0 0 0 0 0 
12689 0 0 0 0 0 0 0 0 0 0 0 0 0 
12739 0 0 0 0 0 0 0 0 0 0 0 0 0 
12789 0 0 0 0 0 0 0 0 0 0 0 0 0 
12839 0 0 0 0 0 0 0 0 0 0 0 0 0 
12889 0 0 0 0 0 0 0 0 0 0 0 0 0 
12939 0 0 0 0 0 0 0 0 0 0 0 0 0 
12990 0 0 0 0 0 0 0 0 0 0 0 0 0 
13040 0 0 0 0 0 0 0 0 0 0 0 0 0 
13090 0 0 0 0 0 0 0 0 0 0 0 0 0 
13140 0 0 0 0 0 0 0 0 0 0 0 0 0 
13190 0 0 0 0 0 0 0 0 0 0 0 0 0 
13240 0 0 0 0 0 0 0 0 0 0 0 0 0 
13290 0 0 0 0 0 0 0 0 0 0 0 0 0 
13340 0 0 0 0 0 0 0 0 0 0 0 0 0 
13390 0 0 0 0 0 0 0 0 0 0 0 0 0 
13440 0 0 0 0 0 0 0 0 0 0 0 0 0 
13491 0 0 0 0 0 0 0 0 0 0 0 0 0 
13541 0 0 0 0 0 0 0 0 0 0 0 0 0 
13591 0 0 0 0 0 0 0 0 0 0 0 0 0 
13641 0 0 0 0 0 0 0 0 0 0 0 0 0 
13691 0 0 0 0 0 0 0 0 0 0 0 0 0 
13741 0 0 0 0 0 0 0 0 0 0 0 0 0 
13791 0 0 0 0 0 0 0 0 0 0 0 0 0 
13841 0 0 0 0 0 0 0 0 0 0 0 0 0 
13891 0 0 0 0 0 0 0 0 0 0 0 0 0 
13941 0 0 0 0 0 0 0 0 0 0 0 0 0 
13992 0 0 0 0 0 0 0 0 0 0 0 0 0 
14042 0 0 0 0 0 0 0 0 0 0 0 0 0 
14092 0 0 0 0 0 0 0 0 0 0 0 0 0 
14142 0 0 0 0 0 0 0 0 0 0 0 0 0 
14192 0 0 0 0 0 0 0 0 0 0 0 0 0 
14243 0 0 0 0 0 0 0 0 0 0 0 0 0 
14293 0 0 0 0 0 0 0 0 0 0 0 0 0 
14343 0 0 0 0 0 0 0 0 0 0 0 0 0 
14393 0 0 0 0 0 0 0 0 0 0 0 0 0 
14443 0 0 0 0 0 0 0 0 0 0 0 0 0 
14493 0 0 0 0 0 0 0 0 0 0 0 0 0 
14543 0 0 0 0 0 0 0 0 0 0 0 0 0 
14593 0 0 0 0 0 0 0 0 0 0 0 0 0 
14643 0 0 0 0 0 0 0 0 0 0 0 0 0 
14693 0 0 0 0 0 0 0 0 0 0 0 0 0 
14744 0 0 0 0 0 0 0 0 0 0 0 0 0 
14794 0 0 0 0 0 0 0 0 0 0 0 0 0 
14844 0 0 0 0 0 0 0 0 0 0 0 0 0 
14894 0 0 0 0 0 0 0 0 0 0 0 0 0 
14944 0 0 0 0 0 0 0 0 0 0 0 0 0 
14994 0 0 0 0 0 0 0 0 0 0 0 0 0 
15044 0 0 0 0 0 0 0 0 0 0 0 0 0 
15094 0 0 0 0 0 0 0 0 0 0 0 0 0 
15144 0 0 0 0 0 0 0 0 0 0 0 0 0 
15195 0 0 0 0 0 0 0 0 0 0 0 0 0 
15245 0 0 0 0 0 0 0 0 0 0 0 0 0 
15295 0 0 0 0 0 0 0 0 0 0 0 0 0 
15345 0 0 0 0 0 0 0 0 0 0 0 0 0 
15395 0 0 0 0 0 0 0 0 0 0 0 0 0 
15445 0 0 0 0 0 0 0 0 0 0 0 0 0 
15495 0 0 0 0 0 0 0 0 0 0 0 0 0 
15545 0 0 0 0 0 0 0 0 0 0 0 0 0 
15595 0 0 0 0 0 0 0 0 0 0 0 0 0 
15646 0 0 0 0 0 0 0 0 0 0 0 0 0 
15696 0 0 0 0 0 0 0 0 0 0 0 0 0 
15746 0 0 0 0 0 0 0 0 0 0 0 0 0 
15796 0 0 0 0 0 0 0 0 0 0 0 0 0 
15846 0 0 0 0 0 0 0 0 0 0 0 0 0 
15896 0 0 0 0 0 0 0 0 0 0 0 0 0 
15946 0 0 0 0 0 0 0 0 0 0 0 0 0 
15996 0 0 0 0 0 0 0 0 0 0 0 0 0 
16046 0 0 0 0 0 0 0 0 0 0 0 0 0 
