7524 0 0 0 0 0 0 0 0 0 0 0 0 0 
7574 0 0 0 0 0 0 0 0 0 0 0 0 0 
7624 0 0 0 0 0 0 0 0 0 0 0 0 0 
7674 0 0 0 0 0 0 0 0 0 0 0 0 0 
7725 0 0 0 0 0 0 0 0 0 0 0 0 0 
7775 0 0 0 0 0 0 0 0 0 0 0 0 0 
7825 0 0 0 0 0 0 0 0 0 0 0 0 0 
7875 0 0 0 0 0 0 0 0 0 0 0 0 0 
7925 0 0 0 0 0 0 0 0 0 0 0 0 0 
7975 0 0 0 0 0 0 0 0 0 0 0 0 0 
8025 0 0 0 0 0 0 0 0 0 0 0 0 0 
8075 0 0 0 0 0 0 0 0 0 0 0 0 0 
8125 0 0 0 0 0 0 0 0 0 0 0 0 0 
8176 0 0 0 0 0 0 0 0 0 0 0 0 0 
8226 0 0 0 0 0 0 0 0 0 0 0 0 0 
8276 0 0 0 0 0 0 0 0 0 0 0 0 0 
8326 0 0 0 0 0 0 0 0 0 0 0 0 0 
8376 0 0 0 0 0 0 0 0 0 0 0 0 0 
8426 0 0 0 0 0 0 0 0 0 0 0 0 0 
8476 0 0 0 0 0 0 0 0 0 0 0 0 0 
8526 0 0 0 0 0 0 0 0 0 0 0 0 0 
8576 0 0 0 0 0 0 0 0 0 0 0 0 0 
8627 0 0 0 0 0 0 0 0 0 0 0 0 0 
8677 0 0 0 0 0 0 0 0 0 0 0 0 0 
8727 0 0 0 0 0 0 0 0 0 0 0 0 0 
8777 0 0 0 0 0 0 0 0 0 0 0 0 0 
8827 0 0 0 0 0 0 0 0 0 0 0 0 0 
8877 0 0 0 0 0 0 0 0 0 0 0 0 0 
8929 0 0 0 0 0 0 0 0 0 0 0 0 0 
8979 0 0 0 0 0 0 0 0 0 0 0 0 0 
9029 0 0 0 0 0 0 0 0 0 0 0 0 0 
9079 0 0 0 0 0 0 0 0 0 0 0 0 0 
9129 0 0 0 0 0 0 0 0 0 0 0 0 0 
9179 0 0 0 0 0 0 0 0 0 0 0 0 0 
9229 0 0 0 0 0 0 0 0 0 0 0 0 0 
9280 0 0 0 0 0 0 0 0 0 0 0 0 0 
9330 0 0 0 0 0 0 0 0 0 0 0 0 0 
9380 0 0 0 0 0 0 0 0 0 0 0 0 0 
9430 0 0 0 0 0 0 0 0 0 0 0 0 0 
9480 0 0 0 0 0 0 0 0 0 0 0 0 0 
9530 0 0 0 0 0 0 0 0 0 0 0 0 0 
9580 0 0 0 0 0 0 0 0 0 0 0 0 0 
9630 0 0 0 0 0 0 0 0 0 0 0 0 0 
9680 0 0 0 0 0 0 0 0 0 0 0 0 0 
9731 0 0 0 0 0 0 0 0 0 0 0 0 0 
9781 0 0 0 0 0 0 0 0 0 0 0 0 0 
9831 0 0 0 0 0 0 0 0 0 0 0 0 0 
9881 0 0 0 0 0 0 0 0 0 0 0 0 0 
9931 0 0 0 0 0 0 0 0 0 0 0 0 0 
9981 0 0 0 0 0 0 0 0 0 0 0 0 0 
10031 0 0 0 0 0 0 0 0 0 0 0 0 0 
10081 0 0 0 0 0 0 0 0 0 0 0 0 0 
10131 0 0 0 0 0 0 0 0 0 0 0 0 0 
10181 0 0 0 0 0 0 0 0 0 0 0 0 0 
10231 0 0 0 0 0 0 0 0 0 0 0 0 0 
10282 0 0 0 0 0 0 0 0 0 0 0 0 0 
10332 0 0 0 0 0 0 0 0 0 0 0 0 0 
10382 0 0 0 0 0 0 0 0 0 0 0 0 0 
10432 0 0 0 0 0 0 0 0 0 0 0 0 0 
10483 0 0 0 0 0 0 0 0 0 0 0 0 0 
10533 0 0 0 0 0 0 0 0 0 0 0 0 0 
10583 0 0 0 0 0 0 0 0 0 0 0 0 0 
10633 0 0 0 0 0 0 0 0 0 0 0 0 0 
10683 0 0 0 0 0 0 0 0 0 0 0 0 0 
10733 0 0 0 0 0 0 0 0 0 0 0 0 0 
10783 0 0 0 0 0 0 0 0 0 0 0 0 0 
10833 0 0 0 0 0 0 0 0 0 0 0 0 0 
10883 0 0 0 0 0 0 0 0 0 0 0 0 0 
10933 0 0 0 0 0 0 0 0 0 0 0 0 0 
10983 0 0 0 0 0 0 0 0 0 0 0 0 0 
11033 0 0 0 0 0 0 0 0 0 0 0 0 0 
11084 0 0 0 0 0 0 0 0 0 0 0 0 0 
11134 0 0 0 0 0 0 0 0 0 0 0 0 0 
11184 0 0 0 0 0 0 0 0 0 0 0 0 0 
11234 0 0 0 0 0 0 0 0 0 0 0 0 0 
11284 0 0 0 0 0 0 0 0 0 0 0 0 0 
11334 0 0 0 0 0 0 0 0 0 0 0 0 0 
11384 0 0 0 0 0 0 0 0 0 0 0 0 0 
11437 0 0 0 0 0 0 0 0 0 0 0 0 0 
11487 0 0 0 0 0 0 0 0 0 0 0 0 0 
11537 0 0 0 0 0 0 0 0 0 0 0 0 0 
11587 0 0 0 0 0 0 0 0 0 0 0 0 0 
11637 0 0 0 0 0 0 0 0 0 0 0 0 0 
11687 0 0 0 0 0 0 0 0 0 0 0 0 0 
11738 0 0 0 0 0 0 0 0 0 0 0 0 0 
11788 0 0 0 0 0 0 0 0 0 0 0 0 0 
11838 0 0 0 0 0 0 0 0 0 0 0 0 0 
11890 0 0 0 0 0 0 0 0 0 0 0 0 0 
11940 0 0 0 0 0 0 0 0 0 0 0 0 0 
11990 0 0 0 0 0 0 0 0 0 0 0 0 0 
12040 0 0 0 0 0 0 0 0 0 0 0 0 0 
12090 0 0 0 0 0 0 0 0 0 0 0 0 0 
12140 0 0 0 0 0 0 0 0 0 0 0 0 0 
12193 0 0 0 0 0 0 0 0 0 0 0 0 0 
12243 0 0 0 0 0 0 0 0 0 0 0 0 0 
12293 0 0 0 0 0 0 0 0 0 0 0 0 0 
12343 0 0 0 0 0 0 0 0 0 0 0 0 0 
12393 0 0 0 0 0 0 0 0 0 0 0 0 0 
12443 0 0 0 0 0 0 0 0 0 0 0 0 0 
12493 0 0 0 0 0 0 0 0 0 0 0 0 0 
12543 0 0 0 0 0 0 0 0 0 0 0 0 0 
12593 0 0 0 0 0 0 0 0 0 0 0 0 0 
12643 0 0 0 0 0 0 0 0 0 0 0 0 0 
12693 0 0 0 0 0 0 0 0 0 0 0 0 0 
12744 0 0 0 0 0 0 0 0 0 0 0 0 0 
12794 0 0 0 0 0 0 0 0 0 0 0 0 0 
12844 0 0 0 0 0 0 0 0 0 0 0 0 0 
12894 0 0 0 0 0 0 0 0 0 0 0 0 0 
