106148 0 0 0 0 0 0 0 0 0 0 -3942 25968 -22874 
106198 0 0 0 0 0 0 0 0 0 0 -3942 25968 -22874 
106248 0 0 0 0 0 0 0 0 0 0 -3942 25968 -22874 
106299 0 0 0 0 0 0 0 0 0 0 -3942 25968 -22874 
106349 0 0 0 0 0 0 0 0 0 0 -3942 25968 -22874 
106399 0 0 0 0 0 0 0 0 0 0 -3942 25968 -22874 
106449 0 0 0 0 0 0 0 0 0 0 -3942 25968 -22874 
106499 0 0 0 0 0 0 0 0 0 0 -3942 25968 -22874 
106549 0 0 0 0 0 0 0 0 0 0 -3942 25968 -22874 
106599 0 0 0 0 0 0 0 0 0 0 -3942 25968 -22874 
106649 0 0 0 0 0 0 0 0 0 0 -3942 25968 -22874 
106699 0 0 0 0 0 0 0 0 0 0 -3942 25968 -22874 
106749 0 0 0 0 0 0 0 0 0 0 -3942 25968 -22874 
106799 0 0 0 0 0 0 0 0 0 0 -3942 25968 -22874 
106849 0 0 0 0 0 0 0 0 0 0 -3942 25968 -22874 
106900 0 0 0 0 0 0 0 0 0 0 -3942 25968 -22874 
106950 0 0 0 0 0 0 0 0 0 0 -3942 25968 -22874 
107000 0 0 0 0 0 0 0 0 0 0 -3942 25968 -22874 
107050 0 0 0 0 0 0 0 0 0 0 -3942 25968 -22874 
107100 0 0 0 0 0 0 0 0 0 0 -3942 25968 -22874 
107150 0 0 0 0 0 0 0 0 0 0 -3942 25968 -22874 
107200 0 0 0 0 0 0 0 0 0 0 -3942 25968 -22874 
107250 0 0 0 0 0 0 0 0 0 0 -3942 25968 -22874 
107300 0 0 0 0 0 0 0 0 0 0 -3942 25968 -22874 
107350 0 0 0 0 0 0 0 0 0 0 -3942 25968 -22874 
107401 0 0 0 0 0 0 0 0 0 0 -3942 25968 -22874 
107451 0 0 0 0 0 0 0 0 0 0 -3942 25968 -22874 
107501 0 0 0 0 0 0 0 0 0 0 -3942 25968 -22874 
107551 0 0 0 0 0 0 0 0 0 0 -3942 25968 -22874 
107601 0 0 0 0 0 0 0 0 0 0 -3942 25968 -22874 
107651 0 0 0 0 0 0 0 0 0 0 -3942 25968 -22874 
107701 0 0 0 0 0 0 0 0 0 0 -3942 25968 -22874 
107751 0 0 0 0 0 0 0 0 0 0 -3942 25968 -22874 
107801 0 0 0 0 0 0 0 0 0 0 -3942 25968 -22874 
107851 0 0 0 0 0 0 0 0 0 0 -3942 25968 -22874 
107901 0 0 0 0 0 0 0 0 0 0 -3942 25968 -22874 
107952 0 0 0 0 0 0 0 0 0 0 -3942 25968 -22874 
108002 0 0 0 0 0 0 0 0 0 0 -3942 25968 -22874 
108052 0 0 0 0 0 0 0 0 0 0 -3942 25968 -22874 
108102 0 0 0 0 0 0 0 0 0 0 -3942 25968 -22874 
108152 0 0 0 0 0 0 0 0 0 0 -3942 25968 -22874 
108202 0 0 0 0 0 0 0 0 0 0 -3942 25968 -22874 
108252 0 0 0 0 0 0 0 0 0 0 -3942 25968 -22874 
108302 0 0 0 0 0 0 0 0 0 0 -3942 25968 -22874 
108352 0 0 0 0 0 0 0 0 0 0 -3942 25968 -22874 
108402 0 0 0 0 0 0 0 0 0 0 -3942 25968 -22874 
108453 0 0 0 0 0 0 0 0 0 0 -3942 25968 -22874 
108503 0 0 0 0 0 0 0 0 0 0 -3942 25968 -22874 
108553 0 0 0 0 0 0 0 0 0 0 -3942 25968 -22874 
108603 0 0 0 0 0 0 0 0 0 0 -3942 25968 -22874 
108653 0 0 0 0 0 0 0 0 0 0 -3942 25968 -22874 
108703 0 0 0 0 0 0 0 0 0 0 -3942 25968 -22874 
108753 0 0 0 0 0 0 0 0 0 0 -3942 25968 -22874 
108803 0 0 0 0 0 0 0 0 0 0 -3942 25968 -22874 
108853 0 0 0 0 0 0 0 0 0 0 -3942 25968 -22874 
108904 0 0 0 0 0 0 0 0 0 0 -3942 25968 -22874 
108954 0 0 0 0 0 0 0 0 0 0 -3942 25968 -22874 
109004 0 0 0 0 0 0 0 0 0 0 -3942 25968 -22874 
109054 0 0 0 0 0 0 0 0 0 0 -3942 25968 -22874 
109104 0 0 0 0 0 0 0 0 0 0 -3942 25968 -22874 
109154 0 0 0 0 0 0 0 0 0 0 -3942 25968 -22874 
109204 0 0 0 0 0 0 0 0 0 0 -3942 25968 -22874 
109254 0 0 0 0 0 0 0 0 0 0 -3942 25968 -22874 
109304 0 0 0 0 0 0 0 0 0 0 -3942 25968 -22874 
109354 0 0 0 0 0 0 0 0 0 0 -3942 25968 -22874 
109404 0 0 0 0 0 0 0 0 0 0 -3942 25968 -22874 
109455 0 0 0 0 0 0 0 0 0 0 -3942 25968 -22874 
109505 0 0 0 0 0 0 0 0 0 0 -3942 25968 -22874 
109555 0 0 0 0 0 0 0 0 0 0 -3942 25968 -22874 
109605 0 0 0 0 0 0 0 0 0 0 -3942 25968 -22874 
109655 0 0 0 0 0 0 0 0 0 0 -3942 25968 -22874 
109705 0 0 0 0 0 0 0 0 0 0 -3942 25968 -22874 
109755 0 0 0 0 0 0 0 0 0 0 -3942 25968 -22874 
109805 0 0 0 0 0 0 0 0 0 0 -3942 25968 -22874 
109855 0 0 0 0 0 0 0 0 0 0 -3942 25968 -22874 
109905 0 0 0 0 0 0 0 0 0 0 -3942 25968 -22874 
109956 0 0 0 0 0 0 0 0 0 0 -3942 25968 -22874 
110006 0 0 0 0 0 0 0 0 0 0 -3942 25968 -22874 
110056 0 0 0 0 0 0 0 0 0 0 -3942 25968 -22874 
110106 0 0 0 0 0 0 0 0 0 0 -3942 25968 -22874 
110156 0 0 0 0 0 0 0 0 0 0 -3942 25968 -22874 
110206 0 0 0 0 0 0 0 0 0 0 -3942 25968 -22874 
110256 0 0 0 0 0 0 0 0 0 0 -3942 25968 -22874 
110306 0 0 0 0 0 0 0 0 0 0 -3942 25968 -22874 
110356 0 0 0 0 0 0 0 0 0 0 -3942 25968 -22874 
110406 0 0 0 0 0 0 0 0 0 0 -3942 25968 -22874 
110456 0 0 0 0 0 0 0 0 0 0 -3942 25968 -22874 
110507 0 0 0 0 0 0 0 0 0 0 -3942 25968 -22874 
110557 0 0 0 0 0 0 0 0 0 0 -3942 25968 -22874 
110607 0 0 0 0 0 0 0 0 0 0 -3942 25968 -22874 
110657 0 0 0 0 0 0 0 0 0 0 -3942 25968 -22874 
110707 0 0 0 0 0 0 0 0 0 0 -3942 25968 -22874 
110757 0 0 0 0 0 0 0 0 0 0 -3942 25968 -22874 
110807 0 0 0 0 0 0 0 0 0 0 -3942 25968 -22874 
110857 0 0 0 0 0 0 0 0 0 0 -3942 25968 -22874 
110907 0 0 0 0 0 0 0 0 0 0 -3942 25968 -22874 
110957 0 0 0 0 0 0 0 0 0 0 -3942 25968 -22874 
111007 0 0 0 0 0 0 0 0 0 0 -3942 25968 -22874 
111058 0 0 0 0 0 0 0 0 0 0 -3942 25968 -22874 
111108 0 0 0 0 0 0 0 0 0 0 -3942 25968 -22874 
111158 0 0 0 0 0 0 0 0 0 0 -3942 25968 -22874 
111208 0 0 0 0 0 0 0 0 0 0 -3942 25968 -22874 
111258 0 0 0 0 0 0 0 0 0 0 -3942 25968 -22874 
111308 0 0 0 0 0 0 0 0 0 0 -3942 25968 -22874 
111358 0 0 0 0 0 0 0 0 0 0 -3942 25968 -22874 
111408 0 0 0 0 0 0 0 0 0 0 -3942 25968 -22874 
111458 0 0 0 0 0 0 0 0 0 0 -3942 25968 -22874 
111508 0 0 0 0 0 0 0 0 0 0 -3942 25968 -22874 
