32870 0 0 0 0 0 0 0 0 0 0 10 5 1 
32920 0 0 0 0 0 0 0 0 0 0 10 5 1 
32970 0 0 0 0 0 0 0 0 0 0 10 5 1 
33020 0 0 0 0 0 0 0 0 0 0 10 5 1 
33070 0 0 0 0 0 0 0 0 0 0 10 5 1 
33120 0 0 0 0 0 0 0 0 0 0 10 5 1 
33170 0 0 0 0 0 0 0 0 0 0 10 5 1 
33220 0 0 0 0 0 0 0 0 0 0 10 5 1 
33271 0 0 0 0 0 0 0 0 0 0 10 5 1 
33321 0 0 0 0 0 0 0 0 0 0 10 5 1 
33371 0 0 0 0 0 0 0 0 0 0 10 5 1 
33421 0 0 0 0 0 0 0 0 0 0 10 5 1 
33471 0 0 0 0 0 0 0 0 0 0 10 5 1 
33521 0 0 0 0 0 0 0 0 0 0 10 5 1 
33571 0 0 0 0 0 0 0 0 0 0 10 5 1 
33621 0 0 0 0 0 0 0 0 0 0 10 5 1 
33671 0 0 0 0 0 0 0 0 0 0 10 5 1 
33721 0 0 0 0 0 0 0 0 0 0 10 5 1 
33771 0 0 0 0 0 0 0 0 0 0 10 5 1 
33822 0 0 0 0 0 0 0 0 0 0 10 5 1 
33872 0 0 0 0 0 0 0 0 0 0 10 5 1 
33922 0 0 0 0 0 0 0 0 0 0 10 5 1 
33972 0 0 0 0 0 0 0 0 0 0 10 5 1 
34022 0 0 0 0 0 0 0 0 0 0 10 5 1 
34072 0 0 0 0 0 0 0 0 0 0 10 5 1 
34122 0 0 0 0 0 0 0 0 0 0 10 5 1 
34172 0 0 0 0 0 0 0 0 0 0 10 5 1 
34222 0 0 0 0 0 0 0 0 0 0 10 5 1 
34272 0 0 0 0 0 0 0 0 0 0 10 5 1 
34323 0 0 0 0 0 0 0 0 0 0 10 5 1 
34373 0 0 0 0 0 0 0 0 0 0 10 5 1 
34423 0 0 0 0 0 0 0 0 0 0 10 5 1 
34473 0 0 0 0 0 0 0 0 0 0 10 5 1 
34523 0 0 0 0 0 0 0 0 0 0 10 5 1 
34573 0 0 0 0 0 0 0 0 0 0 10 5 1 
34623 0 0 0 0 0 0 0 0 0 0 10 5 1 
34673 0 0 0 0 0 0 0 0 0 0 10 5 1 
34723 0 0 0 0 0 0 0 0 0 0 10 5 1 
34773 0 0 0 0 0 0 0 0 0 0 10 5 1 
34824 0 0 0 0 0 0 0 0 0 0 10 5 1 
34874 0 0 0 0 0 0 0 0 0 0 10 5 1 
34924 0 0 0 0 0 0 0 0 0 0 10 5 1 
34974 0 0 0 0 0 0 0 0 0 0 10 5 1 
35024 0 0 0 0 0 0 0 0 0 0 10 5 1 
35074 0 0 0 0 0 0 0 0 0 0 10 5 1 
35124 0 0 0 0 0 0 0 0 0 0 10 5 1 
35174 0 0 0 0 0 0 0 0 0 0 10 5 1 
35225 0 0 0 0 0 0 0 0 0 0 10 5 1 
35275 0 0 0 0 0 0 0 0 0 0 10 5 1 
35325 0 0 0 0 0 0 0 0 0 0 10 5 1 
35375 0 0 0 0 0 0 0 0 0 0 10 5 1 
35425 0 0 0 0 0 0 0 0 0 0 10 5 1 
35475 0 0 0 0 0 0 0 0 0 0 10 5 1 
35525 0 0 0 0 0 0 0 0 0 0 10 5 1 
35575 0 0 0 0 0 0 0 0 0 0 10 5 1 
35625 0 0 0 0 0 0 0 0 0 0 10 5 1 
35675 0 0 0 0 0 0 0 0 0 0 10 5 1 
35725 0 0 0 0 0 0 0 0 0 0 10 5 1 
35776 0 0 0 0 0 0 0 0 0 0 10 5 1 
35826 0 0 0 0 0 0 0 0 0 0 10 5 1 
35876 0 0 0 0 0 0 0 0 0 0 10 5 1 
35926 0 0 0 0 0 0 0 0 0 0 10 5 1 
35976 0 0 0 0 0 0 0 0 0 0 10 5 1 
36026 0 0 0 0 0 0 0 0 0 0 10 5 1 
36076 0 0 0 0 0 0 0 0 0 0 10 5 1 
36126 0 0 0 0 0 0 0 0 0 0 10 5 1 
36176 0 0 0 0 0 0 0 0 0 0 10 5 1 
36226 0 0 0 0 0 0 0 0 0 0 10 5 1 
36277 0 0 0 0 0 0 0 0 0 0 10 5 1 
36327 0 0 0 0 0 0 0 0 0 0 10 5 1 
36377 0 0 0 0 0 0 0 0 0 0 10 5 1 
36427 0 0 0 0 0 0 0 0 0 0 10 5 1 
36477 0 0 0 0 0 0 0 0 0 0 10 5 1 
36527 0 0 0 0 0 0 0 0 0 0 10 5 1 
36577 0 0 0 0 0 0 0 0 0 0 10 5 1 
36627 0 0 0 0 0 0 0 0 0 0 10 5 1 
36677 0 0 0 0 0 0 0 0 0 0 10 5 1 
36727 0 0 0 0 0 0 0 0 0 0 10 5 1 
36777 0 0 0 0 0 0 0 0 0 0 10 5 1 
36827 0 0 0 0 0 0 0 0 0 0 10 5 1 
36878 0 0 0 0 0 0 0 0 0 0 10 5 1 
36928 0 0 0 0 0 0 0 0 0 0 10 5 1 
36978 0 0 0 0 0 0 0 0 0 0 10 5 1 
37028 0 0 0 0 0 0 0 0 0 0 10 5 1 
37078 0 0 0 0 0 0 0 0 0 0 10 5 1 
37128 0 0 0 0 0 0 0 0 0 0 10 5 1 
37178 0 0 0 0 0 0 0 0 0 0 10 5 1 
37228 0 0 0 0 0 0 0 0 0 0 10 5 1 
37278 0 0 0 0 0 0 0 0 0 0 10 5 1 
37328 0 0 0 0 0 0 0 0 0 0 10 5 1 
37379 0 0 0 0 0 0 0 0 0 0 10 5 1 
37429 0 0 0 0 0 0 0 0 0 0 10 5 1 
37479 0 0 0 0 0 0 0 0 0 0 10 5 1 
37529 0 0 0 0 0 0 0 0 0 0 10 5 1 
37579 0 0 0 0 0 0 0 0 0 0 10 5 1 
37629 0 0 0 0 0 0 0 0 0 0 10 5 1 
37679 0 0 0 0 0 0 0 0 0 0 10 5 1 
37729 0 0 0 0 0 0 0 0 0 0 10 5 1 
37779 0 0 0 0 0 0 0 0 0 0 10 5 1 
37829 0 0 0 0 0 0 0 0 0 0 10 5 1 
37879 0 0 0 0 0 0 0 0 0 0 10 5 1 
37929 0 0 0 0 0 0 0 0 0 0 10 5 1 
37980 0 0 0 0 0 0 0 0 0 0 10 5 1 
38030 0 0 0 0 0 0 0 0 0 0 10 5 1 
38080 0 0 0 0 0 0 0 0 0 0 10 5 1 
38130 0 0 0 0 0 0 0 0 0 0 10 5 1 
38180 0 0 0 0 0 0 0 0 0 0 10 5 1 
38230 0 0 0 0 0 0 0 0 0 0 10 5 1 
