802583 0 0 0 0 0 0 0 0 0 0 0 0 0 
802634 0 0 0 0 0 0 0 0 0 0 0 0 0 
802684 0 0 0 0 0 0 0 0 0 0 0 0 0 
802734 0 0 0 0 0 0 0 0 0 0 0 0 0 
802784 0 0 0 0 0 0 0 0 0 0 0 0 0 
802834 0 0 0 0 0 0 0 0 0 0 0 0 0 
802884 0 0 0 0 0 0 0 0 0 0 0 0 0 
802934 0 0 0 0 0 0 0 0 0 0 0 0 0 
802985 0 0 0 0 0 0 0 0 0 0 0 0 0 
803035 0 0 0 0 0 0 0 0 0 0 0 0 0 
803085 0 0 0 0 0 0 0 0 0 0 0 0 0 
803135 0 0 0 0 0 0 0 0 0 0 0 0 0 
803187 0 0 0 0 0 0 0 0 0 0 0 0 0 
803237 0 0 0 0 0 0 0 0 0 0 0 0 0 
803287 0 0 0 0 0 0 0 0 0 0 0 0 0 
803337 0 0 0 0 0 0 0 0 0 0 0 0 0 
803387 0 0 0 0 0 0 0 0 0 0 0 0 0 
803437 0 0 0 0 0 0 0 0 0 0 0 0 0 
803487 0 0 0 0 0 0 0 0 0 0 0 0 0 
803537 0 0 0 0 0 0 0 0 0 0 0 0 0 
803588 0 0 0 0 0 0 0 0 0 0 0 0 0 
803638 0 0 0 0 0 0 0 0 0 0 0 0 0 
803688 0 0 0 0 0 0 0 0 0 0 0 0 0 
803738 0 0 0 0 0 0 0 0 0 0 0 0 0 
803788 0 0 0 0 0 0 0 0 0 0 0 0 0 
803838 0 0 0 0 0 0 0 0 0 0 0 0 0 
803888 0 0 0 0 0 0 0 0 0 0 0 0 0 
803938 0 0 0 0 0 0 0 0 0 0 0 0 0 
803988 0 0 0 0 0 0 0 0 0 0 0 0 0 
804038 0 0 0 0 0 0 0 0 0 0 0 0 0 
804088 0 0 0 0 0 0 0 0 0 0 0 0 0 
804139 0 0 0 0 0 0 0 0 0 0 0 0 0 
804189 0 0 0 0 0 0 0 0 0 0 0 0 0 
804239 0 0 0 0 0 0 0 0 0 0 0 0 0 
804289 0 0 0 0 0 0 0 0 0 0 0 0 0 
804339 0 0 0 0 0 0 0 0 0 0 0 0 0 
804389 0 0 0 0 0 0 0 0 0 0 0 0 0 
804439 0 0 0 0 0 0 0 0 0 0 0 0 0 
804489 0 0 0 0 0 0 0 0 0 0 0 0 0 
804539 0 0 0 0 0 0 0 0 0 0 0 0 0 
804589 0 0 0 0 0 0 0 0 0 0 0 0 0 
804639 0 0 0 0 0 0 0 0 0 0 0 0 0 
804690 0 0 0 0 0 0 0 0 0 0 0 0 0 
804740 0 0 0 0 0 0 0 0 0 0 0 0 0 
804790 0 0 0 0 0 0 0 0 0 0 0 0 0 
804840 0 0 0 0 0 0 0 0 0 0 0 0 0 
804890 0 0 0 0 0 0 0 0 0 0 0 0 0 
804940 0 0 0 0 0 0 0 0 0 0 0 0 0 
804990 0 0 0 0 0 0 0 0 0 0 0 0 0 
805040 0 0 0 0 0 0 0 0 0 0 0 0 0 
805090 0 0 0 0 0 0 0 0 0 0 0 0 0 
805140 0 0 0 0 0 0 0 0 0 0 0 0 0 
805190 0 0 0 0 0 0 0 0 0 0 0 0 0 
805241 0 0 0 0 0 0 0 0 0 0 0 0 0 
805291 0 0 0 0 0 0 0 0 0 0 0 0 0 
805341 0 0 0 0 0 0 0 0 0 0 0 0 0 
805391 0 0 0 0 0 0 0 0 0 0 0 0 0 
805441 0 0 0 0 0 0 0 0 0 0 0 0 0 
805491 0 0 0 0 0 0 0 0 0 0 0 0 0 
805541 0 0 0 0 0 0 0 0 0 0 0 0 0 
805591 0 0 0 0 0 0 0 0 0 0 0 0 0 
805641 0 0 0 0 0 0 0 0 0 0 0 0 0 
805691 0 0 0 0 0 0 0 0 0 0 0 0 0 
805741 0 0 0 0 0 0 0 0 0 0 0 0 0 
805792 0 0 0 0 0 0 0 0 0 0 0 0 0 
805842 0 0 0 0 0 0 0 0 0 0 0 0 0 
805892 0 0 0 0 0 0 0 0 0 0 0 0 0 
805942 0 0 0 0 0 0 0 0 0 0 0 0 0 
805992 0 0 0 0 0 0 0 0 0 0 0 0 0 
806042 0 0 0 0 0 0 0 0 0 0 0 0 0 
806092 0 0 0 0 0 0 0 0 0 0 0 0 0 
806142 0 0 0 0 0 0 0 0 0 0 0 0 0 
806192 0 0 0 0 0 0 0 0 0 0 0 0 0 
806242 0 0 0 0 0 0 0 0 0 0 0 0 0 
806292 0 0 0 0 0 0 0 0 0 0 0 0 0 
806343 0 0 0 0 0 0 0 0 0 0 0 0 0 
806393 0 0 0 0 0 0 0 0 0 0 0 0 0 
806443 0 0 0 0 0 0 0 0 0 0 0 0 0 
806493 0 0 0 0 0 0 0 0 0 0 0 0 0 
806543 0 0 0 0 0 0 0 0 0 0 0 0 0 
806593 0 0 0 0 0 0 0 0 0 0 0 0 0 
806643 0 0 0 0 0 0 0 0 0 0 0 0 0 
806693 0 0 0 0 0 0 0 0 0 0 0 0 0 
806743 0 0 0 0 0 0 0 0 0 0 0 0 0 
806793 0 0 0 0 0 0 0 0 0 0 0 0 0 
806843 0 0 0 0 0 0 0 0 0 0 0 0 0 
806894 0 0 0 0 0 0 0 0 0 0 0 0 0 
806944 0 0 0 0 0 0 0 0 0 0 0 0 0 
806994 0 0 0 0 0 0 0 0 0 0 0 0 0 
807044 0 0 0 0 0 0 0 0 0 0 0 0 0 
807094 0 0 0 0 0 0 0 0 0 0 0 0 0 
807144 0 0 0 0 0 0 0 0 0 0 0 0 0 
807194 0 0 0 0 0 0 0 0 0 0 0 0 0 
807244 0 0 0 0 0 0 0 0 0 0 0 0 0 
807294 0 0 0 0 0 0 0 0 0 0 0 0 0 
807344 0 0 0 0 0 0 0 0 0 0 0 0 0 
807394 0 0 0 0 0 0 0 0 0 0 0 0 0 
807445 0 0 0 0 0 0 0 0 0 0 0 0 0 
807495 0 0 0 0 0 0 0 0 0 0 0 0 0 
807545 0 0 0 0 0 0 0 0 0 0 0 0 0 
807595 0 0 0 0 0 0 0 0 0 0 0 0 0 
807645 0 0 0 0 0 0 0 0 0 0 0 0 0 
807695 0 0 0 0 0 0 0 0 0 0 0 0 0 
807745 0 0 0 0 0 0 0 0 0 0 0 0 0 
807795 0 0 0 0 0 0 0 0 0 0 0 0 0 
807845 0 0 0 0 0 0 0 0 0 0 0 0 0 
807895 0 0 0 0 0 0 0 0 0 0 0 0 0 
807945 0 0 0 0 0 0 0 0 0 0 0 0 0 
