-1006632960 621 0 0 0 0 0 0 0 0 0 0 0 0 0 -256 -2290 621 0 0 0 0 0 0 0 0 0 0 0 0 0 -256 10510 622 0 0 0 0 0 0 0 0 0 0 0 0 0 -256 23310 622 0 
0 0 0 0 0 0 0 0 0 0 0 -256 -29426 622 0 0 0 0 0 0 0 0 0 0 0 0 0 -256 -16626 622 0 0 0 0 0 0 0 0 0 0 0 0 0 -256 -3826 622 0 0 0 0 0 
0 0 0 0 0 0 0 -256 8974 623 0 0 0 0 0 0 0 0 0 0 0 0 0 -256 22030 623 0 0 0 0 0 0 0 0 0 0 0 0 0 -256 -30706 623 0 0 0 0 0 0 0 0 0 
0 0 0 -256 -17906 623 0 0 0 0 0 0 0 0 0 0 0 0 0 -256 -5106 623 0 0 0 0 0 0 0 0 0 0 0 0 0 -256 7694 624 0 0 0 0 0 0 0 0 0 0 0 0 0 
1343160064 624 0 0 0 0 0 0 0 0 0 0 0 0 0 -256 -32242 624 0 0 0 0 0 0 0 0 0 0 0 0 0 -256 -19442 624 0 0 0 0 0 0 0 0 0 0 0 0 0 -256 -6642 624 0 
0 0 0 0 0 0 0 0 0 0 0 -256 6158 625 0 0 0 0 0 0 0 0 0 0 0 0 0 -256 19214 625 0 0 0 0 0 0 0 0 0 0 0 0 0 -256 32014 625 0 0 0 0 0 
0 0 0 0 0 0 0 -256 -20722 625 0 0 0 0 0 0 0 0 0 0 0 0 0 -256 -7922 625 0 0 0 0 0 0 0 0 0 0 0 0 0 -256 4878 626 0 0 0 0 0 0 0 0 0 
0 0 0 -256 17678 626 0 0 0 0 0 0 0 0 0 0 0 0 0 -256 30478 626 0 0 0 0 0 0 0 0 0 0 0 0 0 -256 -22258 626 0 0 0 0 0 0 0 0 0 0 0 0 0 
-619774208 626 0 0 0 0 0 0 0 0 0 0 0 0 0 -256 3598 627 0 0 0 0 0 0 0 0 0 0 0 0 0 -256 16398 627 0 0 0 0 0 0 0 0 0 0 0 0 0 -256 29198 627 0 
0 0 0 0 0 0 0 0 0 0 0 -256 -23538 627 0 0 0 0 0 0 0 0 0 0 0 0 0 -256 -10738 627 0 0 0 0 0 0 0 0 0 0 0 0 0 -256 2062 628 0 0 0 0 0 
0 0 0 0 0 0 0 -256 14862 628 0 0 0 0 0 0 0 0 0 0 0 0 0 -256 27662 628 0 0 0 0 0 0 0 0 0 0 0 0 0 -256 -25074 628 0 0 0 0 0 0 0 0 0 
0 0 0 -256 -12274 628 0 0 0 0 0 0 0 0 0 0 0 0 0 -256 526 629 0 0 0 0 0 0 0 0 0 0 0 0 0 -256 13582 629 0 0 0 0 0 0 0 0 0 0 0 0 0 
1729036032 629 0 0 0 0 0 0 0 0 0 0 0 0 0 -256 -26354 629 0 0 0 0 0 0 0 0 0 0 0 0 0 -256 -13554 629 0 0 0 0 0 0 0 0 0 0 0 0 0 -256 -754 629 0 
0 0 0 0 0 0 0 0 0 0 0 -256 12046 630 0 0 0 0 0 0 0 0 0 0 0 0 0 -256 24846 630 0 0 0 0 0 0 0 0 0 0 0 0 0 -256 -27890 630 0 0 0 0 0 
0 0 0 0 0 0 0 -256 -15090 630 0 0 0 0 0 0 0 0 0 0 0 0 0 -256 -2290 630 0 0 0 0 0 0 0 0 0 0 0 0 0 -256 10766 631 0 0 0 0 0 0 0 0 0 
0 0 0 -256 23566 631 0 0 0 0 0 0 0 0 0 0 0 0 0 -256 -29170 631 0 0 0 0 0 0 0 0 0 0 0 0 0 -256 -16370 631 0 0 0 0 0 0 0 0 0 0 0 0 0 
-233898240 631 0 0 0 0 0 0 0 0 0 0 0 0 0 -256 9230 632 0 0 0 0 0 0 0 0 0 0 0 0 0 -256 22286 632 0 0 0 0 0 0 0 0 0 0 0 0 0 -256 -30450 632 0 
0 0 0 0 0 0 0 0 0 0 0 -256 -17650 632 0 0 0 0 0 0 0 0 0 0 0 0 0 -256 -4850 632 0 0 0 0 0 0 0 0 0 0 0 0 0 -256 7950 633 0 0 0 0 0 
0 0 0 0 0 0 0 -256 21006 633 0 0 0 0 0 0 0 0 0 0 0 0 0 -256 -31730 633 0 0 0 0 0 0 0 0 0 0 0 0 0 -256 -18930 633 0 0 0 0 0 0 0 0 0 
0 0 0 -256 -6130 633 0 0 0 0 0 0 0 0 0 0 0 0 0 -256 6670 634 0 0 0 0 0 0 0 0 0 0 0 0 0 -256 19470 634 0 0 0 0 0 0 0 0 0 0 0 0 0 
2114912000 634 0 0 0 0 0 0 0 0 0 0 0 0 0 -256 -20466 634 0 0 0 0 0 0 0 0 0 0 0 0 0 -256 -7666 634 0 0 0 0 0 0 0 0 0 0 0 0 0 -256 5134 635 0 
0 0 0 0 0 0 0 0 0 0 0 -256 18190 635 0 0 0 0 0 0 0 0 0 0 0 0 0 -256 30990 635 0 0 0 0 0 0 0 0 0 0 0 0 0 -256 -21746 635 0 0 0 0 0 
0 0 0 0 0 0 0 -256 -8946 635 0 0 0 0 0 0 0 0 0 0 0 0 0 -256 3854 636 0 0 0 0 0 0 0 0 0 0 0 0 0 -256 16654 636 0 0 0 0 0 0 0 0 0 
0 0 0 -256 29454 636 0 0 0 0 0 0 0 0 0 0 0 0 0 -256 -23282 636 0 0 0 0 0 0 0 0 0 0 0 0 0 -256 -10482 636 0 0 0 0 0 0 0 0 0 0 0 0 0 
151977728 637 0 0 0 0 0 0 0 0 0 0 0 0 0 -256 15118 637 0 0 0 0 0 0 0 0 0 0 0 0 0 -256 28174 637 0 0 0 0 0 0 0 0 0 0 0 0 0 -256 -24562 637 0 
0 0 0 0 0 0 0 0 0 0 0 -256 -11762 637 0 0 0 0 0 0 0 0 0 0 0 0 0 -256 1038 638 0 0 0 0 0 0 0 0 0 0 0 0 0 -256 13838 638 0 0 0 0 0 
0 0 0 0 0 0 0 -256 26638 638 0 0 0 0 0 0 0 0 0 0 0 0 0 -256 -26098 638 0 0 0 0 0 0 0 0 0 0 0 0 0 -256 -13298 638 0 0 0 0 0 0 0 0 0 
0 0 0 -256 -498 638 0 0 0 0 0 0 0 0 0 0 0 0 0 -256 12302 639 0 0 0 0 0 0 0 0 0 0 0 0 0 -256 25358 639 0 0 0 0 0 0 0 0 0 0 0 0 0 
-1794179328 639 0 0 0 0 0 0 0 0 0 0 0 0 0 -256 -14578 639 0 0 0 0 0 0 0 0 0 0 0 0 0 -256 -1778 639 0 0 0 0 0 0 0 0 0 0 0 0 0 -256 11022 640 0 
0 0 0 0 0 0 0 0 0 0 0 -256 23822 640 0 0 0 0 0 0 0 0 0 0 0 0 0 -256 -28914 640 0 0 0 0 0 0 0 0 0 0 0 0 0 -256 -16114 640 0 0 0 0 0 
0 0 0 0 0 0 0 -256 -3314 640 0 0 0 0 0 0 0 0 0 0 0 0 0 -256 9486 641 0 0 0 0 0 0 0 0 0 0 0 0 0 -256 22542 641 0 0 0 0 0 0 0 0 0 
0 0 0 -256 -30194 641 0 0 0 0 0 0 0 0 0 0 0 0 0 -256 -17394 641 0 0 0 0 0 0 0 0 0 0 0 0 0 -256 -4594 641 0 0 0 0 0 0 0 0 0 0 0 0 0 
537853696 642 0 0 0 0 0 0 0 0 0 0 0 0 0 -256 21006 642 0 0 0 0 0 0 0 0 0 0 0 0 0 -256 -31730 642 0 0 0 0 0 0 0 0 0 0 0 0 0 -256 -18930 642 0 
0 0 0 0 0 0 0 0 0 0 0 -256 4366 5439 0 0 0 0 0 0 0 0 0 0 0 0 0 0 0 0 0 0 0 0 0 0 0 0 0 0 0 0 0 0 0 0 0 0 0 0 0 
