10942 0 0 0 0 0 0 0 0 0 0 -32567 -31358 2678 
10992 0 0 0 0 0 0 0 0 0 0 -32567 -31358 2678 
11042 0 0 0 0 0 0 0 0 0 0 -32567 -31358 2678 
11092 0 0 0 0 0 0 0 0 0 0 -32567 -31358 2678 
11142 0 0 0 0 0 0 0 0 0 0 -32567 -31358 2678 
11192 0 0 0 0 0 0 0 0 0 0 -32567 -31358 2678 
11242 0 0 0 0 0 0 0 0 0 0 -32567 -31358 2678 
11292 0 0 0 0 0 0 0 0 0 0 -32567 -31358 2678 
11343 0 0 0 0 0 0 0 0 0 0 -32567 -31358 2678 
11393 0 0 0 0 0 0 0 0 0 0 -32567 -31358 2678 
11443 0 0 0 0 0 0 0 0 0 0 -32567 -31358 2678 
11493 0 0 0 0 0 0 0 0 0 0 -32567 -31358 2678 
11543 0 0 0 0 0 0 0 0 0 0 -32567 -31358 2678 
11593 0 0 0 0 0 0 0 0 0 0 -32567 -31358 2678 
11643 0 0 0 0 0 0 0 0 0 0 -32567 -31358 2678 
11693 0 0 0 0 0 0 0 0 0 0 -32567 -31358 2678 
11744 0 0 0 0 0 0 0 0 0 0 -32567 -31358 2678 
11794 0 0 0 0 0 0 0 0 0 0 -32567 -31358 2678 
11844 0 0 0 0 0 0 0 0 0 0 -32567 -31358 2678 
11894 0 0 0 0 0 0 0 0 0 0 -32567 -31358 2678 
11944 0 0 0 0 0 0 0 0 0 0 -32567 -31358 2678 
11994 0 0 0 0 0 0 0 0 0 0 -32567 -31358 2678 
12044 0 0 0 0 0 0 0 0 0 0 -32567 -31358 2678 
12095 0 0 0 0 0 0 0 0 0 0 -32567 -31358 2678 
12145 0 0 0 0 0 0 0 0 0 0 -32567 -31358 2678 
12195 0 0 0 0 0 0 0 0 0 0 -32567 -31358 2678 
12245 0 0 0 0 0 0 0 0 0 0 -32567 -31358 2678 
12295 0 0 0 0 0 0 0 0 0 0 -32567 -31358 2678 
12345 0 0 0 0 0 0 0 0 0 0 -32567 -31358 2678 
12395 0 0 0 0 0 0 0 0 0 0 -32567 -31358 2678 
12445 0 0 0 0 0 0 0 0 0 0 -32567 -31358 2678 
12495 0 0 0 0 0 0 0 0 0 0 -32567 -31358 2678 
12545 0 0 0 0 0 0 0 0 0 0 -32567 -31358 2678 
12596 0 0 0 0 0 0 0 0 0 0 -32567 -31358 2678 
12646 0 0 0 0 0 0 0 0 0 0 -32567 -31358 2678 
12696 0 0 0 0 0 0 0 0 0 0 -32567 -31358 2678 
12746 0 0 0 0 0 0 0 0 0 0 -32567 -31358 2678 
12796 0 0 0 0 0 0 0 0 0 0 -32567 -31358 2678 
12846 0 0 0 0 0 0 0 0 0 0 -32567 -31358 2678 
12896 0 0 0 0 0 0 0 0 0 0 -32567 -31358 2678 
12946 0 0 0 0 0 0 0 0 0 0 -32567 -31358 2678 
12996 0 0 0 0 0 0 0 0 0 0 -32567 -31358 2678 
13046 0 0 0 0 0 0 0 0 0 0 -32567 -31358 2678 
13096 0 0 0 0 0 0 0 0 0 0 -32567 -31358 2678 
13146 0 0 0 0 0 0 0 0 0 0 -32567 -31358 2678 
13197 0 0 0 0 0 0 0 0 0 0 -32567 -31358 2678 
13247 0 0 0 0 0 0 0 0 0 0 -32567 -31358 2678 
13297 0 0 0 0 0 0 0 0 0 0 -32567 -31358 2678 
13347 0 0 0 0 0 0 0 0 0 0 -32567 -31358 2678 
13397 0 0 0 0 0 0 0 0 0 0 -32567 -31358 2678 
13447 0 0 0 0 0 0 0 0 0 0 -32567 -31358 2678 
13497 0 0 0 0 0 0 0 0 0 0 -32567 -31358 2678 
13547 0 0 0 0 0 0 0 0 0 0 -32567 -31358 2678 
13597 0 0 0 0 0 0 0 0 0 0 -32567 -31358 2678 
13647 0 0 0 0 0 0 0 0 0 0 -32567 -31358 2678 
13698 0 0 0 0 0 0 0 0 0 0 -32567 -31358 2678 
13748 0 0 0 0 0 0 0 0 0 0 -32567 -31358 2678 
13798 0 0 0 0 0 0 0 0 0 0 -32567 -31358 2678 
13848 0 0 0 0 0 0 0 0 0 0 -32567 -31358 2678 
13898 0 0 0 0 0 0 0 0 0 0 -32567 -31358 2678 
13948 0 0 0 0 0 0 0 0 0 0 -32567 -31358 2678 
13998 0 0 0 0 0 0 0 0 0 0 -32567 -31358 2678 
14048 0 0 0 0 0 0 0 0 0 0 -32567 -31358 2678 
14098 0 0 0 0 0 0 0 0 0 0 -32567 -31358 2678 
14148 0 0 0 0 0 0 0 0 0 0 -32567 -31358 2678 
14198 0 0 0 0 0 0 0 0 0 0 -32567 -31358 2678 
14248 0 0 0 0 0 0 0 0 0 0 -32567 -31358 2678 
14299 0 0 0 0 0 0 0 0 0 0 -32567 -31358 2678 
14349 0 0 0 0 0 0 0 0 0 0 -32567 -31358 2678 
14399 0 0 0 0 0 0 0 0 0 0 -32567 -31358 2678 
14449 0 0 0 0 0 0 0 0 0 0 -32567 -31358 2678 
14499 0 0 0 0 0 0 0 0 0 0 -32567 -31358 2678 
14549 0 0 0 0 0 0 0 0 0 0 -32567 -31358 2678 
14599 0 0 0 0 0 0 0 0 0 0 -32567 -31358 2678 
14650 0 0 0 0 0 0 0 0 0 0 -32567 -31358 2678 
14700 0 0 0 0 0 0 0 0 0 0 -32567 -31358 2678 
14750 0 0 0 0 0 0 0 0 0 0 -32567 -31358 2678 
14800 0 0 0 0 0 0 0 0 0 0 -32567 -31358 2678 
14850 0 0 0 0 0 0 0 0 0 0 -32567 -31358 2678 
14900 0 0 0 0 0 0 0 0 0 0 -32567 -31358 2678 
14951 0 0 0 0 0 0 0 0 0 0 -32567 -31358 2678 
15001 0 0 0 0 0 0 0 0 0 0 -32567 -31358 2678 
15051 0 0 0 0 0 0 0 0 0 0 -32567 -31358 2678 
15102 0 0 0 0 0 0 0 0 0 0 -32567 -31358 2678 
15152 0 0 0 0 0 0 0 0 0 0 -32567 -31358 2678 
15202 0 0 0 0 0 0 0 0 0 0 -32567 -31358 2678 
15252 0 0 0 0 0 0 0 0 0 0 -32567 -31358 2678 
15302 0 0 0 0 0 0 0 0 0 0 -32567 -31358 2678 
15352 0 0 0 0 0 0 0 0 0 0 -32567 -31358 2678 
15402 0 0 0 0 0 0 0 0 0 0 -32567 -31358 2678 
15453 0 0 0 0 0 0 0 0 0 0 -32567 -31358 2678 
15503 0 0 0 0 0 0 0 0 0 0 -32567 -31358 2678 
15553 0 0 0 0 0 0 0 0 0 0 -32567 -31358 2678 
15603 0 0 0 0 0 0 0 0 0 0 -32567 -31358 2678 
15653 0 0 0 0 0 0 0 0 0 0 -32567 -31358 2678 
15703 0 0 0 0 0 0 0 0 0 0 -32567 -31358 2678 
15753 0 0 0 0 0 0 0 0 0 0 -32567 -31358 2678 
15803 0 0 0 0 0 0 0 0 0 0 -32567 -31358 2678 
15853 0 0 0 0 0 0 0 0 0 0 -32567 -31358 2678 
15904 0 0 0 0 0 0 0 0 0 0 -32567 -31358 2678 
15954 0 0 0 0 0 0 0 0 0 0 -32567 -31358 2678 
16004 0 0 0 0 0 0 0 0 0 0 -32567 -31358 2678 
16054 0 0 0 0 0 0 0 0 0 0 -32567 -31358 2678 
16104 0 0 0 0 0 0 0 0 0 0 -32567 -31358 2678 
16154 0 0 0 0 0 0 0 0 0 0 -32567 -31358 2678 
16204 0 0 0 0 0 0 0 0 0 0 -32567 -31358 2678 
16254 0 0 0 0 0 0 0 0 0 0 -32567 -31358 2678 
16304 0 0 0 0 0 0 0 0 0 0 -32567 -31358 2678 
