7693 0 0 0 0 0 0 0 0 0 0 0 0 0 
7743 0 0 0 0 0 0 0 0 0 0 0 0 0 
7793 0 0 0 0 0 0 0 0 0 0 0 0 0 
7843 0 0 0 0 0 0 0 0 0 0 0 0 0 
7894 0 0 0 0 0 0 0 0 0 0 0 0 0 
7944 0 0 0 0 0 0 0 0 0 0 0 0 0 
7994 0 0 0 0 0 0 0 0 0 0 0 0 0 
8044 0 0 0 0 0 0 0 0 0 0 0 0 0 
8094 0 0 0 0 0 0 0 0 0 0 0 0 0 
8144 0 0 0 0 0 0 0 0 0 0 0 0 0 
8194 0 0 0 0 0 0 0 0 0 0 0 0 0 
8247 0 0 0 0 0 0 0 0 0 0 0 0 0 
8298 0 0 0 0 0 0 0 0 0 0 0 0 0 
8348 0 0 0 0 0 0 0 0 0 0 0 0 0 
8398 0 0 0 0 0 0 0 0 0 0 0 0 0 
8448 0 0 0 0 0 0 0 0 0 0 0 0 0 
8499 0 0 0 0 0 0 0 0 0 0 0 0 0 
8549 0 0 0 0 0 0 0 0 0 0 0 0 0 
8599 0 0 0 0 0 0 0 0 0 0 0 0 0 
8649 0 0 0 0 0 0 0 0 0 0 0 0 0 
8700 0 0 0 0 0 0 0 0 0 0 0 0 0 
8750 0 0 0 0 0 0 0 0 0 0 0 0 0 
8800 0 0 0 0 0 0 0 0 0 0 0 0 0 
8850 0 0 0 0 0 0 0 0 0 0 0 0 0 
8900 0 0 0 0 0 0 0 0 0 0 0 0 0 
8950 0 0 0 0 0 0 0 0 0 0 0 0 0 
9000 0 0 0 0 0 0 0 0 0 0 0 0 0 
9050 0 0 0 0 0 0 0 0 0 0 0 0 0 
9100 0 0 0 0 0 0 0 0 0 0 0 0 0 
9150 0 0 0 0 0 0 0 0 0 0 0 0 0 
9200 0 0 0 0 0 0 0 0 0 0 0 0 0 
9251 0 0 0 0 0 0 0 0 0 0 0 0 0 
9301 0 0 0 0 0 0 0 0 0 0 0 0 0 
9351 0 0 0 0 0 0 0 0 0 0 0 0 0 
9401 0 0 0 0 0 0 0 0 0 0 0 0 0 
9451 0 0 0 0 0 0 0 0 0 0 0 0 0 
9501 0 0 0 0 0 0 0 0 0 0 0 0 0 
9551 0 0 0 0 0 0 0 0 0 0 0 0 0 
9601 0 0 0 0 0 0 0 0 0 0 0 0 0 
9651 0 0 0 0 0 0 0 0 0 0 0 0 0 
9701 0 0 0 0 0 0 0 0 0 0 0 0 0 
9754 0 0 0 0 0 0 0 0 0 0 0 0 0 
9804 0 0 0 0 0 0 0 0 0 0 0 0 0 
9854 0 0 0 0 0 0 0 0 0 0 0 0 0 
9905 0 0 0 0 0 0 0 0 0 0 0 0 0 
9955 0 0 0 0 0 0 0 0 0 0 0 0 0 
10005 0 0 0 0 0 0 0 0 0 0 0 0 0 
10055 0 0 0 0 0 0 0 0 0 0 0 0 0 
10105 0 0 0 0 0 0 0 0 0 0 0 0 0 
10155 0 0 0 0 0 0 0 0 0 0 0 0 0 
10207 0 0 0 0 0 0 0 0 0 0 0 0 0 
10257 0 0 0 0 0 0 0 0 0 0 0 0 0 
10315 0 0 0 0 0 0 0 0 0 0 0 0 0 
10365 0 0 0 0 0 0 0 0 0 0 0 0 0 
10415 0 0 0 0 0 0 0 0 0 0 0 0 0 
10465 0 0 0 0 0 0 0 0 0 0 0 0 0 
10515 0 0 0 0 0 0 0 0 0 0 0 0 0 
10565 0 0 0 0 0 0 0 0 0 0 0 0 0 
10615 0 0 0 0 0 0 0 0 0 0 0 0 0 
10666 0 0 0 0 0 0 0 0 0 0 0 0 0 
10716 0 0 0 0 0 0 0 0 0 0 0 0 0 
10766 0 0 0 0 0 0 0 0 0 0 0 0 0 
10816 0 0 0 0 0 0 0 0 0 0 0 0 0 
10866 0 0 0 0 0 0 0 0 0 0 0 0 0 
10916 0 0 0 0 0 0 0 0 0 0 0 0 0 
10966 0 0 0 0 0 0 0 0 0 0 0 0 0 
11016 0 0 0 0 0 0 0 0 0 0 0 0 0 
11067 0 0 0 0 0 0 0 0 0 0 0 0 0 
11117 0 0 0 0 0 0 0 0 0 0 0 0 0 
11167 0 0 0 0 0 0 0 0 0 0 0 0 0 
11217 0 0 0 0 0 0 0 0 0 0 0 0 0 
11267 0 0 0 0 0 0 0 0 0 0 0 0 0 
11317 0 0 0 0 0 0 0 0 0 0 0 0 0 
11367 0 0 0 0 0 0 0 0 0 0 0 0 0 
11417 0 0 0 0 0 0 0 0 0 0 0 0 0 
11467 0 0 0 0 0 0 0 0 0 0 0 0 0 
11517 0 0 0 0 0 0 0 0 0 0 0 0 0 
11568 0 0 0 0 0 0 0 0 0 0 0 0 0 
11618 0 0 0 0 0 0 0 0 0 0 0 0 0 
11668 0 0 0 0 0 0 0 0 0 0 0 0 0 
11718 0 0 0 0 0 0 0 0 0 0 0 0 0 
11768 0 0 0 0 0 0 0 0 0 0 0 0 0 
11818 0 0 0 0 0 0 0 0 0 0 0 0 0 
11868 0 0 0 0 0 0 0 0 0 0 0 0 0 
11918 0 0 0 0 0 0 0 0 0 0 0 0 0 
11969 0 0 0 0 0 0 0 0 0 0 0 0 0 
12019 0 0 0 0 0 0 0 0 0 0 0 0 0 
12069 0 0 0 0 0 0 0 0 0 0 0 0 0 
12119 0 0 0 0 0 0 0 0 0 0 0 0 0 
12169 0 0 0 0 0 0 0 0 0 0 0 0 0 
12219 0 0 0 0 0 0 0 0 0 0 0 0 0 
12269 0 0 0 0 0 0 0 0 0 0 0 0 0 
12319 0 0 0 0 0 0 0 0 0 0 0 0 0 
12369 0 0 0 0 0 0 0 0 0 0 0 0 0 
12419 0 0 0 0 0 0 0 0 0 0 0 0 0 
12469 0 0 0 0 0 0 0 0 0 0 0 0 0 
12520 0 0 0 0 0 0 0 0 0 0 0 0 0 
12570 0 0 0 0 0 0 0 0 0 0 0 0 0 
12620 0 0 0 0 0 0 0 0 0 0 0 0 0 
12670 0 0 0 0 0 0 0 0 0 0 0 0 0 
12720 0 0 0 0 0 0 0 0 0 0 0 0 0 
12770 0 0 0 0 0 0 0 0 0 0 0 0 0 
12820 0 0 0 0 0 0 0 0 0 0 0 0 0 
12870 0 0 0 0 0 0 0 0 0 0 0 0 0 
12920 0 0 0 0 0 0 0 0 0 0 0 0 0 
12970 0 0 0 0 0 0 0 0 0 0 0 0 0 
13021 0 0 0 0 0 0 0 0 0 0 0 0 0 
13071 0 0 0 0 0 0 0 0 0 0 0 0 0 
