362229 1 2 2 4 5 6 7 8 9 10 11 12 13 
362280 1 2 2 4 5 6 7 8 9 10 11 12 13 
362330 1 2 2 4 5 6 7 8 9 10 11 12 13 
362380 1 2 2 4 5 6 7 8 9 10 11 12 13 
362430 1 2 2 4 5 6 7 8 9 10 11 12 13 
362480 1 2 2 4 5 6 7 8 9 10 11 12 13 
362530 1 2 2 4 5 6 7 8 9 10 11 12 13 
362580 1 2 2 4 5 6 7 8 9 10 11 12 13 
362630 1 2 2 4 5 6 7 8 9 10 11 12 13 
362681 1 2 2 4 5 6 7 8 9 10 11 12 13 
362731 1 2 2 4 5 6 7 8 9 10 11 12 13 
362781 1 2 2 4 5 6 7 8 9 10 11 12 13 
362831 1 2 2 4 5 6 7 8 9 10 11 12 13 
362881 1 2 2 4 5 6 7 8 9 10 11 12 13 
362931 1 2 2 4 5 6 7 8 9 10 11 12 13 
362981 1 2 2 4 5 6 7 8 9 10 11 12 13 
363031 1 2 2 4 5 6 7 8 9 10 11 12 13 
363081 1 2 2 4 5 6 7 8 9 10 11 12 13 
363131 1 2 2 4 5 6 7 8 9 10 11 12 13 
363182 1 2 2 4 5 6 7 8 9 10 11 12 13 
363232 1 2 2 4 5 6 7 8 9 10 11 12 13 
363282 1 2 2 4 5 6 7 8 9 10 11 12 13 
363332 1 2 2 4 5 6 7 8 9 10 11 12 13 
363382 1 2 2 4 5 6 7 8 9 10 11 12 13 
363432 1 2 2 4 5 6 7 8 9 10 11 12 13 
363482 1 2 2 4 5 6 7 8 9 10 11 12 13 
363532 1 2 2 4 5 6 7 8 9 10 11 12 13 
363582 1 2 2 4 5 6 7 8 9 10 11 12 13 
363632 1 2 2 4 5 6 7 8 9 10 11 12 13 
363682 1 2 2 4 5 6 7 8 9 10 11 12 13 
363733 1 2 2 4 5 6 7 8 9 10 11 12 13 
363783 1 2 2 4 5 6 7 8 9 10 11 12 13 
363833 1 2 2 4 5 6 7 8 9 10 11 12 13 
363883 1 2 2 4 5 6 7 8 9 10 11 12 13 
363933 1 2 2 4 5 6 7 8 9 10 11 12 13 
363983 1 2 2 4 5 6 7 8 9 10 11 12 13 
364033 1 2 2 4 5 6 7 8 9 10 11 12 13 
364083 1 2 2 4 5 6 7 8 9 10 11 12 13 
364133 1 2 2 4 5 6 7 8 9 10 11 12 13 
364183 1 2 2 4 5 6 7 8 9 10 11 12 13 
364234 1 2 2 4 5 6 7 8 9 10 11 12 13 
364284 1 2 2 4 5 6 7 8 9 10 11 12 13 
364334 1 2 2 4 5 6 7 8 9 10 11 12 13 
364384 1 2 2 4 5 6 7 8 9 10 11 12 13 
364434 1 2 2 4 5 6 7 8 9 10 11 12 13 
364484 1 2 2 4 5 6 7 8 9 10 11 12 13 
364534 1 2 2 4 5 6 7 8 9 10 11 12 13 
364584 1 2 2 4 5 6 7 8 9 10 11 12 13 
364634 1 2 2 4 5 6 7 8 9 10 11 12 13 
364684 1 2 2 4 5 6 7 8 9 10 11 12 13 
364734 1 2 2 4 5 6 7 8 9 10 11 12 13 
364785 1 2 2 4 5 6 7 8 9 10 11 12 13 
364835 1 2 2 4 5 6 7 8 9 10 11 12 13 
364885 1 2 2 4 5 6 7 8 9 10 11 12 13 
364935 1 2 2 4 5 6 7 8 9 10 11 12 13 
364985 1 2 2 4 5 6 7 8 9 10 11 12 13 
365035 1 2 2 4 5 6 7 8 9 10 11 12 13 
365085 1 2 2 4 5 6 7 8 9 10 11 12 13 
365135 1 2 2 4 5 6 7 8 9 10 11 12 13 
365185 1 2 2 4 5 6 7 8 9 10 11 12 13 
365235 1 2 2 4 5 6 7 8 9 10 11 12 13 
365286 1 2 2 4 5 6 7 8 9 10 11 12 13 
365336 1 2 2 4 5 6 7 8 9 10 11 12 13 
365386 1 2 2 4 5 6 7 8 9 10 11 12 13 
365436 1 2 2 4 5 6 7 8 9 10 11 12 13 
365486 1 2 2 4 5 6 7 8 9 10 11 12 13 
365536 1 2 2 4 5 6 7 8 9 10 11 12 13 
365586 1 2 2 4 5 6 7 8 9 10 11 12 13 
365636 1 2 2 4 5 6 7 8 9 10 11 12 13 
365686 1 2 2 4 5 6 7 8 9 10 11 12 13 
365736 1 2 2 4 5 6 7 8 9 10 11 12 13 
365786 1 2 2 4 5 6 7 8 9 10 11 12 13 
365837 1 2 2 4 5 6 7 8 9 10 11 12 13 
365887 1 2 2 4 5 6 7 8 9 10 11 12 13 
365937 1 2 2 4 5 6 7 8 9 10 11 12 13 
365988 1 2 2 4 5 6 7 8 9 10 11 12 13 
366038 1 2 2 4 5 6 7 8 9 10 11 12 13 
366088 1 2 2 4 5 6 7 8 9 10 11 12 13 
366138 1 2 2 4 5 6 7 8 9 10 11 12 13 
366188 1 2 2 4 5 6 7 8 9 10 11 12 13 
366239 1 2 2 4 5 6 7 8 9 10 11 12 13 
366289 1 2 2 4 5 6 7 8 9 10 11 12 13 
366339 1 2 2 4 5 6 7 8 9 10 11 12 13 
366389 1 2 2 4 5 6 7 8 9 10 11 12 13 
366439 1 2 2 4 5 6 7 8 9 10 11 12 13 
366489 1 2 2 4 5 6 7 8 9 10 11 12 13 
366539 1 2 2 4 5 6 7 8 9 10 11 12 13 
366589 1 2 2 4 5 6 7 8 9 10 11 12 13 
366639 1 2 2 4 5 6 7 8 9 10 11 12 13 
366689 1 2 2 4 5 6 7 8 9 10 11 12 13 
366739 1 2 2 4 5 6 7 8 9 10 11 12 13 
366789 1 2 2 4 5 6 7 8 9 10 11 12 13 
366840 1 2 2 4 5 6 7 8 9 10 11 12 13 
366890 1 2 2 4 5 6 7 8 9 10 11 12 13 
366940 1 2 2 4 5 6 7 8 9 10 11 12 13 
366990 1 2 2 4 5 6 7 8 9 10 11 12 13 
367041 1 2 2 4 5 6 7 8 9 10 11 12 13 
367091 1 2 2 4 5 6 7 8 9 10 11 12 13 
367141 1 2 2 4 5 6 7 8 9 10 11 12 13 
367191 1 2 2 4 5 6 7 8 9 10 11 12 13 
367241 1 2 2 4 5 6 7 8 9 10 11 12 13 
367291 1 2 2 4 5 6 7 8 9 10 11 12 13 
367341 1 2 2 4 5 6 7 8 9 10 11 12 13 
367391 1 2 2 4 5 6 7 8 9 10 11 12 13 
367442 1 2 2 4 5 6 7 8 9 10 11 12 13 
367492 1 2 2 4 5 6 7 8 9 10 11 12 13 
367542 1 2 2 4 5 6 7 8 9 10 11 12 13 
367592 1 2 2 4 5 6 7 8 9 10 11 12 13 
367642 1 2 2 4 5 6 7 8 9 10 11 12 13 
367692 1 2 2 4 5 6 7 8 9 10 11 12 13 
367742 1 2 2 4 5 6 7 8 9 10 11 12 13 
367793 1 2 2 4 5 6 7 8 9 10 11 12 13 
367843 1 2 2 4 5 6 7 8 9 10 11 12 13 
367893 1 2 2 4 5 6 7 8 9 10 11 12 13 
367943 1 2 2 4 5 6 7 8 9 10 11 12 13 
367993 1 2 2 4 5 6 7 8 9 10 11 12 13 
368043 1 2 2 4 5 6 7 8 9 10 11 12 13 
368093 1 2 2 4 5 6 7 8 9 10 11 12 13 
368143 1 2 2 4 5 6 7 8 9 10 11 12 13 
368193 1 2 2 4 5 6 7 8 9 10 11 12 13 
368243 1 2 2 4 5 6 7 8 9 10 11 12 13 
368293 1 2 2 4 5 6 7 8 9 10 11 12 13 
368344 1 2 2 4 5 6 7 8 9 10 11 12 13 
368394 1 2 2 4 5 6 7 8 9 10 11 12 13 
368444 1 2 2 4 5 6 7 8 9 10 11 12 13 
368494 1 2 2 4 5 6 7 8 9 10 11 12 13 
368544 1 2 2 4 5 6 7 8 9 10 11 12 13 
368594 1 2 2 4 5 6 7 8 9 10 11 12 13 
368644 1 2 2 4 5 6 7 8 9 10 11 12 13 
368694 1 2 2 4 5 6 7 8 9 10 11 12 13 
368744 1 2 2 4 5 6 7 8 9 10 11 12 13 
368794 1 2 2 4 5 6 7 8 9 10 11 12 13 
368845 1 2 2 4 5 6 7 8 9 10 11 12 13 
368895 1 2 2 4 5 6 7 8 9 10 11 12 13 
368945 1 2 2 4 5 6 7 8 9 10 11 12 13 
368995 1 2 2 4 5 6 7 8 9 10 11 12 13 
369045 1 2 2 4 5 6 7 8 9 10 11 12 13 
369095 1 2 2 4 5 6 7 8 9 10 11 12 13 
369145 1 2 2 4 5 6 7 8 9 10 11 12 13 
369195 1 2 2 4 5 6 7 8 9 10 11 12 13 
369245 1 2 2 4 5 6 7 8 9 10 11 12 13 
369295 1 2 2 4 5 6 7 8 9 10 11 12 13 
369345 1 2 2 4 5 6 7 8 9 10 11 12 13 
369396 1 2 2 4 5 6 7 8 9 10 11 12 13 
369446 1 2 2 4 5 6 7 8 9 10 11 12 13 
369496 1 2 2 4 5 6 7 8 9 10 11 12 13 
369546 1 2 2 4 5 6 7 8 9 10 11 12 13 
369596 1 2 2 4 5 6 7 8 9 10 11 12 13 
369646 1 2 2 4 5 6 7 8 9 10 11 12 13 
369696 1 2 2 4 5 6 7 8 9 10 11 12 13 
369746 1 2 2 4 5 6 7 8 9 10 11 12 13 
369796 1 2 2 4 5 6 7 8 9 10 11 12 13 
369846 1 2 2 4 5 6 7 8 9 10 11 12 13 
369897 1 2 2 4 5 6 7 8 9 10 11 12 13 
369947 1 2 2 4 5 6 7 8 9 10 11 12 13 
369997 1 2 2 4 5 6 7 8 9 10 11 12 13 
370047 1 2 2 4 5 6 7 8 9 10 11 12 13 
370097 1 2 2 4 5 6 7 8 9 10 11 12 13 
370147 1 2 2 4 5 6 7 8 9 10 11 12 13 
370197 1 2 2 4 5 6 7 8 9 10 11 12 13 
370247 1 2 2 4 5 6 7 8 9 10 11 12 13 
370297 1 2 2 4 5 6 7 8 9 10 11 12 13 
370347 1 2 2 4 5 6 7 8 9 10 11 12 13 
370397 1 2 2 4 5 6 7 8 9 10 11 12 13 
370448 1 2 2 4 5 6 7 8 9 10 11 12 13 
370498 1 2 2 4 5 6 7 8 9 10 11 12 13 
370548 1 2 2 4 5 6 7 8 9 10 11 12 13 
370598 1 2 2 4 5 6 7 8 9 10 11 12 13 
370648 1 2 2 4 5 6 7 8 9 10 11 12 13 
370698 1 2 2 4 5 6 7 8 9 10 11 12 13 
370748 1 2 2 4 5 6 7 8 9 10 11 12 13 
370798 1 2 2 4 5 6 7 8 9 10 11 12 13 
370848 1 2 2 4 5 6 7 8 9 10 11 12 13 
370898 1 2 2 4 5 6 7 8 9 10 11 12 13 
370949 1 2 2 4 5 6 7 8 9 10 11 12 13 
370999 1 2 2 4 5 6 7 8 9 10 11 12 13 
371049 1 2 2 4 5 6 7 8 9 10 11 12 13 
371099 1 2 2 4 5 6 7 8 9 10 11 12 13 
371149 1 2 2 4 5 6 7 8 9 10 11 12 13 
371199 1 2 2 4 5 6 7 8 9 10 11 12 13 
371249 1 2 2 4 5 6 7 8 9 10 11 12 13 
371299 1 2 2 4 5 6 7 8 9 10 11 12 13 
371349 1 2 2 4 5 6 7 8 9 10 11 12 13 
371399 1 2 2 4 5 6 7 8 9 10 11 12 13 
371450 1 2 2 4 5 6 7 8 9 10 11 12 13 
371500 1 2 2 4 5 6 7 8 9 10 11 12 13 
371550 1 2 2 4 5 6 7 8 9 10 11 12 13 
371600 1 2 2 4 5 6 7 8 9 10 11 12 13 
371650 1 2 2 4 5 6 7 8 9 10 11 12 13 
371700 1 2 2 4 5 6 7 8 9 10 11 12 13 
371750 1 2 2 4 5 6 7 8 9 10 11 12 13 
371800 1 2 2 4 5 6 7 8 9 10 11 12 13 
371850 1 2 2 4 5 6 7 8 9 10 11 12 13 
371900 1 2 2 4 5 6 7 8 9 10 11 12 13 
371950 1 2 2 4 5 6 7 8 9 10 11 12 13 
372001 1 2 2 4 5 6 7 8 9 10 11 12 13 
372051 1 2 2 4 5 6 7 8 9 10 11 12 13 
372101 1 2 2 4 5 6 7 8 9 10 11 12 13 
372151 1 2 2 4 5 6 7 8 9 10 11 12 13 
372201 1 2 2 4 5 6 0 0 0 0 0 0 7 0 0 0 0 0 0 0 0 0 0 0 0 0 0 0 0 0 0 0 0 0 0 0 0 0 0 0 0 0 0 9 0 0 0 0 0 0 
