902090 1 2 3 4 5 6 7 8 9 10 11 12 13 
902140 1 2 3 4 5 6 7 8 9 10 11 12 13 
902190 1 2 3 4 5 6 7 8 9 10 11 12 13 
902240 1 2 3 4 5 6 7 8 9 10 11 12 13 
902290 1 2 3 4 5 6 7 8 9 10 11 12 13 
902340 1 2 3 4 5 6 7 8 9 10 11 12 13 
902391 1 2 3 4 5 6 7 8 9 10 11 12 13 
902441 1 2 3 4 5 6 7 8 9 10 11 12 13 
902491 1 2 3 4 5 6 7 8 9 10 11 12 13 
902541 1 2 3 4 5 6 7 8 9 10 11 12 13 
902591 1 2 3 4 5 6 7 8 9 10 11 12 13 
902643 1 2 3 4 5 6 7 8 9 10 11 12 13 
902693 1 2 3 4 5 6 7 8 9 10 11 12 13 
902743 1 2 3 4 5 6 7 8 9 10 11 12 13 
902793 1 2 3 4 5 6 7 8 9 10 11 12 13 
902843 1 2 3 4 5 6 7 8 9 10 11 12 13 
902893 1 2 3 4 5 6 7 8 9 10 11 12 13 
902943 1 2 3 4 5 6 7 8 9 10 11 12 13 
902993 1 2 3 4 5 6 7 8 9 10 11 12 13 
903043 1 2 3 4 5 6 7 8 9 10 11 12 13 
903094 1 2 3 4 5 6 7 8 9 10 11 12 13 
903144 1 2 3 4 5 6 7 8 9 10 11 12 13 
903194 1 2 3 4 5 6 7 8 9 10 11 12 13 
903244 1 2 3 4 5 6 7 8 9 10 11 12 13 
903294 1 2 3 4 5 6 7 8 9 10 11 12 13 
903344 1 2 3 4 5 6 7 8 9 10 11 12 13 
903394 1 2 3 4 5 6 7 8 9 10 11 12 13 
903444 1 2 3 4 5 6 7 8 9 10 11 12 13 
903494 1 2 3 4 5 6 7 8 9 10 11 12 13 
903544 1 2 3 4 5 6 7 8 9 10 11 12 13 
903595 1 2 3 4 5 6 7 8 9 10 11 12 13 
903645 1 2 3 4 5 6 7 8 9 10 11 12 13 
903695 1 2 3 4 5 6 7 8 9 10 11 12 13 
903745 1 2 3 4 5 6 7 8 9 10 11 12 13 
903795 1 2 3 4 5 6 7 8 9 10 11 12 13 
903845 1 2 3 4 5 6 7 8 9 10 11 12 13 
903895 1 2 3 4 5 6 7 8 9 10 11 12 13 
903945 1 2 3 4 5 6 7 8 9 10 11 12 13 
903995 1 2 3 4 5 6 7 8 9 10 11 12 13 
904045 1 2 3 4 5 6 7 8 9 10 11 12 13 
904096 1 2 3 4 5 6 7 8 9 10 11 12 13 
904146 1 2 3 4 5 6 7 8 9 10 11 12 13 
904196 1 2 3 4 5 6 7 8 9 10 11 12 13 
904246 1 2 3 4 5 6 7 8 9 10 11 12 13 
904296 1 2 3 4 5 6 7 8 9 10 11 12 13 
904346 1 2 3 4 5 6 7 8 9 10 11 12 13 
904396 1 2 3 4 5 6 7 8 9 10 11 12 13 
904446 1 2 3 4 5 6 7 8 9 10 11 12 13 
904496 1 2 3 4 5 6 7 8 9 10 11 12 13 
904546 1 2 3 4 5 6 7 8 9 10 11 12 13 
904596 1 2 3 4 5 6 7 8 9 10 11 12 13 
904647 1 2 3 4 5 6 7 8 9 10 11 12 13 
904697 1 2 3 4 5 6 7 8 9 10 11 12 13 
904747 1 2 3 4 5 6 7 8 9 10 11 12 13 
904797 1 2 3 4 5 6 7 8 9 10 11 12 13 
904847 1 2 3 4 5 6 7 8 9 10 11 12 13 
904897 1 2 3 4 5 6 7 8 9 10 11 12 13 
904947 1 2 3 4 5 6 7 8 9 10 11 12 13 
904997 1 2 3 4 5 6 7 8 9 10 11 12 13 
905047 1 2 3 4 5 6 7 8 9 10 11 12 13 
905097 1 2 3 4 5 6 7 8 9 10 11 12 13 
905147 1 2 3 4 5 6 7 8 9 10 11 12 13 
905198 1 2 3 4 5 6 7 8 9 10 11 12 13 
905248 1 2 3 4 5 6 7 8 9 10 11 12 13 
905298 1 2 3 4 5 6 7 8 9 10 11 12 13 
905348 1 2 3 4 5 6 7 8 9 10 11 12 13 
905398 1 2 3 4 5 6 7 8 9 10 11 12 13 
905448 1 2 3 4 5 6 7 8 9 10 11 12 13 
905498 1 2 3 4 5 6 7 8 9 10 11 12 13 
905548 1 2 3 4 5 6 7 8 9 10 11 12 13 
905598 1 2 3 4 5 6 7 8 9 10 11 12 13 
905648 1 2 3 4 5 6 7 8 9 10 11 12 13 
905698 1 2 3 4 5 6 7 8 9 10 11 12 13 
905749 1 2 3 4 5 6 7 8 9 10 11 12 13 
905799 1 2 3 4 5 6 7 8 9 10 11 12 13 
905849 1 2 3 4 5 6 7 8 9 10 11 12 13 
905899 1 2 3 4 5 6 7 8 9 10 11 12 13 
905949 1 2 3 4 5 6 7 8 9 10 11 12 13 
905999 1 2 3 4 5 6 7 8 9 10 11 12 13 
906049 1 2 3 4 5 6 7 8 9 10 11 12 13 
906099 1 2 3 4 5 6 7 8 9 10 11 12 13 
906149 1 2 3 4 5 6 7 8 9 10 11 12 13 
906199 1 2 3 4 5 6 7 8 9 10 11 12 13 
906250 1 2 3 4 5 6 7 8 9 10 11 12 13 
906300 1 2 3 4 5 6 7 8 9 10 11 12 13 
906350 1 2 3 4 5 6 7 8 9 10 11 12 13 
906400 1 2 3 4 5 6 7 8 9 10 11 12 13 
906450 1 2 3 4 5 6 7 8 9 10 11 12 13 
906500 1 2 3 4 5 6 7 8 9 10 11 12 13 
906550 1 2 3 4 5 6 7 8 9 10 11 12 13 
906600 1 2 3 4 5 6 7 8 9 10 11 12 13 
906650 1 2 3 4 5 6 7 8 9 10 11 12 13 
906700 1 2 3 4 5 6 7 8 9 10 11 12 13 
906750 1 2 3 4 5 6 7 8 9 10 11 12 13 
906800 1 2 3 4 5 6 7 8 9 10 11 12 13 
906851 1 2 3 4 5 6 7 8 9 10 11 12 13 
906901 1 2 3 4 5 6 7 8 9 10 11 12 13 
906951 1 2 3 4 5 6 7 8 9 10 11 12 13 
907001 1 2 3 4 5 6 7 8 9 10 11 12 13 
907051 1 2 3 4 5 6 7 8 9 10 11 12 13 
907101 1 2 3 4 5 6 7 8 9 10 11 12 13 
907151 1 2 3 4 5 6 7 8 9 10 11 12 13 
907201 1 2 3 4 5 6 7 8 9 10 11 12 13 
907251 1 2 3 4 5 6 7 8 9 10 11 12 13 
907301 1 2 3 4 5 6 7 8 9 10 11 12 13 
907351 1 2 3 4 5 6 7 8 9 10 11 12 13 
907402 1 2 3 4 5 6 7 8 9 10 11 12 13 
907452 1 2 3 4 5 6 7 8 9 10 11 12 13 
907502 1 2 3 4 5 6 7 8 9 10 11 12 13 
907552 1 2 3 4 5 6 7 8 9 10 11 12 13 
907602 1 2 3 4 5 6 7 8 9 10 11 12 13 
907652 1 2 3 4 5 6 7 8 9 10 11 12 13 
907702 1 2 3 4 5 6 7 8 9 10 11 12 13 
907752 1 2 3 4 5 6 7 8 9 10 11 12 13 
907802 1 2 3 4 5 6 7 8 9 10 11 12 13 
907852 1 2 3 4 5 6 7 8 9 10 11 12 13 
907902 1 2 3 4 5 6 7 8 9 10 11 12 13 
907953 1 2 3 4 5 6 7 8 9 10 11 12 13 
908003 1 2 3 4 5 6 7 8 9 10 11 12 13 
908053 1 2 3 4 5 6 7 8 9 10 11 12 13 
908103 1 2 3 4 5 6 7 8 9 10 11 12 13 
908153 1 2 3 4 5 6 7 8 9 10 11 12 13 
908203 1 2 3 4 5 6 7 8 9 10 11 12 13 
908253 1 2 3 4 5 6 7 8 9 10 11 12 13 
908303 1 2 3 4 5 6 7 8 9 10 11 12 13 
908353 1 2 3 4 5 6 7 8 9 10 11 12 13 
908404 1 2 3 4 5 6 7 8 9 10 11 12 13 
908454 1 2 3 4 5 6 7 8 9 10 11 12 13 
908504 1 2 3 4 5 6 7 8 9 10 11 12 13 
908554 1 2 3 4 5 6 7 8 9 10 11 12 13 
908604 1 2 3 4 5 6 7 8 9 10 11 12 13 
908654 1 2 3 4 5 6 7 8 9 10 11 12 13 
908704 1 2 3 4 5 6 7 8 9 10 11 12 13 
908754 1 2 3 4 5 6 7 8 9 10 11 12 13 
908804 1 2 3 4 5 6 7 8 9 10 11 12 13 
908854 1 2 3 4 5 6 7 8 9 10 11 12 13 
908904 1 2 3 4 5 6 7 8 9 10 11 12 13 
908955 1 2 3 4 5 6 7 8 9 10 11 12 13 
909005 1 2 3 4 5 6 7 8 9 10 11 12 13 
909055 1 2 3 4 5 6 7 8 9 10 11 12 13 
909107 1 2 3 4 5 6 7 8 9 10 11 12 13 
909157 1 2 3 4 5 6 7 8 9 10 11 12 13 
909207 1 2 3 4 5 6 7 8 9 10 11 12 13 
909257 1 2 3 4 5 6 7 8 9 10 11 12 13 
909307 1 2 3 4 5 6 7 8 9 10 11 12 13 
909357 1 2 3 4 5 6 7 8 9 10 11 12 13 
909408 1 2 3 4 5 6 7 8 9 10 11 12 13 
909458 1 2 3 4 5 6 7 8 9 10 11 12 13 
909508 1 2 3 4 5 6 7 8 9 10 11 12 13 
909558 1 2 3 4 5 6 7 8 9 10 11 12 13 
909608 1 2 3 4 5 6 7 8 9 10 11 12 13 
909658 1 2 3 4 5 6 7 8 9 10 11 12 13 
909708 1 2 3 4 5 6 7 8 9 10 11 12 13 
909758 1 2 3 4 5 6 7 8 9 10 11 12 13 
909809 1 2 3 4 5 6 7 8 9 10 11 12 13 
909859 1 2 3 4 5 6 7 8 9 10 11 12 13 
909909 1 2 3 4 5 6 7 8 9 10 11 12 13 
909959 1 2 3 4 5 6 7 8 9 10 11 12 13 
910009 1 2 3 4 5 6 7 8 9 10 11 12 13 
910059 1 2 3 4 5 6 7 8 9 10 11 12 13 
910109 1 2 3 4 5 6 7 8 9 10 11 12 13 
910160 1 2 3 4 5 6 7 8 9 10 11 12 13 
910210 1 2 3 4 5 6 7 8 9 10 11 12 13 
910260 1 2 3 4 5 6 7 8 9 10 11 12 13 
910310 1 2 3 4 5 6 7 8 9 10 11 12 13 
910360 1 2 3 4 5 6 7 8 9 10 11 12 13 
910410 1 2 3 4 5 6 7 8 9 10 11 12 13 
910460 1 2 3 4 5 6 7 8 9 10 11 12 13 
910510 1 2 3 4 5 6 7 8 9 10 11 12 13 
910560 1 2 3 4 5 6 7 8 9 10 11 12 13 
910612 1 2 3 4 5 6 7 8 9 10 11 12 13 
910662 1 2 3 4 5 6 7 8 9 10 11 12 13 
910712 1 2 3 4 5 6 7 8 9 10 11 12 13 
910762 1 2 3 4 5 6 7 8 9 10 11 12 13 
910812 1 2 3 4 5 6 7 8 9 10 11 12 13 
910863 1 2 3 4 5 6 7 8 9 10 11 12 13 
910913 1 2 3 4 5 6 7 8 9 10 11 12 13 
910963 1 2 3 4 5 6 7 8 9 10 11 12 13 
911013 1 2 3 4 5 6 7 8 9 10 11 12 13 
911064 1 2 3 4 5 6 7 8 9 10 11 12 13 
911114 1 2 3 4 5 6 7 8 9 10 11 12 13 
911164 1 2 3 4 5 6 7 8 9 10 11 12 13 
911214 1 2 3 4 5 6 7 8 9 10 11 12 13 
911264 1 2 3 4 5 6 7 8 9 10 11 12 13 
911314 1 2 3 4 5 6 7 8 9 10 11 12 13 
911365 1 2 3 4 5 6 7 8 9 10 11 12 13 
911415 1 2 3 4 5 6 7 8 9 10 11 12 13 
911465 1 2 3 4 5 6 7 8 9 10 11 12 13 
911515 1 2 3 4 5 6 7 8 9 10 11 12 13 
911565 1 2 3 4 5 6 7 8 9 10 11 12 13 
911615 1 2 3 4 5 6 7 8 9 10 11 12 13 
911665 1 2 3 4 5 6 7 8 9 10 11 12 13 
911715 1 2 3 4 5 6 7 8 9 10 11 12 13 
911765 1 2 3 4 5 6 7 8 9 10 11 12 13 
911816 1 2 3 4 5 6 7 8 9 10 11 12 13 
911866 1 2 3 4 5 6 7 8 9 10 11 12 13 
911916 1 2 3 4 5 6 7 8 9 10 11 12 13 
911966 1 2 3 4 5 6 7 8 9 10 11 12 13 
912016 1 2 3 4 5 6 7 8 9 10 11 12 13 
912066 1 2 3 4 5 6 7 8 9 10 11 12 13 
912117 1 2 3 4 5 6 7 8 9 10 11 12 13 
912167 1 2 3 4 5 6 7 8 9 10 11 12 13 
912217 1 2 3 4 5 6 7 8 9 10 11 12 13 
912267 1 2 3 4 5 6 7 8 9 10 11 12 13 
912317 1 2 3 4 5 6 7 8 9 10 11 12 13 
912367 1 2 3 4 5 6 7 8 9 10 11 12 13 
912417 1 2 3 4 5 6 7 8 9 10 11 12 13 
912467 1 2 3 4 5 6 7 8 9 10 11 12 13 
912517 1 2 3 4 5 6 7 8 9 10 11 12 13 
912567 1 2 3 4 5 6 7 8 9 10 11 12 13 
912618 1 2 3 4 5 6 7 8 9 10 11 12 13 
912668 1 2 3 4 5 6 7 8 9 10 11 12 13 
912718 1 2 3 4 5 6 7 8 9 10 11 12 13 
912768 1 2 3 4 5 6 7 8 9 10 11 12 13 
912818 1 2 3 4 5 6 7 8 9 10 11 12 13 
912868 1 2 3 4 5 6 7 8 9 10 11 12 13 
912918 1 2 3 4 5 6 7 8 9 10 11 12 13 
912968 1 2 3 4 5 6 7 8 9 10 11 12 13 
913018 1 2 3 4 5 6 7 8 9 10 11 12 13 
913068 1 2 3 4 5 6 7 8 9 10 11 12 13 
913119 1 2 3 4 5 6 7 8 9 10 11 12 13 
913169 1 2 3 4 5 6 7 8 9 10 11 12 13 
913219 1 2 3 4 5 6 7 8 9 10 11 12 13 
913269 1 2 3 4 5 6 7 8 9 10 11 12 13 
913319 1 2 3 4 5 6 7 8 9 10 11 12 13 
913370 1 2 3 4 5 6 7 8 9 10 11 12 13 
913420 1 2 3 4 5 6 7 8 9 10 11 12 13 
913471 1 2 3 4 5 6 7 8 9 10 11 12 13 
913521 1 2 3 4 5 6 7 8 9 10 11 12 13 
913571 1 2 3 4 5 6 7 8 9 10 11 12 13 
913622 1 2 3 4 5 6 7 8 9 10 11 12 13 
913672 1 2 3 4 5 6 7 8 9 10 11 12 13 
913722 1 2 3 4 5 6 7 8 9 10 11 12 13 
913772 1 2 3 4 5 6 7 8 9 10 11 12 13 
913822 1 2 3 4 5 6 7 8 9 10 11 12 13 
913872 1 2 3 4 5 6 7 8 9 10 11 12 13 
913922 1 2 3 4 5 6 7 8 9 10 11 12 13 
913972 1 2 3 4 5 6 7 8 9 10 11 12 13 
914022 1 2 3 4 5 6 7 8 9 10 11 12 13 
914072 1 2 3 4 5 6 7 8 9 10 11 12 13 
914123 1 2 3 4 5 6 7 8 9 10 11 12 13 
914173 1 2 3 4 5 6 7 8 9 10 11 12 13 
914223 1 2 3 4 5 6 7 8 9 10 11 12 13 
914273 1 2 3 4 5 6 7 8 9 10 11 12 13 
914323 1 2 3 4 5 6 7 8 9 10 11 12 13 
914373 1 2 3 4 5 6 7 8 9 10 11 12 13 
914423 1 2 3 4 5 6 7 8 9 10 11 12 13 
914473 1 2 3 4 5 6 7 8 9 10 11 12 13 
914523 1 2 3 4 5 6 7 8 9 10 11 12 13 
914573 1 2 3 4 5 6 7 8 9 10 11 12 13 
914623 1 2 3 4 5 6 7 8 9 10 11 12 13 
914674 1 2 3 4 5 6 7 8 9 10 11 12 13 
914724 1 2 3 4 5 6 7 8 9 10 11 12 13 
914774 1 2 3 4 5 6 7 8 9 10 11 12 13 
914824 1 2 3 4 5 6 7 8 9 10 11 12 13 
914874 1 2 3 4 5 6 7 8 9 10 11 12 13 
914924 1 2 3 4 5 6 7 8 9 10 11 12 13 
914974 1 2 3 4 5 6 7 8 9 10 11 12 13 
915024 1 2 3 4 5 6 7 8 9 10 11 12 13 
915074 1 2 3 4 5 6 7 8 9 10 11 12 13 
915124 1 2 3 4 5 6 7 8 9 10 11 12 13 
915174 1 2 3 4 5 6 7 8 9 10 11 12 13 
915225 1 2 3 4 5 6 7 8 9 10 11 12 13 
915275 1 2 3 4 5 6 7 8 9 10 11 12 13 
915325 1 2 3 4 5 6 7 8 9 10 11 12 13 
915375 1 2 3 4 5 6 7 8 9 10 11 12 13 
915425 1 2 3 4 5 6 7 8 9 10 11 12 13 
915475 1 2 3 4 5 6 7 8 9 10 11 12 13 
915525 1 2 3 4 5 6 7 8 9 10 11 12 13 
915575 1 2 3 4 5 6 7 8 9 10 11 12 13 
915625 1 2 3 4 5 6 7 8 9 10 11 12 13 
915675 1 2 3 4 5 6 7 8 9 10 11 12 13 
915726 1 2 3 4 5 6 7 8 9 10 11 12 13 
915776 1 2 3 4 5 6 7 8 9 10 11 12 13 
915826 1 2 3 4 5 6 7 8 9 10 11 12 13 
915876 1 2 3 4 5 6 7 8 9 10 11 12 13 
915926 1 2 3 4 5 6 7 8 9 10 11 12 13 
