12731 0 0 0 0 0 0 0 0 0 0 -30686 25448 10250 
12781 0 0 0 0 0 0 0 0 0 0 -30686 25448 10250 
12831 0 0 0 0 0 0 0 0 0 0 -30686 25448 10250 
12881 0 0 0 0 0 0 0 0 0 0 -30686 25448 10250 
12931 0 0 0 0 0 0 0 0 0 0 -30686 25448 10250 
12981 0 0 0 0 0 0 0 0 0 0 -30686 25448 10250 
13031 0 0 0 0 0 0 0 0 0 0 -30686 25448 10250 
13081 0 0 0 0 0 0 0 0 0 0 -30686 25448 10250 
13131 0 0 0 0 0 0 0 0 0 0 -30686 25448 10250 
13184 0 0 0 0 0 0 0 0 0 0 -30686 25448 10250 
13234 0 0 0 0 0 0 0 0 0 0 -30686 25448 10250 
13284 0 0 0 0 0 0 0 0 0 0 -30686 25448 10250 
13334 0 0 0 0 0 0 0 0 0 0 -30686 25448 10250 
13384 0 0 0 0 0 0 0 0 0 0 -30686 25448 10250 
13434 0 0 0 0 0 0 0 0 0 0 -30686 25448 10250 
13484 0 0 0 0 0 0 0 0 0 0 -30686 25448 10250 
13534 0 0 0 0 0 0 0 0 0 0 -30686 25448 10250 
13584 0 0 0 0 0 0 0 0 0 0 -30686 25448 10250 
13634 0 0 0 0 0 0 0 0 0 0 -30686 25448 10250 
13684 0 0 0 0 0 0 0 0 0 0 -30686 25448 10250 
13735 0 0 0 0 0 0 0 0 0 0 -30686 25448 10250 
13785 0 0 0 0 0 0 0 0 0 0 -30686 25448 10250 
13835 0 0 0 0 0 0 0 0 0 0 -30686 25448 10250 
13887 0 0 0 0 0 0 0 0 0 0 -30686 25448 10250 
13937 0 0 0 0 0 0 0 0 0 0 -30686 25448 10250 
13987 0 0 0 0 0 0 0 0 0 0 -30686 25448 10250 
14037 0 0 0 0 0 0 0 0 0 0 -30686 25448 10250 
14087 0 0 0 0 0 0 0 0 0 0 -30686 25448 10250 
14137 0 0 0 0 0 0 0 0 0 0 -30686 25448 10250 
14187 0 0 0 0 0 0 0 0 0 0 -30686 25448 10250 
14237 0 0 0 0 0 0 0 0 0 0 -30686 25448 10250 
14287 0 0 0 0 0 0 0 0 0 0 -30686 25448 10250 
14337 0 0 0 0 0 0 0 0 0 0 -30686 25448 10250 
14388 0 0 0 0 0 0 0 0 0 0 -30686 25448 10250 
14438 0 0 0 0 0 0 0 0 0 0 -30686 25448 10250 
14488 0 0 0 0 0 0 0 0 0 0 -30686 25448 10250 
14538 0 0 0 0 0 0 0 0 0 0 -30686 25448 10250 
14588 0 0 0 0 0 0 0 0 0 0 -30686 25448 10250 
14638 0 0 0 0 0 0 0 0 0 0 -30686 25448 10250 
14688 0 0 0 0 0 0 0 0 0 0 -30686 25448 10250 
14738 0 0 0 0 0 0 0 0 0 0 -30686 25448 10250 
14788 0 0 0 0 0 0 0 0 0 0 -30686 25448 10250 
14838 0 0 0 0 0 0 0 0 0 0 -30686 25448 10250 
14889 0 0 0 0 0 0 0 0 0 0 -30686 25448 10250 
14939 0 0 0 0 0 0 0 0 0 0 -30686 25448 10250 
14989 0 0 0 0 0 0 0 0 0 0 -30686 25448 10250 
15039 0 0 0 0 0 0 0 0 0 0 -30686 25448 10250 
15089 0 0 0 0 0 0 0 0 0 0 -30686 25448 10250 
15139 0 0 0 0 0 0 0 0 0 0 -30686 25448 10250 
15189 0 0 0 0 0 0 0 0 0 0 -30686 25448 10250 
15239 0 0 0 0 0 0 0 0 0 0 -30686 25448 10250 
15289 0 0 0 0 0 0 0 0 0 0 -30686 25448 10250 
15339 0 0 0 0 0 0 0 0 0 0 -30686 25448 10250 
15390 0 0 0 0 0 0 0 0 0 0 -30686 25448 10250 
15440 0 0 0 0 0 0 0 0 0 0 -30686 25448 10250 
15490 0 0 0 0 0 0 0 0 0 0 -30686 25448 10250 
15540 0 0 0 0 0 0 0 0 0 0 -30686 25448 10250 
15590 0 0 0 0 0 0 0 0 0 0 -30686 25448 10250 
15640 0 0 0 0 0 0 0 0 0 0 -30686 25448 10250 
15690 0 0 0 0 0 0 0 0 0 0 -30686 25448 10250 
15740 0 0 0 0 0 0 0 0 0 0 -30686 25448 10250 
15790 0 0 0 0 0 0 0 0 0 0 -30686 25448 10250 
15840 0 0 0 0 0 0 0 0 0 0 -30686 25448 10250 
15890 0 0 0 0 0 0 0 0 0 0 -30686 25448 10250 
15941 0 0 0 0 0 0 0 0 0 0 -30686 25448 10250 
15991 0 0 0 0 0 0 0 0 0 0 -30686 25448 10250 
16041 0 0 0 0 0 0 0 0 0 0 -30686 25448 10250 
16091 0 0 0 0 0 0 0 0 0 0 -30686 25448 10250 
16141 0 0 0 0 0 0 0 0 0 0 -30686 25448 10250 
16191 0 0 0 0 0 0 0 0 0 0 -30686 25448 10250 
16241 0 0 0 0 0 0 0 0 0 0 -30686 25448 10250 
16291 0 0 0 0 0 0 0 0 0 0 -30686 25448 10250 
16341 0 0 0 0 0 0 0 0 0 0 -30686 25448 10250 
16391 0 0 0 0 0 0 0 0 0 0 -30686 25448 10250 
16441 0 0 0 0 0 0 0 0 0 0 -30686 25448 10250 
16492 0 0 0 0 0 0 0 0 0 0 -30686 25448 10250 
16542 0 0 0 0 0 0 0 0 0 0 -30686 25448 10250 
16592 0 0 0 0 0 0 0 0 0 0 -30686 25448 10250 
16642 0 0 0 0 0 0 0 0 0 0 -30686 25448 10250 
16692 0 0 0 0 0 0 0 0 0 0 -30686 25448 10250 
16742 0 0 0 0 0 0 0 0 0 0 -30686 25448 10250 
16792 0 0 0 0 0 0 0 0 0 0 -30686 25448 10250 
16842 0 0 0 0 0 0 0 0 0 0 -30686 25448 10250 
16892 0 0 0 0 0 0 0 0 0 0 -30686 25448 10250 
16942 0 0 0 0 0 0 0 0 0 0 -30686 25448 10250 
16995 0 0 0 0 0 0 0 0 0 0 -30686 25448 10250 
17045 0 0 0 0 0 0 0 0 0 0 -30686 25448 10250 
17095 0 0 0 0 0 0 0 0 0 0 -30686 25448 10250 
17145 0 0 0 0 0 0 0 0 0 0 -30686 25448 10250 
17197 0 0 0 0 0 0 0 0 0 0 -30686 25448 10250 
17247 0 0 0 0 0 0 0 0 0 0 -30686 25448 10250 
17297 0 0 0 0 0 0 0 0 0 0 -30686 25448 10250 
17347 0 0 0 0 0 0 0 0 0 0 -30686 25448 10250 
17398 0 0 0 0 0 0 0 0 0 0 -30686 25448 10250 
17448 0 0 0 0 0 0 0 0 0 0 -30686 25448 10250 
17498 0 0 0 0 0 0 0 0 0 0 -30686 25448 10250 
17548 0 0 0 0 0 0 0 0 0 0 -30686 25448 10250 
17598 0 0 0 0 0 0 0 0 0 0 -30686 25448 10250 
17648 0 0 0 0 0 0 0 0 0 0 -30686 25448 10250 
17698 0 0 0 0 0 0 0 0 0 0 -30686 25448 10250 
17748 0 0 0 0 0 0 0 0 0 0 -30686 25448 10250 
17798 0 0 0 0 0 0 0 0 0 0 -30686 25448 10250 
17848 0 0 0 0 0 0 0 0 0 0 -30686 25448 10250 
17898 0 0 0 0 0 0 0 0 0 0 -30686 25448 10250 
17949 0 0 0 0 0 0 0 0 0 0 -30686 25448 10250 
17999 0 0 0 0 0 0 0 0 0 0 -30686 25448 10250 
18049 0 0 0 0 0 0 0 0 0 0 -30686 25448 10250 
18099 0 0 0 0 0 0 0 0 0 0 -30686 25448 10250 
