186188 0 0 0 0 0 0 0 0 0 0 10 5 1 
186238 0 0 0 0 0 0 0 0 0 0 10 5 1 
186289 0 0 0 0 0 0 0 0 0 0 10 5 1 
186339 0 0 0 0 0 0 0 0 0 0 10 5 1 
186389 0 0 0 0 0 0 0 0 0 0 10 5 1 
186439 0 0 0 0 0 0 0 0 0 0 10 5 1 
186489 0 0 0 0 0 0 0 0 0 0 10 5 1 
186539 0 0 0 0 0 0 0 0 0 0 10 5 1 
186589 0 0 0 0 0 0 0 0 0 0 10 5 1 
186640 0 0 0 0 0 0 0 0 0 0 10 5 1 
186690 0 0 0 0 0 0 0 0 0 0 10 5 1 
186740 0 0 0 0 0 0 0 0 0 0 10 5 1 
186790 0 0 0 0 0 0 0 0 0 0 10 5 1 
186840 0 0 0 0 0 0 0 0 0 0 10 5 1 
186890 0 0 0 0 0 0 0 0 0 0 10 5 1 
186940 0 0 0 0 0 0 0 0 0 0 10 5 1 
186990 0 0 0 0 0 0 0 0 0 0 10 5 1 
187040 0 0 0 0 0 0 0 0 0 0 10 5 1 
187090 0 0 0 0 0 0 0 0 0 0 10 5 1 
187140 0 0 0 0 0 0 0 0 0 0 10 5 1 
187191 0 0 0 0 0 0 0 0 0 0 10 5 1 
187241 0 0 0 0 0 0 0 0 0 0 10 5 1 
187291 0 0 0 0 0 0 0 0 0 0 10 5 1 
187341 0 0 0 0 0 0 0 0 0 0 10 5 1 
187391 0 0 0 0 0 0 0 0 0 0 10 5 1 
187441 0 0 0 0 0 0 0 0 0 0 10 5 1 
187491 0 0 0 0 0 0 0 0 0 0 10 5 1 
187541 0 0 0 0 0 0 0 0 0 0 10 5 1 
187591 0 0 0 0 0 0 0 0 0 0 10 5 1 
187641 0 0 0 0 0 0 0 0 0 0 10 5 1 
187691 0 0 0 0 0 0 0 0 0 0 10 5 1 
187742 0 0 0 0 0 0 0 0 0 0 10 5 1 
187792 0 0 0 0 0 0 0 0 0 0 10 5 1 
187842 0 0 0 0 0 0 0 0 0 0 10 5 1 
187892 0 0 0 0 0 0 0 0 0 0 10 5 1 
187942 0 0 0 0 0 0 0 0 0 0 10 5 1 
187992 0 0 0 0 0 0 0 0 0 0 10 5 1 
188042 0 0 0 0 0 0 0 0 0 0 10 5 1 
188092 0 0 0 0 0 0 0 0 0 0 10 5 1 
188143 0 0 0 0 0 0 0 0 0 0 10 5 1 
188193 0 0 0 0 0 0 0 0 0 0 10 5 1 
188243 0 0 0 0 0 0 0 0 0 0 10 5 1 
188293 0 0 0 0 0 0 0 0 0 0 10 5 1 
188343 0 0 0 0 0 0 0 0 0 0 10 5 1 
188393 0 0 0 0 0 0 0 0 0 0 10 5 1 
188443 0 0 0 0 0 0 0 0 0 0 10 5 1 
188493 0 0 0 0 0 0 0 0 0 0 10 5 1 
188543 0 0 0 0 0 0 0 0 0 0 10 5 1 
188593 0 0 0 0 0 0 0 0 0 0 10 5 1 
188643 0 0 0 0 0 0 0 0 0 0 10 5 1 
188694 0 0 0 0 0 0 0 0 0 0 10 5 1 
188744 0 0 0 0 0 0 0 0 0 0 10 5 1 
188794 0 0 0 0 0 0 0 0 0 0 10 5 1 
188844 0 0 0 0 0 0 0 0 0 0 10 5 1 
188894 0 0 0 0 0 0 0 0 0 0 10 5 1 
188944 0 0 0 0 0 0 0 0 0 0 10 5 1 
188994 0 0 0 0 0 0 0 0 0 0 10 5 1 
189045 0 0 0 0 0 0 0 0 0 0 10 5 1 
189095 0 0 0 0 0 0 0 0 0 0 10 5 1 
189145 0 0 0 0 0 0 0 0 0 0 10 5 1 
189195 0 0 0 0 0 0 0 0 0 0 10 5 1 
189246 0 0 0 0 0 0 0 0 0 0 10 5 1 
189296 0 0 0 0 0 0 0 0 0 0 10 5 1 
189347 0 0 0 0 0 0 0 0 0 0 10 5 1 
189397 0 0 0 0 0 0 0 0 0 0 10 5 1 
189447 0 0 0 0 0 0 0 0 0 0 10 5 1 
189497 0 0 0 0 0 0 0 0 0 0 10 5 1 
189547 0 0 0 0 0 0 0 0 0 0 10 5 1 
189597 0 0 0 0 0 0 0 0 0 0 10 5 1 
189647 0 0 0 0 0 0 0 0 0 0 10 5 1 
189697 0 0 0 0 0 0 0 0 0 0 10 5 1 
189747 0 0 0 0 0 0 0 0 0 0 10 5 1 
189797 0 0 0 0 0 0 0 0 0 0 10 5 1 
189848 0 0 0 0 0 0 0 0 0 0 10 5 1 
189898 0 0 0 0 0 0 0 0 0 0 10 5 1 
189948 0 0 0 0 0 0 0 0 0 0 10 5 1 
189998 0 0 0 0 0 0 0 0 0 0 10 5 1 
190048 0 0 0 0 0 0 0 0 0 0 10 5 1 
190098 0 0 0 0 0 0 0 0 0 0 10 5 1 
190148 0 0 0 0 0 0 0 0 0 0 10 5 1 
190198 0 0 0 0 0 0 0 0 0 0 10 5 1 
190248 0 0 0 0 0 0 0 0 0 0 10 5 1 
190299 0 0 0 0 0 0 0 0 0 0 10 5 1 
190349 0 0 0 0 0 0 0 0 0 0 10 5 1 
190399 0 0 0 0 0 0 0 0 0 0 10 5 1 
190449 0 0 0 0 0 0 0 0 0 0 10 5 1 
190499 0 0 0 0 0 0 0 0 0 0 10 5 1 
190549 0 0 0 0 0 0 0 0 0 0 10 5 1 
190599 0 0 0 0 0 0 0 0 0 0 10 5 1 
190649 0 0 0 0 0 0 0 0 0 0 10 5 1 
190700 0 0 0 0 0 0 0 0 0 0 10 5 1 
190750 0 0 0 0 0 0 0 0 0 0 10 5 1 
190800 0 0 0 0 0 0 0 0 0 0 10 5 1 
190850 0 0 0 0 0 0 0 0 0 0 10 5 1 
190900 0 0 0 0 0 0 0 0 0 0 10 5 1 
190950 0 0 0 0 0 0 0 0 0 0 10 5 1 
191000 0 0 0 0 0 0 0 0 0 0 10 5 1 
191050 0 0 0 0 0 0 0 0 0 0 10 5 1 
191102 0 0 0 0 0 0 0 0 0 0 10 5 1 
191153 0 0 0 0 0 0 0 0 0 0 10 5 1 
191203 0 0 0 0 0 0 0 0 0 0 10 5 1 
191253 0 0 0 0 0 0 0 0 0 0 10 5 1 
191303 0 0 0 0 0 0 0 0 0 0 10 5 1 
191353 0 0 0 0 0 0 0 0 0 0 10 5 1 
191403 0 0 0 0 0 0 0 0 0 0 10 5 1 
191453 0 0 0 0 0 0 0 0 0 0 10 5 1 
191503 0 0 0 0 0 0 0 0 0 0 10 5 1 
191553 0 0 0 0 0 0 0 0 0 0 10 5 1 
