1723979780 0 0 0 0 512 495 406 383 323 488 15 11 20 
1726497784 0 0 0 0 513 495 406 383 322 488 14 12 19 
1729014584 0 0 0 0 512 495 406 383 322 488 14 12 19 
1731493388 0 0 0 0 513 494 407 382 323 489 15 12 19 
1734012580 0 0 0 0 512 494 407 382 323 489 15 11 20 
1736492186 0 0 0 0 512 494 407 384 323 489 15 11 20 
1739010578 0 0 0 0 513 494 406 384 323 488 14 12 19 
1741527920 0 0 0 0 513 494 406 384 324 489 15 13 19 
1744045770 0 0 0 0 513 494 406 383 323 490 15 13 20 
1746523436 0 0 0 0 514 495 406 382 322 489 15 13 20 
1749041380 0 0 0 0 513 493 407 382 324 489 14 13 19 
1751559008 0 0 0 0 513 493 407 381 323 489 15 12 19 
1754038176 0 0 0 0 511 494 405 382 323 489 15 12 19 
1756556568 0 0 0 0 512 493 407 384 324 489 15 13 20 
1759074574 0 0 0 0 511 495 406 385 320 488 14 12 19 
1761555372 0 0 0 0 513 494 408 386 319 488 15 12 19 
1764072964 0 0 0 0 514 495 407 386 320 489 15 13 19 
1766591758 0 0 0 0 513 496 408 385 323 490 14 11 20 
1769069762 0 0 0 0 514 496 407 384 323 490 14 11 20 
1771585768 0 0 0 0 513 496 407 384 325 489 15 13 19 
1774105060 0 0 0 0 512 496 406 383 324 488 15 13 19 
1776580846 0 0 0 0 512 495 406 381 322 488 15 12 19 
1779098556 0 0 0 0 513 495 406 382 323 488 14 13 20 
1781617242 0 0 0 0 513 495 406 382 324 487 15 13 19 
1784095348 0 0 0 0 512 495 407 381 324 487 15 13 19 
1786614552 0 0 0 0 513 494 408 381 324 487 15 14 19 
1789131358 0 0 0 0 513 494 407 382 325 486 14 13 20 
1791608150 0 0 0 0 513 494 408 383 324 487 14 13 20 
1794125754 0 0 0 0 512 494 406 382 324 488 15 14 19 
1796642148 0 0 0 0 512 495 405 382 323 489 15 11 19 
1799120540 0 0 0 0 511 496 406 384 323 489 15 12 19 
1801638950 0 0 0 0 512 494 408 385 321 488 14 12 20 
1804156136 0 0 0 0 512 496 407 385 321 489 15 13 19 
1806633748 0 0 0 0 514 495 407 383 323 490 15 13 19 
1809152134 0 0 0 0 514 495 407 382 324 491 15 13 19 
1811671340 0 0 0 0 512 496 405 381 326 491 14 13 20 
1814151338 0 0 0 0 511 495 406 381 324 491 14 13 20 
1816668930 0 0 0 0 511 494 407 379 322 490 15 11 19 
1819184142 0 0 0 0 512 493 407 381 322 490 15 12 19 
1821662934 0 0 0 0 512 493 408 382 323 490 15 12 19 
1824179732 0 0 0 0 511 493 407 383 325 490 14 13 20 
1826700530 0 0 0 0 510 493 407 384 323 490 15 12 19 
1829180130 0 0 0 0 511 493 407 384 323 489 15 13 19 
1831699328 0 0 0 0 512 493 406 382 321 489 15 11 19 
1834216926 0 0 0 0 510 493 406 382 324 488 14 13 20 
1836696132 0 0 0 0 512 494 407 382 324 488 14 13 20 
1839213336 0 0 0 0 512 494 407 382 323 488 15 11 19 
1841732922 0 0 0 0 511 493 408 381 323 490 15 12 19 
1844210928 0 0 0 0 512 494 406 385 324 491 15 12 19 
1846729202 0 0 0 0 510 493 406 386 324 491 14 13 20 
1849248112 0 0 0 0 511 495 407 386 323 491 15 12 19 
1851725492 0 0 0 0 509 494 406 384 322 490 15 12 19 
1854244116 0 0 0 0 511 495 406 382 321 488 14 13 19 
1856761720 0 0 0 0 512 495 405 381 321 487 14 13 19 
1859239720 0 0 0 0 512 494 406 379 324 486 15 13 20 
1861756118 0 0 0 0 511 494 406 376 326 487 15 13 19 
1864272516 0 0 0 0 510 494 406 375 327 488 14 13 19 
1866751316 0 0 0 0 510 491 407 375 327 489 14 13 19 
1869269182 0 0 0 0 509 491 406 376 326 489 15 13 20 
1871786900 0 0 0 0 509 489 406 379 327 489 15 13 19 
1874266098 0 0 0 0 509 491 405 383 330 489 15 13 19 
1876784904 0 0 0 0 508 489 405 385 331 490 14 13 19 
1879301702 0 0 0 0 506 491 407 385 331 491 15 13 20 
1881780900 0 0 0 0 505 492 407 383 331 492 15 13 20 
1884295306 0 0 0 0 504 493 407 381 330 490 14 13 19 
1886813298 0 0 0 0 504 492 407 380 331 489 15 13 19 
1889288096 0 0 0 0 503 489 408 377 333 488 15 13 19 
1891803852 0 0 0 0 502 488 408 375 339 487 15 14 20 
1894319694 0 0 0 0 498 489 409 374 339 488 14 14 19 
1896837698 0 0 0 0 496 487 408 374 336 489 14 12 19 
1899316096 0 0 0 0 496 486 409 376 336 489 15 14 19 
1901834882 0 0 0 0 495 486 409 376 337 490 15 13 20 
1904350888 0 0 0 0 493 485 409 377 339 491 14 13 19 
1906831692 0 0 0 0 491 484 410 376 341 491 14 14 19 
1909348084 0 0 0 0 487 485 411 376 342 491 15 14 19 
1911867284 0 0 0 0 485 482 413 374 340 493 15 14 20 
1914346882 0 0 0 0 482 482 412 372 337 494 14 14 20 
1916864480 0 0 0 0 481 478 413 374 338 495 15 14 19 
1919344086 0 0 0 0 482 475 413 377 342 496 15 13 19 
1921860872 0 0 0 0 478 474 414 386 348 495 14 13 19 
1924378870 0 0 0 0 469 476 417 390 346 498 15 13 20 
1926857276 0 0 0 0 465 478 418 390 337 502 15 13 20 
1929375748 0 0 0 0 465 480 418 392 331 505 15 12 19 
1931894872 0 0 0 0 468 483 417 396 337 505 15 13 19 
1934374070 0 0 0 0 466 483 419 395 349 503 15 13 19 
1936892076 0 0 0 0 461 487 421 391 351 503 15 13 20 
1939410462 0 0 0 0 454 490 421 388 351 501 15 13 19 
1941889260 0 0 0 0 449 491 421 385 344 499 14 14 19 
1944405666 0 0 0 0 447 491 420 381 336 497 15 13 19 
1946925258 0 0 0 0 447 489 420 379 330 494 15 13 20 
1949403656 0 0 0 0 446 489 421 380 326 491 15 13 20 
1951921654 0 0 0 0 447 489 419 383 323 488 14 11 19 
1954438454 0 0 0 0 449 489 421 383 318 489 15 12 19 
1956916334 0 0 0 0 449 491 420 384 315 490 15 12 19 
1959433376 0 0 0 0 452 492 421 385 313 491 15 13 20 
1961951256 0 0 0 0 452 492 419 385 312 494 14 13 19 
1964431260 0 0 0 0 453 493 419 384 307 495 14 12 19 
1966947246 0 0 0 0 454 493 417 384 302 496 15 12 19 
1969464458 0 0 0 0 457 492 416 386 297 496 15 12 20 
1971978450 0 0 0 0 460 492 414 390 296 496 15 12 19 
1974456854 0 0 0 0 464 492 415 394 292 496 15 12 19 
1976973246 0 0 0 0 469 494 413 396 293 497 15 12 19 
1979489952 0 0 0 0 473 498 412 397 297 498 15 12 20 
1981967512 0 0 0 0 476 501 411 396 296 498 15 11 20 
1984483798 0 0 0 0 479 502 410 394 295 497 15 11 19 
1986999640 0 0 0 0 481 505 410 390 290 497 15 11 19 
1989517646 0 0 0 0 487 505 408 390 290 497 15 11 20 
1991994044 0 0 0 0 492 507 408 391 292 494 15 11 20 
1994512030 0 0 0 0 495 507 409 391 292 492 15 11 19 
1997068436 0 0 0 0 498 507 409 393 295 488 15 11 20 
1999546440 0 0 0 0 500 509 407 393 292 484 15 11 19 
2002064182 0 0 0 0 505 509 407 391 289 483 15 11 19 
2004582424 0 0 0 0 510 511 407 389 291 485 15 11 19 
2007062692 0 0 0 0 515 514 408 388 292 486 15 12 19 
2009580034 0 0 0 0 520 516 408 388 294 488 15 12 20 
2012098832 0 0 0 0 522 518 409 387 298 492 15 12 19 
2014575632 0 0 0 0 525 517 410 385 299 495 15 12 19 
2017092424 0 0 0 0 526 517 410 381 298 498 14 12 19 
2019611628 0 0 0 0 531 515 414 380 295 496 15 12 20 
2022090814 0 0 0 0 535 513 411 380 299 494 15 11 20 
2024608938 0 0 0 0 538 512 414 379 301 493 15 11 19 
2027128824 0 0 0 0 542 510 416 378 304 494 14 11 19 
2029608010 0 0 0 0 543 511 416 381 305 491 14 11 19 
2032126414 0 0 0 0 545 510 418 383 308 489 15 11 20 
2034642820 0 0 0 0 546 511 418 386 310 487 15 11 19 
2037122006 0 0 0 0 546 512 418 387 310 487 15 12 19 
2039639080 0 0 0 0 548 514 417 385 307 487 15 12 19 
2042157616 0 0 0 0 552 514 418 382 308 489 15 12 20 
2044637126 0 0 0 0 554 514 418 381 311 490 15 12 20 
2047154400 0 0 0 0 557 513 419 379 318 489 14 12 19 
2049672010 0 0 0 0 558 512 420 380 327 486 15 12 19 
2052148810 0 0 0 0 552 512 419 379 331 484 15 12 19 
2054668402 0 0 0 0 549 513 418 379 330 484 15 14 19 
2057186806 0 0 0 0 549 512 417 377 328 485 14 13 19 
2059665606 0 0 0 0 550 510 417 378 333 484 14 13 19 
2062183998 0 0 0 0 550 508 418 378 337 484 15 14 19 
2064701996 0 0 0 0 546 508 417 380 341 482 15 14 19 
2067183594 0 0 0 0 542 510 416 383 340 482 15 13 19 
2069701200 0 0 0 0 541 510 415 386 339 481 16 13 19 
2072218392 0 0 0 0 538 513 413 387 342 481 15 13 19 
2074696796 0 0 0 0 536 514 413 384 340 483 15 13 19 
2077213882 0 0 0 0 534 517 410 380 340 485 15 13 20 
2079733194 0 0 0 0 532 516 409 375 340 487 14 13 19 
2082213336 0 0 0 0 530 516 407 371 339 488 14 14 19 
2084730784 0 0 0 0 528 513 405 368 341 486 13 14 18 
2087249582 0 0 0 0 526 507 408 365 338 486 14 14 19 
2089728632 0 0 0 0 521 506 405 363 337 488 14 14 19 
2092247986 0 0 0 0 520 503 407 365 338 489 15 14 20 
2094765584 0 0 0 0 520 502 408 368 337 490 15 14 20 
2097243976 0 0 0 0 518 499 410 371 338 490 13 13 19 
2099761176 0 0 0 0 517 497 410 373 341 492 13 12 19 
2102239968 0 0 0 0 515 497 410 376 343 494 15 12 19 
2104756772 0 0 0 0 510 496 410 375 346 496 14 15 20 
2107275976 0 0 0 0 506 496 408 377 344 495 15 13 19 
2109756776 0 0 0 0 499 494 406 378 339 493 15 13 19 
2112272362 0 0 0 0 498 494 406 380 330 491 15 13 19 
2114789966 0 0 0 0 499 492 402 380 325 489 14 13 20 
2117306446 0 0 0 0 500 492 404 383 323 487 14 13 20 
2119784756 0 0 0 0 500 492 404 384 321 486 15 11 19 
2122302762 0 0 0 0 502 493 405 385 321 487 15 12 19 
2124782760 0 0 0 0 502 496 405 383 322 488 15 12 19 
2127300752 0 0 0 0 502 495 405 379 320 486 14 13 20 
2129817964 0 0 0 0 504 496 404 375 320 485 15 11 19 
2132297962 0 0 0 0 505 495 404 368 322 484 13 11 19 
2134815822 0 0 0 0 506 492 404 360 324 484 13 12 19 
2137331846 0 0 0 0 506 487 406 354 327 485 13 13 19 
2139850352 0 0 0 0 504 487 407 350 331 486 13 13 19 
2142328750 0 0 0 0 502 481 409 348 329 486 14 13 19 
2144845342 0 0 0 0 502 476 409 348 327 486 14 13 19 
2147363140 0 0 0 0 501 471 411 347 326 487 14 13 20 
2358296 0 0 0 0 501 467 413 348 327 489 14 13 20 
4877896 0 0 0 0 500 461 416 348 329 490 14 13 19 
7394776 0 0 0 0 498 457 416 351 327 489 14 13 19 
9873892 0 0 0 0 496 452 418 352 327 488 13 13 19 
12390698 0 0 0 0 496 448 421 354 326 486 13 13 20 
14869096 0 0 0 0 495 445 423 356 323 484 13 13 19 
17386282 0 0 0 0 496 443 422 360 323 482 13 11 19 
19903892 0 0 0 0 497 439 424 361 326 480 13 13 19 
22420284 0 0 0 0 497 437 427 358 324 480 14 13 19 
24899484 0 0 0 0 499 434 429 355 322 481 14 12 19 
27418282 0 0 0 0 500 432 428 354 327 483 14 13 19 
29935080 0 0 0 0 499 427 435 352 329 487 14 13 20 
32415078 0 0 0 0 498 428 434 354 326 487 14 13 20 
34930270 0 0 0 0 498 423 437 356 328 487 14 13 19 
37448276 0 0 0 0 498 420 442 360 324 487 14 13 19 
39925874 0 0 0 0 498 418 442 366 321 487 14 11 19 
42442678 0 0 0 0 500 416 442 372 327 487 13 13 20 
44959878 0 0 0 0 498 416 446 378 323 487 15 13 19 
47437476 0 0 0 0 498 415 443 383 319 488 15 13 19 
49955862 0 0 0 0 501 417 441 386 323 491 15 11 19 
52471866 0 0 0 0 498 417 444 388 324 492 15 12 20 
54950546 0 0 0 0 498 420 442 387 320 491 15 11 20 
57467864 0 0 0 0 499 420 442 385 322 492 15 12 19 
59988268 0 0 0 0 498 420 442 383 321 490 15 13 19 
62468660 0 0 0 0 498 419 441 381 322 489 15 13 19 
64984658 0 0 0 0 499 417 443 383 323 490 14 11 20 
67503464 0 0 0 0 498 419 442 384 322 491 15 12 19 
69982262 0 0 0 0 497 419 441 388 320 492 15 12 19 
72500948 0 0 0 0 497 419 441 392 318 492 15 13 19 
75016258 0 0 0 0 498 421 441 397 317 494 15 11 20 
77493714 0 0 0 0 498 422 439 399 316 494 15 11 20 
80012744 0 0 0 0 499 424 437 400 320 495 15 12 19 
82530242 0 0 0 0 498 427 436 400 321 495 15 13 19 
85006652 0 0 0 0 498 428 434 397 320 494 15 13 19 
87525052 0 0 0 0 497 431 431 395 319 492 15 11 20 
90040650 0 0 0 0 497 432 430 392 319 492 15 12 19 
92517442 0 0 0 0 496 432 429 390 320 491 15 12 19 
95035440 0 0 0 0 499 433 429 388 320 490 15 13 19 
97555832 0 0 0 0 499 431 429 388 319 489 15 11 20 
100033830 0 0 0 0 498 433 428 391 319 489 15 11 20 
102550236 0 0 0 0 499 432 428 394 318 489 15 12 19 
105068634 0 0 0 0 500 434 429 398 315 491 15 13 19 
107547470 0 0 0 0 501 435 428 405 317 492 15 13 19 
110065836 0 0 0 0 500 439 425 410 316 494 15 11 20 
112583428 0 0 0 0 501 443 423 414 317 497 16 12 19 
115063028 0 0 0 0 502 448 422 416 319 497 16 12 19 
117580632 0 0 0 0 502 451 417 415 320 499 16 13 19 
120095030 0 0 0 0 502 453 416 413 320 502 16 11 20 
122610622 0 0 0 0 503 458 414 411 318 503 16 12 19 
125087028 0 0 0 0 500 464 412 409 317 501 15 12 19 
127605820 0 0 0 0 500 470 407 407 319 499 15 13 19 
130121012 0 0 0 0 496 474 410 403 320 497 15 11 20 
132598692 0 0 0 0 499 475 414 397 318 495 15 11 20 
135117008 0 0 0 0 501 473 416 389 312 491 15 12 19 
137632614 0 0 0 0 505 473 409 386 315 487 15 12 19 
140111198 0 0 0 0 492 475 400 390 329 484 15 13 19 
142630692 0 0 0 0 497 468 418 386 325 486 15 13 19 
145147808 0 0 0 0 496 468 405 381 318 489 15 12 19 
147627800 0 0 0 0 499 470 409 385 329 488 15 13 19 
150147012 0 0 0 0 502 471 411 386 329 485 15 13 19 
152663398 0 0 0 0 500 474 409 386 326 483 15 13 19 
155141402 0 0 0 0 504 476 409 387 324 482 15 13 19 
157656194 0 0 0 0 504 476 407 388 325 483 15 13 19 
160174998 0 0 0 0 503 478 408 389 323 485 15 13 18 
162653004 0 0 0 0 503 480 407 390 323 487 15 11 19 
165170196 0 0 0 0 502 478 407 390 320 489 15 12 19 
167688194 0 0 0 0 501 480 407 390 320 491 15 13 20 
170167792 0 0 0 0 503 481 407 391 316 490 15 13 20 
172686060 0 0 0 0 502 482 406 391 318 492 15 11 19 
175204858 0 0 0 0 504 481 407 388 320 495 15 11 19 
177682588 0 0 0 0 504 482 408 386 322 496 15 12 19 
180204180 0 0 0 0 504 483 410 387 321 492 15 13 20 
182682990 0 0 0 0 506 484 408 388 320 489 15 13 20 
185202858 0 0 0 0 504 483 408 386 324 491 15 13 19 
187720588 0 0 0 0 503 486 407 385 321 493 15 13 19 
190198980 0 0 0 0 502 485 407 387 321 493 15 13 19 
192718184 0 0 0 0 502 486 408 388 324 495 15 12 20 
195234170 0 0 0 0 502 486 408 386 323 497 15 11 19 
197712574 0 0 0 0 503 487 408 387 324 496 15 14 19 
200231372 0 0 0 0 503 487 407 387 325 494 15 13 19 
202748172 0 0 0 0 500 489 405 387 327 495 15 13 20 
205228564 0 0 0 0 498 489 408 384 326 495 14 13 20 
207747762 0 0 0 0 500 489 408 382 323 496 15 13 19 
210264972 0 0 0 0 497 488 407 383 326 496 15 13 19 
212744170 0 0 0 0 498 486 409 381 326 495 15 13 19 
215262562 0 0 0 0 496 487 408 382 324 493 14 13 20 
217779762 0 0 0 0 496 485 409 384 323 489 15 12 19 
220257354 0 0 0 0 498 485 409 385 323 489 15 12 19 
222775758 0 0 0 0 496 485 407 387 325 490 15 13 19 
225293844 0 0 0 0 495 486 407 389 323 490 15 11 20 
227770954 0 0 0 0 497 489 405 390 320 489 15 13 20 
230289746 0 0 0 0 498 488 403 390 320 487 15 11 19 
232809358 0 0 0 0 496 490 404 388 321 488 15 12 19 
235286950 0 0 0 0 497 491 406 386 317 487 15 12 19 
237804142 0 0 0 0 501 492 407 385 318 486 14 13 20 
240320952 0 0 0 0 502 493 407 387 319 484 15 11 19 
242798544 0 0 0 0 500 493 407 389 320 485 15 11 19 
245316142 0 0 0 0 500 494 408 393 320 485 15 12 20 
247832548 0 0 0 0 500 493 409 397 317 487 15 13 19 
250309340 0 0 0 0 503 494 409 399 315 489 15 13 19 
252825344 0 0 0 0 504 497 407 403 318 491 15 11 19 
255344018 0 0 0 0 505 502 409 408 319 490 15 12 20 
257819340 0 0 0 0 505 504 408 412 317 491 16 12 20 
260337334 0 0 0 0 507 509 408 414 319 491 16 13 19 
262856538 0 0 0 0 506 513 409 413 320 493 16 11 19 
265336536 0 0 0 0 508 517 409 412 319 495 16 11 19 
267855734 0 0 0 0 508 522 407 413 323 494 16 12 20 
