3605914 1 2 3 4 5 6 7 8 9 10 11 12 13 
3605964 1 2 3 4 5 6 7 8 9 10 11 12 13 
3606014 1 2 3 4 5 6 7 8 9 10 11 12 13 
3606064 1 2 3 4 5 6 7 8 9 10 11 12 13 
3606115 1 2 3 4 5 6 7 8 9 10 11 12 13 
3606165 1 2 3 4 5 6 7 8 9 10 11 12 13 
3606215 1 2 3 4 5 6 7 8 9 10 11 12 13 
3606265 1 2 3 4 5 6 7 8 9 10 11 12 13 
3606315 1 2 3 4 5 6 7 8 9 10 11 12 13 
3606365 1 2 3 4 5 6 7 8 9 10 11 12 13 
3606415 1 2 3 4 5 6 7 8 9 10 11 12 13 
3606466 1 2 3 4 5 6 7 8 9 10 11 12 13 
3606516 1 2 3 4 5 6 7 8 9 10 11 12 13 
3606567 1 2 3 4 5 6 7 8 9 10 11 12 13 
3606617 1 2 3 4 5 6 7 8 9 10 11 12 13 
3606668 1 2 3 4 5 6 7 8 9 10 11 12 13 
3606718 1 2 3 4 5 6 7 8 9 10 11 12 13 
3606768 1 2 3 4 5 6 7 8 9 10 11 12 13 
3606819 1 2 3 4 5 6 7 8 9 10 11 12 13 
3606869 1 2 3 4 5 6 7 8 9 10 11 12 13 
3606919 1 2 3 4 5 6 7 8 9 10 11 12 13 
3606969 1 2 3 4 5 6 7 8 9 10 11 12 13 
3607019 1 2 3 4 5 6 7 8 9 10 11 12 13 
3607069 1 2 3 4 5 6 7 8 9 10 11 12 13 
3607119 1 2 3 4 5 6 7 8 9 10 11 12 13 
3607169 1 2 3 4 5 6 7 8 9 10 11 12 13 
3607219 1 2 3 4 5 6 7 8 9 10 11 12 13 
3607269 1 2 3 4 5 6 7 8 9 10 11 12 13 
3607319 1 2 3 4 5 6 7 8 9 10 11 12 13 
3607370 1 2 3 4 5 6 7 8 9 10 11 12 13 
3607420 1 2 3 4 5 6 7 8 9 10 11 12 13 
3607470 1 2 3 4 5 6 7 8 9 10 11 12 13 
3607520 1 2 3 4 5 6 7 8 9 10 11 12 13 
3607570 1 2 3 4 5 6 7 8 9 10 11 12 13 
3607620 1 2 3 4 5 6 7 8 9 10 11 12 13 
3607670 1 2 3 4 5 6 7 8 9 10 11 12 13 
3607720 1 2 3 4 5 6 7 8 9 10 11 12 13 
3607770 1 2 3 4 5 6 7 8 9 10 11 12 13 
3607820 1 2 3 4 5 6 7 8 9 10 11 12 13 
3607871 1 2 3 4 5 6 7 8 9 10 11 12 13 
3607921 1 2 3 4 5 6 7 8 9 10 11 12 13 
3607971 1 2 3 4 5 6 7 8 9 10 11 12 13 
3608021 1 2 3 4 5 6 7 8 9 10 11 12 13 
3608071 1 2 3 4 5 6 7 8 9 10 11 12 13 
3608121 1 2 3 4 5 6 7 8 9 10 11 12 13 
3608171 1 2 3 4 5 6 7 8 9 10 11 12 13 
3608221 1 2 3 4 5 6 7 8 9 10 11 12 13 
3608271 1 2 3 4 5 6 7 8 9 10 11 12 13 
3608321 1 2 3 4 5 6 7 8 9 10 11 12 13 
3608371 1 2 3 4 5 6 7 8 9 10 11 12 13 
3608422 1 2 3 4 5 6 7 8 9 10 11 12 13 
3608472 1 2 3 4 5 6 7 8 9 10 11 12 13 
3608522 1 2 3 4 5 6 7 8 9 10 11 12 13 
3608572 1 2 3 4 5 6 7 8 9 10 11 12 13 
3608622 1 2 3 4 5 6 7 8 9 10 11 12 13 
3608672 1 2 3 4 5 6 7 8 9 10 11 12 13 
3608722 1 2 3 4 5 6 7 8 9 10 11 12 13 
3608772 1 2 3 4 5 6 7 8 9 10 11 12 13 
3608822 1 2 3 4 5 6 7 8 9 10 11 12 13 
3608872 1 2 3 4 5 6 7 8 9 10 11 12 13 
3608923 1 2 3 4 5 6 7 8 9 10 11 12 13 
3608973 1 2 3 4 5 6 7 8 9 10 11 12 13 
3609023 1 2 3 4 5 6 7 8 9 10 11 12 13 
3609073 1 2 3 4 5 6 7 8 9 10 11 12 13 
3609123 1 2 3 4 5 6 7 8 9 10 11 12 13 
3609173 1 2 3 4 5 6 7 8 9 10 11 12 13 
3609223 1 2 3 4 5 6 7 8 9 10 11 12 13 
3609273 1 2 3 4 5 6 7 8 9 10 11 12 13 
3609323 1 2 3 4 5 6 7 8 9 10 11 12 13 
3609373 1 2 3 4 5 6 7 8 9 10 11 12 13 
3609423 1 2 3 4 5 6 7 8 9 10 11 12 13 
3609473 1 2 3 4 5 6 7 8 9 10 11 12 13 
3609524 1 2 3 4 5 6 7 8 9 10 11 12 13 
3609574 1 2 3 4 5 6 7 8 9 10 11 12 13 
3609624 1 2 3 4 5 6 7 8 9 10 11 12 13 
3609674 1 2 3 4 5 6 7 8 9 10 11 12 13 
3609725 1 2 3 4 5 6 7 8 9 10 11 12 13 
3609776 1 2 3 4 5 6 7 8 9 10 11 12 13 
3609826 1 2 3 4 5 6 7 8 9 10 11 12 13 
3609876 1 2 3 4 5 6 7 8 9 10 11 12 13 
3609926 1 2 3 4 5 6 7 8 9 10 11 12 13 
3609976 1 2 3 4 5 6 7 8 9 10 11 12 13 
3610026 1 2 3 4 5 6 7 8 9 10 11 12 13 
3610076 1 2 3 4 5 6 7 8 9 10 11 12 13 
3610127 1 2 3 4 5 6 7 8 9 10 11 12 13 
3610177 1 2 3 4 5 6 7 8 9 10 11 12 13 
3610227 1 2 3 4 5 6 7 8 9 10 11 12 13 
3610277 1 2 3 4 5 6 7 8 9 10 11 12 13 
3610327 1 2 3 4 5 6 7 8 9 10 11 12 13 
3610377 1 2 3 4 5 6 7 8 9 10 11 12 13 
3610427 1 2 3 4 5 6 7 8 9 10 11 12 13 
3610478 1 2 3 4 5 6 7 8 9 10 11 12 13 
3610528 1 2 3 4 5 6 7 8 9 10 11 12 13 
3610578 1 2 3 4 5 6 7 8 9 10 11 12 13 
3610628 1 2 3 4 5 6 7 8 9 10 11 12 13 
3610678 1 2 3 4 5 6 7 8 9 10 11 12 13 
3610728 1 2 3 4 5 6 7 8 9 10 11 12 13 
3610778 1 2 3 4 5 6 7 8 9 10 11 12 13 
3610829 1 2 3 4 5 6 7 8 9 10 11 12 13 
3610881 1 2 3 4 5 6 7 8 9 10 11 12 13 
3610932 1 2 3 4 5 6 7 8 9 10 11 12 13 
3610982 1 2 3 4 5 6 7 8 9 10 11 12 13 
3611032 1 2 3 4 5 6 7 8 9 10 11 12 13 
3611082 1 2 3 4 5 6 7 8 9 10 11 12 13 
3611132 1 2 3 4 5 6 7 8 9 10 11 12 13 
3611182 1 2 3 4 5 6 7 8 9 10 11 12 13 
3611232 1 2 3 4 5 6 7 8 9 10 11 12 13 
3611282 1 2 3 4 5 6 7 8 9 10 11 12 13 
3611332 1 2 3 4 5 6 7 8 9 10 11 12 13 
3611382 1 2 3 4 5 6 7 8 9 10 11 12 13 
3611432 1 2 3 4 5 6 7 8 9 10 11 12 13 
3611483 1 2 3 4 5 6 7 8 9 10 11 12 13 
3611533 1 2 3 4 5 6 7 8 9 10 11 12 13 
3611583 1 2 3 4 5 6 7 8 9 10 11 12 13 
3611633 1 2 3 4 5 6 7 8 9 10 11 12 13 
3611683 1 2 3 4 5 6 7 8 9 10 11 12 13 
3611733 1 2 3 4 5 6 7 8 9 10 11 12 13 
3611783 1 2 3 4 5 6 7 8 9 10 11 12 13 
3611833 1 2 3 4 5 6 7 8 9 10 11 12 13 
3611883 1 2 3 4 5 6 7 8 9 10 11 12 13 
3611934 1 2 3 4 5 6 7 8 9 10 11 12 13 
3611984 1 2 3 4 5 6 7 8 9 10 11 12 13 
3612034 1 2 3 4 5 6 7 8 9 10 11 12 13 
3612084 1 2 3 4 5 6 7 8 9 10 11 12 13 
3612134 1 2 3 4 5 6 7 8 9 10 11 12 13 
3612184 1 2 3 4 5 6 7 8 9 10 11 12 13 
3612234 1 2 3 4 5 6 7 8 9 10 11 12 13 
3612284 1 2 3 4 5 6 7 8 9 10 11 12 13 
3612334 1 2 3 4 5 6 7 8 9 10 11 12 13 
3612385 1 2 3 4 5 6 7 8 9 10 11 12 13 
3612435 1 2 3 4 5 6 7 8 9 10 11 12 13 
3612485 1 2 3 4 5 6 7 8 9 10 11 12 13 
3612535 1 2 3 4 5 6 7 8 9 10 11 12 13 
3612585 1 2 3 4 5 6 7 8 9 10 11 12 13 
3612635 1 2 3 4 5 6 7 8 9 10 11 12 13 
3612685 1 2 3 4 5 6 7 8 9 10 11 12 13 
3612735 1 2 3 4 5 6 7 8 9 10 11 12 13 
3612785 1 2 3 4 5 6 7 8 9 10 11 12 13 
3612835 1 2 3 4 5 6 7 8 9 10 11 12 13 
3612885 1 2 3 4 5 6 7 8 9 10 11 12 13 
3612936 1 2 3 4 5 6 7 8 9 10 11 12 13 
3612986 1 2 3 4 5 6 7 8 9 10 11 12 13 
3613036 1 2 3 4 5 6 7 8 9 10 11 12 13 
3613086 1 2 3 4 5 6 7 8 9 10 11 12 13 
3613141 1 2 3 4 5 6 7 8 9 10 11 12 13 
3613192 1 2 3 4 5 6 7 8 9 10 11 12 13 
3613242 1 2 3 4 5 6 7 8 9 10 11 12 13 
3613292 1 2 3 4 5 6 7 8 9 10 11 12 13 
3613342 1 2 3 4 5 6 7 8 9 10 11 12 13 
3613392 1 2 3 4 5 6 7 8 9 10 11 12 13 
3613442 1 2 3 4 5 6 7 8 9 10 11 12 13 
3613492 1 2 3 4 5 6 7 8 9 10 11 12 13 
3613542 1 2 3 4 5 6 7 8 9 10 11 12 13 
3613592 1 2 3 4 5 6 7 8 9 10 11 12 13 
3613642 1 2 3 4 5 6 7 8 9 10 11 12 13 
3613693 1 2 3 4 5 6 7 8 9 10 11 12 13 
3613743 1 2 3 4 5 6 7 8 9 10 11 12 13 
3613793 1 2 3 4 5 6 7 8 9 10 11 12 13 
3613843 1 2 3 4 5 6 7 8 9 10 11 12 13 
3613893 1 2 3 4 5 6 7 8 9 10 11 12 13 
3613943 1 2 3 4 5 6 7 8 9 10 11 12 13 
3613993 1 2 3 4 5 6 7 8 9 10 11 12 13 
3614043 1 2 3 4 5 6 7 8 9 10 11 12 13 
3614093 1 2 3 4 5 6 7 8 9 10 11 12 13 
3614143 1 2 3 4 5 6 7 8 9 10 11 12 13 
3614194 1 2 3 4 5 6 7 8 9 10 11 12 13 
3614244 1 2 3 4 5 6 7 8 9 10 11 12 13 
3614294 1 2 3 4 5 6 7 8 9 10 11 12 13 
3614344 1 2 3 4 5 6 7 8 9 10 11 12 13 
3614394 1 2 3 4 5 6 7 8 9 10 11 12 13 
3614444 1 2 3 4 5 6 7 8 9 10 11 12 13 
3614494 1 2 3 4 5 6 7 8 9 10 11 12 13 
3614544 1 2 3 4 5 6 7 8 9 10 11 12 13 
3614594 1 2 3 4 5 6 7 8 9 10 11 12 13 
3614644 1 2 3 4 5 6 7 8 9 10 11 12 13 
3614694 1 2 3 4 5 6 7 8 9 10 11 12 13 
3614745 1 2 3 4 5 6 7 8 9 10 11 12 13 
3614794 1 2 3 4 5 6 7 8 9 10 11 12 13 
3614845 1 2 3 4 5 6 7 8 9 10 11 12 13 
3614895 1 2 3 4 5 6 7 8 9 10 11 12 13 
3614945 1 2 3 4 5 6 7 8 9 10 11 12 13 
3614995 1 2 3 4 5 6 7 8 9 10 11 12 13 
3615045 1 2 3 4 5 6 7 8 9 10 11 12 13 
3615095 1 2 3 4 5 6 7 8 9 10 11 12 13 
3615145 1 2 3 4 5 6 7 8 9 10 11 12 13 
3615195 1 2 3 4 5 6 7 8 9 10 11 12 13 
3615245 1 2 3 4 5 6 7 8 9 10 11 12 13 
3615295 1 2 3 4 5 6 7 8 9 10 11 12 13 
3615346 1 2 3 4 5 6 7 8 9 10 11 12 13 
3615396 1 2 3 4 5 6 7 8 9 10 11 12 13 
3615446 1 2 3 4 5 6 7 8 9 10 11 12 13 
3615496 1 2 3 4 5 6 7 8 9 10 11 12 13 
3615546 1 2 3 4 5 6 7 8 9 10 11 12 13 
3615596 1 2 3 4 5 6 7 8 9 10 11 12 13 
3615646 1 2 3 4 5 6 7 8 9 10 11 12 13 
3615697 1 2 3 4 5 6 7 8 9 10 11 12 13 
3615747 1 2 3 4 5 6 7 8 9 10 11 12 13 
3615797 1 2 3 4 5 6 7 8 9 10 11 12 13 
3615847 1 2 3 4 5 6 7 8 9 10 11 12 13 
3615897 1 2 3 4 5 6 7 8 9 10 11 12 13 
3615947 1 2 3 4 5 6 7 8 9 10 11 12 13 
3615997 1 2 3 4 5 6 7 8 9 10 11 12 13 
3616047 1 2 3 4 5 6 8 2560 3072 
