285247 0 0 0 0 0 0 0 0 0 0 2808 -32436 475 
285297 0 0 0 0 0 0 0 0 0 0 2808 -32436 475 
285347 0 0 0 0 0 0 0 0 0 0 2808 -32436 475 
285397 0 0 0 0 0 0 0 0 0 0 2808 -32436 475 
285447 0 0 0 0 0 0 0 0 0 0 2808 -32436 475 
285498 0 0 0 0 0 0 0 0 0 0 2808 -32436 475 
285548 0 0 0 0 0 0 0 0 0 0 2808 -32436 475 
285598 0 0 0 0 0 0 0 0 0 0 2808 -32436 475 
285648 0 0 0 0 0 0 0 0 0 0 2808 -32436 475 
285698 0 0 0 0 0 0 0 0 0 0 2808 -32436 475 
285748 0 0 0 0 0 0 0 0 0 0 2808 -32436 475 
285798 0 0 0 0 0 0 0 0 0 0 2808 -32436 475 
285848 0 0 0 0 0 0 0 0 0 0 2808 -32436 475 
285898 0 0 0 0 0 0 0 0 0 0 2808 -32436 475 
285949 0 0 0 0 0 0 0 0 0 0 2808 -32436 475 
285999 0 0 0 0 0 0 0 0 0 0 2808 -32436 475 
286049 0 0 0 0 0 0 0 0 0 0 2808 -32436 475 
286099 0 0 0 0 0 0 0 0 0 0 2808 -32436 475 
286149 0 0 0 0 0 0 0 0 0 0 2808 -32436 475 
286199 0 0 0 0 0 0 0 0 0 0 2808 -32436 475 
286249 0 0 0 0 0 0 0 0 0 0 2808 -32436 475 
286299 0 0 0 0 0 0 0 0 0 0 2808 -32436 475 
286349 0 0 0 0 0 0 0 0 0 0 2808 -32436 475 
286399 0 0 0 0 0 0 0 0 0 0 2808 -32436 475 
286449 0 0 0 0 0 0 0 0 0 0 2808 -32436 475 
286500 0 0 0 0 0 0 0 0 0 0 2808 -32436 475 
286550 0 0 0 0 0 0 0 0 0 0 2808 -32436 475 
286600 0 0 0 0 0 0 0 0 0 0 2808 -32436 475 
286650 0 0 0 0 0 0 0 0 0 0 2808 -32436 475 
286700 0 0 0 0 0 0 0 0 0 0 2808 -32436 475 
286750 0 0 0 0 0 0 0 0 0 0 2808 -32436 475 
286800 0 0 0 0 0 0 0 0 0 0 2808 -32436 475 
286850 0 0 0 0 0 0 0 0 0 0 2808 -32436 475 
286900 0 0 0 0 0 0 0 0 0 0 2808 -32436 475 
286951 0 0 0 0 0 0 0 0 0 0 2808 -32436 475 
287001 0 0 0 0 0 0 0 0 0 0 2808 -32436 475 
287051 0 0 0 0 0 0 0 0 0 0 2808 -32436 475 
287101 0 0 0 0 0 0 0 0 0 0 2808 -32436 475 
287151 0 0 0 0 0 0 0 0 0 0 2808 -32436 475 
287201 0 0 0 0 0 0 0 0 0 0 2808 -32436 475 
287251 0 0 0 0 0 0 0 0 0 0 2808 -32436 475 
287301 0 0 0 0 0 0 0 0 0 0 2808 -32436 475 
287351 0 0 0 0 0 0 0 0 0 0 2808 -32436 475 
287401 0 0 0 0 0 0 0 0 0 0 2808 -32436 475 
287451 0 0 0 0 0 0 0 0 0 0 2808 -32436 475 
287501 0 0 0 0 0 0 0 0 0 0 2808 -32436 475 
287552 0 0 0 0 0 0 0 0 0 0 2808 -32436 475 
287602 0 0 0 0 0 0 0 0 0 0 2808 -32436 475 
287652 0 0 0 0 0 0 0 0 0 0 2808 -32436 475 
287702 0 0 0 0 0 0 0 0 0 0 2808 -32436 475 
287752 0 0 0 0 0 0 0 0 0 0 2808 -32436 475 
287802 0 0 0 0 0 0 0 0 0 0 2808 -32436 475 
287852 0 0 0 0 0 0 0 0 0 0 2808 -32436 475 
287902 0 0 0 0 0 0 0 0 0 0 2808 -32436 475 
287952 0 0 0 0 0 0 0 0 0 0 2808 -32436 475 
288002 0 0 0 0 0 0 0 0 0 0 2808 -32436 475 
288052 0 0 0 0 0 0 0 0 0 0 2808 -32436 475 
288103 0 0 0 0 0 0 0 0 0 0 2808 -32436 475 
288153 0 0 0 0 0 0 0 0 0 0 2808 -32436 475 
288203 0 0 0 0 0 0 0 0 0 0 2808 -32436 475 
288253 0 0 0 0 0 0 0 0 0 0 2808 -32436 475 
288303 0 0 0 0 0 0 0 0 0 0 2808 -32436 475 
288353 0 0 0 0 0 0 0 0 0 0 2808 -32436 475 
288403 0 0 0 0 0 0 0 0 0 0 2808 -32436 475 
288453 0 0 0 0 0 0 0 0 0 0 2808 -32436 475 
288508 0 0 0 0 0 0 0 0 0 0 2808 -32436 475 
288558 0 0 0 0 0 0 0 0 0 0 2808 -32436 475 
288608 0 0 0 0 0 0 0 0 0 0 2808 -32436 475 
288658 0 0 0 0 0 0 0 0 0 0 2808 -32436 475 
288708 0 0 0 0 0 0 0 0 0 0 2808 -32436 475 
288759 0 0 0 0 0 0 0 0 0 0 2808 -32436 475 
288809 0 0 0 0 0 0 0 0 0 0 2808 -32436 475 
288859 0 0 0 0 0 0 0 0 0 0 2808 -32436 475 
288909 0 0 0 0 0 0 0 0 0 0 2808 -32436 475 
288959 0 0 0 0 0 0 0 0 0 0 2808 -32436 475 
289009 0 0 0 0 0 0 0 0 0 0 2808 -32436 475 
289059 0 0 0 0 0 0 0 0 0 0 2808 -32436 475 
289109 0 0 0 0 0 0 0 0 0 0 2808 -32436 475 
289159 0 0 0 0 0 0 0 0 0 0 2808 -32436 475 
289209 0 0 0 0 0 0 0 0 0 0 2808 -32436 475 
289259 0 0 0 0 0 0 0 0 0 0 2808 -32436 475 
289310 0 0 0 0 0 0 0 0 0 0 2808 -32436 475 
289360 0 0 0 0 0 0 0 0 0 0 2808 -32436 475 
289410 0 0 0 0 0 0 0 0 0 0 2808 -32436 475 
289460 0 0 0 0 0 0 0 0 0 0 2808 -32436 475 
289510 0 0 0 0 0 0 0 0 0 0 2808 -32436 475 
289560 0 0 0 0 0 0 0 0 0 0 2808 -32436 475 
289610 0 0 0 0 0 0 0 0 0 0 2808 -32436 475 
289660 0 0 0 0 0 0 0 0 0 0 2808 -32436 475 
289710 0 0 0 0 0 0 0 0 0 0 2808 -32436 475 
289760 0 0 0 0 0 0 0 0 0 0 2808 -32436 475 
289810 0 0 0 0 0 0 0 0 0 0 2808 -32436 475 
289861 0 0 0 0 0 0 0 0 0 0 2808 -32436 475 
289911 0 0 0 0 0 0 0 0 0 0 2808 -32436 475 
289961 0 0 0 0 0 0 0 0 0 0 2808 -32436 475 
290011 0 0 0 0 0 0 0 0 0 0 2808 -32436 475 
290061 0 0 0 0 0 0 0 0 0 0 2808 -32436 475 
290111 0 0 0 0 0 0 0 0 0 0 2808 -32436 475 
290161 0 0 0 0 0 0 0 0 0 0 2808 -32436 475 
290211 0 0 0 0 0 0 0 0 0 0 2808 -32436 475 
290261 0 0 0 0 0 0 0 0 0 0 2808 -32436 475 
290311 0 0 0 0 0 0 0 0 0 0 2808 -32436 475 
290361 0 0 0 0 0 0 0 0 0 0 2808 -32436 475 
290411 0 0 0 0 0 0 0 0 0 0 2808 -32436 475 
290462 0 0 0 0 0 0 0 0 0 0 2808 -32436 475 
290512 0 0 0 0 0 0 0 0 0 0 2808 -32436 475 
290562 0 0 0 0 0 0 0 0 0 0 2808 -32436 475 
290612 0 0 0 0 0 0 0 0 0 0 2808 -32436 475 
290662 0 0 0 0 0 0 0 0 0 0 2808 -32436 475 
290712 0 0 0 0 0 0 0 0 0 0 2808 -32436 475 
290762 0 0 0 0 0 0 0 0 0 0 2808 -32436 475 
290812 0 0 0 0 0 0 0 0 0 0 2808 -32436 475 
290862 0 0 0 0 0 0 0 0 0 0 2808 -32436 475 
290912 0 0 0 0 0 0 0 0 0 0 2808 -32436 475 
290963 0 0 0 0 0 0 0 0 0 0 2808 -32436 475 
291013 0 0 0 0 0 0 0 0 0 0 2808 -32436 475 
291063 0 0 0 0 0 0 0 0 0 0 2808 -32436 475 
291113 0 0 0 0 0 0 0 0 0 0 2808 -32436 475 
291163 0 0 0 0 0 0 0 0 0 0 2808 -32436 475 
291213 0 0 0 0 0 0 0 0 0 0 2808 -32436 475 
291263 0 0 0 0 0 0 0 0 0 0 2808 -32436 475 
291313 0 0 0 0 0 0 0 0 0 0 2808 -32436 475 
291363 0 0 0 0 0 0 0 0 0 0 2808 -32436 475 
291413 0 0 0 0 0 0 0 0 0 0 2808 -32436 475 
291463 0 0 0 0 0 0 0 0 0 0 2808 -32436 475 
291514 0 0 0 0 0 0 0 0 0 0 2808 -32436 475 
291564 0 0 0 0 0 0 0 0 0 0 2808 -32436 475 
291614 0 0 0 0 0 0 0 0 0 0 2808 -32436 475 
291665 0 0 0 0 0 0 0 0 0 0 2808 -32436 475 
291716 0 0 0 0 0 0 0 0 0 0 2808 -32436 475 
291766 0 0 0 0 0 0 0 0 0 0 2808 -32436 475 
291816 0 0 0 0 0 0 0 0 0 0 2808 -32436 475 
291866 0 0 0 0 0 0 0 0 0 0 2808 -32436 475 
291916 0 0 0 0 0 0 0 0 0 0 2808 -32436 475 
291966 0 0 0 0 0 0 0 0 0 0 2808 -32436 475 
292016 0 0 0 0 0 0 0 0 0 0 2808 -32436 475 
292066 0 0 0 0 0 0 0 0 0 0 2808 -32436 475 
292120 0 0 0 0 0 0 0 0 0 0 2808 -32436 475 
292170 0 0 0 0 0 0 0 0 0 0 2808 -32436 475 
292220 0 0 0 0 0 0 0 0 0 0 2808 -32436 475 
292270 0 0 0 0 0 0 0 0 0 0 2808 -32436 475 
292321 0 0 0 0 0 0 0 0 0 0 2808 -32436 475 
292371 0 0 0 0 0 0 0 0 0 0 2808 -32436 475 
292421 0 0 0 0 0 0 0 0 0 0 2808 -32436 475 
292471 0 0 0 0 0 0 0 0 0 0 2808 -32436 475 
292521 0 0 0 0 0 0 0 0 0 0 2808 -32436 475 
292571 0 0 0 0 0 0 0 0 0 0 2808 -32436 475 
292621 0 0 0 0 0 0 0 0 0 0 2808 -32436 475 
292671 0 0 0 0 0 0 0 0 0 0 2808 -32436 475 
292721 0 0 0 0 0 0 0 0 0 0 2808 -32436 475 
292772 0 0 0 0 0 0 0 0 0 0 2808 -32436 475 
292822 0 0 0 0 0 0 0 0 0 0 2808 -32436 475 
292872 0 0 0 0 0 0 0 0 0 0 2808 -32436 475 
292922 0 0 0 0 0 0 0 0 0 0 2808 -32436 475 
292972 0 0 0 0 0 0 0 0 0 0 2808 -32436 475 
293022 0 0 0 0 0 0 0 0 0 0 2808 -32436 475 
293072 0 0 0 0 0 0 0 0 0 0 2808 -32436 475 
293123 0 0 0 0 0 0 0 0 0 0 2808 -32436 475 
293174 0 0 0 0 0 0 0 0 0 0 2808 -32436 475 
293224 0 0 0 0 0 0 0 0 0 0 2808 -32436 475 
293274 0 0 0 0 0 0 0 0 0 0 2808 -32436 475 
293324 0 0 0 0 0 0 0 0 0 0 2808 -32436 475 
293374 0 0 0 0 0 0 0 0 0 0 2808 -32436 475 
293424 0 0 0 0 0 0 0 0 0 0 2808 -32436 475 
293474 0 0 0 0 0 0 0 0 0 0 2808 -32436 475 
293524 0 0 0 0 0 0 0 0 0 0 2808 -32436 475 
293574 0 0 0 0 0 0 0 0 0 0 2808 -32436 475 
293624 0 0 0 0 0 0 0 0 0 0 2808 -32436 475 
293674 0 0 0 0 0 0 0 0 0 0 2808 -32436 475 
293724 0 0 0 0 0 0 0 0 0 0 2808 -32436 475 
293775 0 0 0 0 0 0 0 0 0 0 2808 -32436 475 
293825 0 0 0 0 0 0 0 0 0 0 2808 -32436 475 
293875 0 0 0 0 0 0 0 0 0 0 2808 -32436 475 
293925 0 0 0 0 0 0 0 0 0 0 2808 -32436 475 
293975 0 0 0 0 0 0 0 0 0 0 2808 -32436 475 
294025 0 0 0 0 0 0 0 0 0 0 2808 -32436 475 
294075 0 0 0 0 0 0 0 0 0 0 2808 -32436 475 
294125 0 0 0 0 0 0 0 0 0 0 2808 -32436 475 
294175 0 0 0 0 0 0 0 0 0 0 2808 -32436 475 
294228 0 0 0 0 0 0 0 0 0 0 2808 -32436 475 
294278 0 0 0 0 0 0 0 0 0 0 2808 -32436 475 
294328 0 0 0 0 0 0 0 0 0 0 2808 -32436 475 
294378 0 0 0 0 0 0 0 0 0 0 2808 -32436 475 
294429 0 0 0 0 0 0 0 0 0 0 2808 -32436 475 
294479 0 0 0 0 0 0 0 0 0 0 2808 -32436 475 
294529 0 0 0 0 0 0 0 0 0 0 2808 -32436 475 
294579 0 0 0 0 0 0 0 0 0 0 2808 -32436 475 
294629 0 0 0 0 0 0 0 0 0 0 2808 -32436 475 
294679 0 0 0 0 0 0 0 0 0 0 2808 -32436 475 
294729 0 0 0 0 0 0 0 0 0 0 2808 -32436 475 
294779 0 0 0 0 0 0 0 0 0 0 2808 -32436 475 
294829 0 0 0 0 0 0 0 0 0 0 2808 -32436 475 
294879 0 0 0 0 0 0 0 0 0 0 2808 -32436 475 
294929 0 0 0 0 0 0 0 0 0 0 2808 -32436 475 
294980 0 0 0 0 0 0 0 0 0 0 2808 -32436 475 
295030 0 0 0 0 0 0 0 0 0 0 2808 -32436 475 
295080 0 0 0 0 0 0 0 0 0 0 2808 -32436 475 
295130 0 0 0 0 0 0 0 0 0 0 2808 -32436 475 
295180 0 0 0 0 0 0 0 0 0 0 2808 -32436 475 
295230 0 0 0 0 0 0 0 0 0 0 0 0 0 0 0 0 0 0 0 0 0 0 0 0 0 0 0 0 0 0 0 0 0 0 0 0 0 0 0 0 0 0 0 0 0 0 0 0 0 0 
