1794299414 539 0 0 0 0 0 1 0 1 1 0 0 0 0 1 1 0 
1796778994 539 0 0 0 0 -1 1 1 1 1 1 0 0 0 1 1 1 
1797802180 539 0 0 0 0 0 1 1 1 1 0 0 0 0 1 1 0 
1799296984 539 0 0 0 0 0 0 2 1 1 0 0 0 0 1 1 0 
1800319372 539 0 0 0 0 0 1 1 1 1 0 0 0 0 1 1 0 
1801814964 539 0 0 0 0 -1 1 1 1 2 0 0 0 0 1 2 0 
1802837358 539 0 0 0 0 0 1 1 1 2 0 0 0 0 1 2 0 
1804292950 539 0 0 0 0 -1 1 1 1 2 0 0 0 0 1 2 0 
1805354194 539 0 0 0 0 -1 1 1 1 2 0 0 0 0 1 2 0 
1806809728 539 0 0 0 0 -1 2 0 1 1 0 0 0 0 1 1 0 
1809326514 539 0 0 0 0 -1 1 0 1 1 0 0 0 0 1 1 0 
1810508120 539 0 0 0 0 -1 1 1 1 1 0 0 0 0 1 1 0 
1811844512 539 0 0 0 0 -1 1 0 1 1 0 0 0 0 1 1 0 
1813024898 539 0 0 0 0 -1 2 1 1 1 1 0 0 0 1 1 0 
1814323696 539 0 0 0 0 -1 1 1 1 1 0 0 0 0 1 1 0 
1815541734 539 0 0 0 0 -1 1 1 1 1 1 0 0 0 1 1 0 
1816878876 539 0 0 0 0 -1 1 1 1 1 0 0 0 0 1 1 0 
1818059668 539 0 0 0 0 -1 1 1 1 1 0 0 0 0 1 1 0 
1819357260 539 0 0 0 0 -1 1 1 1 1 0 0 0 0 1 1 0 
1821837252 539 0 0 0 0 -1 1 1 1 1 0 0 0 0 1 1 0 
1823214044 539 0 0 0 0 -1 1 0 1 1 0 0 0 0 1 1 0 
1824354176 539 0 0 0 0 -1 1 1 1 2 0 0 0 0 1 1 0 
1825730418 539 0 0 0 0 -1 1 0 1 2 1 0 0 0 1 1 1 
1826869624 539 0 0 0 0 -1 2 0 1 1 1 0 0 0 1 1 1 
1828247602 539 0 0 0 0 -1 1 0 1 1 1 0 0 0 1 1 0 
1829349622 539 0 0 0 0 -1 1 0 1 1 0 0 0 0 0 1 0 
1830765200 539 0 0 0 0 -1 1 0 1 1 1 0 0 0 1 1 0 
1831865588 539 0 0 0 0 -1 1 1 1 1 0 0 0 0 1 1 0 
1834382780 539 0 0 0 0 -1 0 1 1 1 0 0 0 0 1 1 0 
1835957970 539 0 0 0 0 -1 0 1 1 1 0 0 0 0 1 1 0 
1836903558 539 0 0 0 0 0 0 2 1 1 0 0 0 0 1 1 0 
1838437156 539 0 0 0 0 -1 1 1 2 1 0 0 0 0 1 1 0 
1839379550 539 0 0 0 0 -1 1 1 2 2 0 0 0 0 1 2 0 
1840953940 539 0 0 0 0 -1 2 0 1 1 0 0 0 0 1 1 0 
1841897128 539 0 0 0 0 -1 2 1 1 1 1 0 0 0 1 1 0 
1843471808 539 0 0 0 0 0 1 1 1 1 0 0 0 0 1 1 0 
1844415264 539 0 0 0 0 -1 1 1 1 1 0 0 0 0 1 1 0 
1846894300 539 0 0 0 0 -1 2 0 1 2 0 0 0 0 1 1 0 
1848623890 539 0 0 0 0 -1 1 1 1 1 0 0 0 0 1 1 0 
1849409878 539 0 0 0 0 -1 1 1 1 1 0 0 0 0 1 1 0 
1851139874 539 0 0 0 0 -1 1 0 1 1 0 0 0 0 1 1 0 
1851926670 539 0 0 0 0 -1 1 1 1 1 0 0 0 0 1 1 0 
1853657866 539 0 0 0 0 -1 1 1 1 1 0 0 0 0 1 1 0 
1854445462 539 0 0 0 0 -1 1 0 1 1 0 0 0 0 1 1 0 
1856177044 539 0 0 0 0 -1 1 1 1 1 0 0 0 0 1 1 0 
1856924972 539 0 0 0 0 0 1 2 1 1 0 0 0 0 1 1 0 
1859443826 539 0 0 0 0 0 1 1 1 1 0 0 0 0 1 1 0 
1861331408 539 0 0 0 0 -1 1 1 1 1 0 0 0 0 1 1 0 
1861960218 539 0 0 0 0 -1 1 1 1 1 1 0 0 0 1 1 0 
1863848206 539 0 0 0 0 -1 1 2 1 2 0 0 0 0 1 1 0 
1864437402 539 0 0 0 0 -1 2 0 1 1 1 0 0 0 1 1 0 
1866365486 539 0 0 0 0 -1 1 1 1 2 0 0 0 0 1 1 0 
1866956582 539 0 0 0 0 -1 1 0 1 1 1 0 0 0 1 1 0 
1868884170 539 0 0 0 0 -1 1 0 0 1 0 0 0 0 0 1 0 
1869473774 539 0 0 0 0 -1 1 0 1 1 0 0 0 0 0 1 0 
1871951346 539 0 0 0 0 -1 1 1 1 1 0 0 0 0 1 1 0 
1873997346 539 0 0 0 0 -1 0 1 1 1 1 0 0 0 1 1 0 
1874468938 539 0 0 0 0 -1 0 1 1 1 0 0 0 0 1 1 0 
1876515732 539 0 0 0 0 -1 0 1 1 2 0 0 0 0 1 2 0 
1876988530 539 0 0 0 0 -1 0 1 1 1 0 0 0 0 1 1 0 
1879033430 539 0 0 0 0 -1 0 1 1 2 0 0 0 0 1 1 0 
1879465308 539 0 0 0 0 -1 1 1 1 2 0 0 0 0 1 1 0 
1881550096 539 0 0 0 0 -1 1 1 1 1 0 0 0 0 1 1 0 
1881981700 539 0 0 0 0 -1 1 1 1 1 1 0 0 0 1 1 1 
1884498872 539 0 0 0 0 -1 1 0 1 1 0 0 0 0 1 1 0 
1886702460 539 0 0 0 0 -1 1 1 1 1 0 0 0 0 0 1 0 
1886978058 539 0 0 0 0 -2 1 1 1 1 0 0 0 0 0 1 0 
1889218858 539 0 0 0 0 -2 0 1 1 1 0 0 0 0 1 1 0 
1889494450 539 0 0 0 0 -1 0 1 1 1 0 0 0 0 0 1 0 
1891735092 539 0 0 0 0 -1 0 1 1 1 0 0 0 0 1 1 0 
1892010834 539 0 0 0 0 -2 0 1 1 1 0 0 0 0 1 1 0 
1894252022 539 0 0 0 0 -1 -1 1 1 1 0 0 0 0 1 1 0 
1894527902 539 0 0 0 0 -2 0 1 1 1 0 0 0 0 1 1 0 
1897007074 539 0 0 0 0 -1 0 1 1 2 0 0 0 0 1 2 0 
1899405984 539 0 0 0 0 -2 0 1 1 2 0 0 0 0 1 1 0 
1899523634 539 0 0 0 0 -2 0 1 1 1 0 0 0 0 1 1 0 
1901923582 539 0 0 0 0 -1 0 1 1 1 0 0 0 0 1 1 0 
1902041582 539 0 0 0 0 -2 0 0 1 1 1 0 0 0 1 1 1 
1904439562 539 0 0 0 0 -1 0 1 1 2 1 0 0 0 1 1 1 
1904557568 539 0 0 0 0 -2 0 0 1 2 1 0 0 0 1 2 1 
1906956746 539 0 0 0 0 -2 0 1 0 2 1 0 0 0 0 1 1 
1907074834 539 0 0 0 0 -2 0 1 1 2 0 0 0 0 1 1 0 
1909552732 539 0 0 0 0 -2 0 0 1 1 1 0 0 0 1 1 0 
1912030324 539 0 0 0 0 -2 0 1 1 1 0 0 0 0 1 1 0 
1912109516 539 0 0 0 0 -2 0 1 1 1 0 0 0 0 1 1 0 
1914549508 539 0 0 0 0 -1 0 1 1 1 0 0 0 0 1 1 0 
1914628308 539 0 0 0 0 -1 0 1 1 1 0 0 0 0 1 1 0 
1917068294 539 0 0 0 0 -1 0 1 1 1 0 0 0 0 1 1 0 
1917146824 539 0 0 0 0 -2 0 1 1 1 0 0 0 0 1 1 0 
1919586572 539 0 0 0 0 -1 0 1 1 1 0 0 0 0 1 1 0 
1919665066 539 0 0 0 0 -1 0 1 1 1 0 0 0 0 1 1 0 
1922063864 539 0 0 0 0 -2 1 1 1 1 0 0 0 0 1 1 0 
1924580650 539 0 0 0 0 -2 1 0 1 1 1 0 0 0 0 1 0 
1924817442 539 0 0 0 0 -1 1 0 0 2 0 0 0 0 0 1 0 
1927099028 539 0 0 0 0 -1 0 1 1 1 0 0 0 0 0 1 0 
1927334684 539 0 0 0 0 -1 0 1 1 1 1 0 0 0 0 1 0 
1929575414 539 0 0 0 0 -2 0 1 1 1 0 0 0 0 1 1 0 
1929850612 539 0 0 0 0 -2 0 1 1 1 0 0 0 0 1 1 0 
1932091406 539 0 0 0 0 -2 0 1 1 2 0 0 0 0 1 2 0 
1932367272 539 0 0 0 0 -2 -1 1 1 2 0 0 0 0 1 2 0 
1934609784 539 0 0 0 0 -2 0 1 1 2 0 0 0 0 1 2 0 
1937127764 539 0 0 0 0 -2 0 1 1 2 0 0 0 0 1 1 0 
1937560166 539 0 0 0 0 -3 0 0 1 1 0 0 0 0 1 1 0 
1939606148 539 0 0 0 0 -3 0 0 1 2 0 0 0 0 1 1 0 
1940078958 539 0 0 0 0 -3 0 0 1 2 0 0 0 0 1 1 0 
1942125340 539 0 0 0 0 -3 0 0 1 1 1 0 0 0 1 1 1 
1942558806 539 0 0 0 0 -3 0 1 1 1 0 0 0 0 1 1 0 
1944644132 539 0 0 0 0 -2 0 1 1 1 1 0 0 0 1 1 1 
1945076128 539 0 0 0 0 -2 0 1 1 2 1 0 0 0 1 1 1 
1947159710 539 0 0 0 0 -2 0 1 1 1 1 0 0 0 0 1 1 
1949638096 539 0 0 0 0 -2 -1 2 1 2 1 0 0 0 1 2 1 
1950267442 539 0 0 0 0 -2 -1 2 0 2 1 0 0 0 0 2 1 
1952194088 539 0 0 0 0 0 1 5 1 3 1 0 0 0 1 2 1 
1952784484 539 0 0 0 0 5 -1 5 1 4 0 0 0 0 1 4 0 
1954672522 539 0 0 0 0 20 -5 12 1 22 -7 0 0 0 1 22 -7 
1955262462 539 0 0 0 0 20 -4 21 1 29 -9 0 0 0 1 29 -9 
1957191720 539 0 0 0 0 8 -1 39 2 48 -12 0 0 0 2 48 -12 
1957782154 539 0 0 0 0 1 -4 38 4 52 -13 0 0 0 4 51 -12 
1959670036 539 0 0 0 0 -39 5 34 9 45 -6 0 0 0 9 45 -6 
1962187622 539 0 0 0 0 -71 7 -1 10 18 1 0 0 0 10 18 1 
1962974418 539 0 0 0 0 -79 7 -12 8 13 1 0 0 0 8 13 1 
1964705314 539 0 0 0 0 -82 6 -24 1 5 0 0 0 0 1 5 0 
1965492808 539 0 0 0 0 -83 8 -22 -1 1 0 0 0 0 -1 1 0 
1967184798 539 0 0 0 0 -78 9 -18 -3 -7 1 0 0 0 -3 -6 1 
1968010282 539 0 0 0 0 -72 9 -16 -3 -10 2 0 0 0 -3 -10 1 
1969702778 539 0 0 0 0 -60 8 -10 -2 -14 2 0 0 0 -2 -14 2 
1970528778 539 0 0 0 0 -53 7 -6 -2 -17 2 0 0 0 -2 -17 2 
1972217968 539 0 0 0 0 -45 7 2 -2 -22 4 0 0 0 -2 -22 4 
1974735954 539 0 0 0 0 -36 10 4 -4 -28 5 0 0 0 -4 -28 5 
1975680342 539 0 0 0 0 -33 9 7 -5 -31 5 0 0 0 -5 -31 5 
1977213540 539 0 0 0 0 -23 6 5 -6 -33 6 0 0 0 -6 -33 6 
1978197128 539 0 0 0 0 -15 3 4 -6 -33 6 0 0 0 -6 -33 6 
1979731524 539 0 0 0 0 -3 -2 6 -5 -28 6 0 0 0 -5 -28 6 
1980715512 539 0 0 0 0 4 -5 5 -4 -24 5 0 0 0 -4 -24 5 
1982248460 539 0 0 0 0 11 -7 9 -2 -16 4 0 0 0 -2 -16 4 
1983232298 539 0 0 0 0 13 -9 12 -1 -12 4 0 0 0 -1 -12 4 
1984727896 539 0 0 0 0 15 -9 14 1 -7 3 0 0 0 0 -7 3 
1987246680 539 0 0 0 0 14 -8 15 2 -3 1 0 0 0 2 -3 1 
1988387868 539 0 0 0 0 15 -8 13 2 -1 1 0 0 0 2 -1 1 
1989763960 539 0 0 0 0 15 -7 9 2 0 1 0 0 0 2 0 0 
1990904660 539 0 0 0 0 15 -8 8 2 1 0 0 0 0 2 1 0 
1992281844 539 0 0 0 0 15 -8 5 2 3 0 0 0 0 2 3 0 
1993421588 539 0 0 0 0 13 -7 4 1 4 -1 0 0 0 1 4 -1 
1994759430 539 0 0 0 0 10 -6 3 2 4 0 0 0 0 1 4 0 
1995940630 539 0 0 0 0 9 -5 1 2 4 0 0 0 0 2 4 0 
1997278490 539 0 0 0 0 7 -6 1 2 3 0 0 0 0 2 3 0 
1999796600 539 0 0 0 0 7 -5 0 1 2 0 0 0 0 1 2 0 
2001133392 539 0 0 0 0 8 -4 -1 1 2 1 0 0 0 1 2 0 
2002274592 539 0 0 0 0 7 -4 -1 1 2 0 0 0 0 1 2 0 
2003651384 539 0 0 0 0 7 -5 0 1 2 0 0 0 0 1 2 0 
2004832178 539 0 0 0 0 7 -5 1 1 2 0 0 0 0 1 2 0 
2006169182 539 0 0 0 0 8 -5 2 1 1 0 0 0 0 1 1 0 
2007309756 539 0 0 0 0 8 -5 2 1 1 1 0 0 0 1 1 1 
2008687754 539 0 0 0 0 7 -4 2 1 0 1 0 0 0 1 0 1 
2009788942 539 0 0 0 0 8 -4 2 1 1 1 0 0 0 1 1 1 
2012305728 539 0 0 0 0 9 -5 2 1 2 0 0 0 0 1 1 0 
2013838924 539 0 0 0 0 9 -4 2 1 2 0 0 0 0 1 2 0 
2014822118 539 0 0 0 0 8 -5 2 1 2 0 0 0 0 1 2 0 
2016357310 539 0 0 0 0 8 -4 2 1 2 0 0 0 0 1 2 0 
2017340504 539 0 0 0 0 8 -4 1 1 2 0 0 0 0 1 2 0 
2018874894 539 0 0 0 0 8 -4 1 1 2 0 0 0 0 1 2 0 
2019820076 539 0 0 0 0 8 -5 2 1 2 0 0 0 0 1 2 0 
2021393668 539 0 0 0 0 7 -5 2 1 2 0 0 0 0 1 2 0 
2022337268 539 0 0 0 0 7 -5 1 1 2 0 0 0 0 1 1 0 
2024854860 539 0 0 0 0 7 -5 2 1 2 1 0 0 0 1 2 0 
2026546844 539 0 0 0 0 7 -5 1 1 2 0 0 0 0 1 2 0 
2027333244 539 0 0 0 0 8 -5 2 1 1 0 0 0 0 1 1 0 
2029062428 539 0 0 0 0 8 -5 2 1 1 0 0 0 0 1 1 0 
2029848024 539 0 0 0 0 7 -5 2 1 1 1 0 0 0 1 1 0 
2031578020 539 0 0 0 0 7 -4 2 1 1 0 0 0 0 1 1 0 
2032365216 539 0 0 0 0 8 -4 2 1 2 0 0 0 0 1 2 0 
2034096006 539 0 0 0 0 7 -5 2 1 2 1 0 0 0 1 2 0 
2034881994 539 0 0 0 0 7 -5 2 1 2 0 0 0 0 1 2 0 
2037358786 539 0 0 0 0 7 -5 2 1 3 0 0 0 0 1 2 0 
2039246368 539 0 0 0 0 6 -4 1 1 3 1 0 0 0 1 3 0 
2039876772 539 0 0 0 0 5 -4 1 1 2 1 0 0 0 1 2 0 
2041765154 539 0 0 0 0 5 -4 1 1 2 1 0 0 0 1 2 0 
2042393956 539 0 0 0 0 5 -4 0 1 2 1 0 0 0 1 2 0 
2044282346 539 0 0 0 0 6 -5 1 1 1 0 0 0 0 1 1 0 
2044911136 539 0 0 0 0 6 -4 1 1 1 0 0 0 0 1 1 0 
2046797530 539 0 0 0 0 6 -4 1 1 2 1 0 0 0 1 2 1 
2047387590 539 0 0 0 0 6 -4 1 1 2 1 0 0 0 1 2 1 
2049904706 539 0 0 0 0 7 -4 2 1 1 0 0 0 0 1 1 0 
2051949138 539 0 0 0 0 6 -3 1 1 2 0 0 0 0 1 2 0 
2052421892 539 0 0 0 0 6 -4 2 1 2 0 0 0 0 1 1 0 
2054465630 539 0 0 0 0 6 -4 2 1 2 0 0 0 0 1 1 0 
2054937082 539 0 0 0 0 6 -4 2 1 2 0 0 0 0 1 1 0 
2056983064 539 0 0 0 0 6 -4 2 1 2 0 0 0 0 1 1 0 
2057416262 539 0 0 0 0 6 -4 1 1 1 1 0 0 0 1 1 0 
2059501050 539 0 0 0 0 6 -4 1 1 2 0 0 0 0 1 1 0 
2059934246 539 0 0 0 0 5 -4 1 1 1 0 0 0 0 1 1 0 
2062413426 539 0 0 0 0 4 -4 1 2 1 0 0 0 0 1 1 0 
2064655512 539 0 0 0 0 5 -4 1 1 1 0 0 0 0 1 1 0 
2064930612 539 0 0 0 0 5 -4 1 1 1 1 0 0 0 1 1 0 
2067173410 539 0 0 0 0 6 -4 1 1 1 0 0 0 0 1 1 0 
2067449008 539 0 0 0 0 5 -4 1 1 1 1 0 0 0 1 1 1 
2069691464 539 0 0 0 0 6 -3 2 1 1 1 0 0 0 1 1 1 
2069966988 539 0 0 0 0 6 -3 2 1 1 1 0 0 0 1 1 1 
2072207380 539 0 0 0 0 6 -4 2 1 1 0 0 0 0 1 1 0 
2072444172 539 0 0 0 0 6 -4 2 1 1 1 0 0 0 1 1 0 
2074961240 539 0 0 0 0 5 -5 2 1 2 0 0 0 0 1 2 0 
2077399750 539 0 0 0 0 5 -4 2 1 1 0 0 0 0 1 1 0 
2077518142 539 0 0 0 0 5 -4 1 1 1 1 0 0 0 1 1 0 
2079878530 539 0 0 0 0 5 -4 0 1 1 0 0 0 0 1 1 0 
2079996122 539 0 0 0 0 5 -4 0 2 1 1 0 0 0 2 1 0 
2082394114 539 0 0 0 0 5 -3 1 1 1 0 0 0 0 1 1 0 
2082512514 539 0 0 0 0 6 -4 1 1 1 0 0 0 0 1 1 0 
2084913000 539 0 0 0 0 5 -3 1 1 1 1 0 0 0 1 1 0 
2085031298 539 0 0 0 0 5 -3 1 1 1 0 0 0 0 1 1 0 
2087470790 539 0 0 0 0 5 -4 1 1 1 1 0 0 0 1 1 1 
2089987676 539 0 0 0 0 6 -4 2 0 1 0 0 0 0 0 1 0 
2090066476 539 0 0 0 0 6 -4 2 1 1 1 0 0 0 1 1 0 
2092505260 539 0 0 0 0 6 -4 3 0 2 0 0 0 0 0 2 0 
2092584048 539 0 0 0 0 6 -4 3 0 2 0 0 0 0 0 1 0 
2095022446 539 0 0 0 0 6 -5 2 1 1 0 0 0 0 1 1 0 
2095101514 539 0 0 0 0 6 -5 3 1 2 0 0 0 0 1 1 0 
2097500426 539 0 0 0 0 6 -5 2 1 2 0 0 0 0 1 2 0 
2097618424 539 0 0 0 0 6 -5 2 1 1 0 0 0 0 1 1 0 
2100017216 539 0 0 0 0 5 -4 1 1 2 0 0 0 0 1 2 0 
2102533202 539 0 0 0 0 5 -5 1 1 2 0 0 0 0 1 1 0 
2102769712 539 0 0 0 0 4 -4 1 1 1 0 0 0 0 1 1 0 
2105050780 539 0 0 0 0 5 -5 1 1 1 0 0 0 0 1 1 0 
2105285980 539 0 0 0 0 5 -4 0 1 1 1 0 0 0 1 1 0 
2107528366 539 0 0 0 0 5 -5 1 1 2 0 0 0 0 1 1 0 
2107803164 539 0 0 0 0 5 -5 1 1 1 1 0 0 0 1 1 1 
2110043550 539 0 0 0 0 4 -5 2 1 1 0 0 0 0 0 1 0 
2110319556 539 0 0 0 0 5 -5 2 0 1 0 0 0 0 0 1 0 
