214453 0 0 0 0 0 0 0 0 0 0 0 0 0 
214504 0 0 0 0 0 0 0 0 0 0 0 0 0 
214554 0 0 0 0 0 0 0 0 0 0 0 0 0 
214604 0 0 0 0 0 0 0 0 0 0 0 0 0 
214654 0 0 0 0 0 0 0 0 0 0 0 0 0 
214704 0 0 0 0 0 0 0 0 0 0 0 0 0 
214755 0 0 0 0 0 0 0 0 0 0 0 0 0 
214807 0 0 0 0 0 0 0 0 0 0 0 0 0 
214857 0 0 0 0 0 0 0 0 0 0 0 0 0 
214907 0 0 0 0 0 0 0 0 0 0 0 0 0 
214957 0 0 0 0 0 0 0 0 0 0 0 0 0 
215007 0 0 0 0 0 0 0 0 0 0 0 0 0 
215057 0 0 0 0 0 0 0 0 0 0 0 0 0 
215107 0 0 0 0 0 0 0 0 0 0 0 0 0 
215159 0 0 0 0 0 0 0 0 0 0 0 0 0 
215211 0 0 0 0 0 0 0 0 0 0 0 0 0 
215261 0 0 0 0 0 0 0 0 0 0 0 0 0 
215311 0 0 0 0 0 0 0 0 0 0 0 0 0 
215361 0 0 0 0 0 0 0 0 0 0 0 0 0 
215411 0 0 0 0 0 0 0 0 0 0 0 0 0 
215461 0 0 0 0 0 0 0 0 0 0 0 0 0 
215512 0 0 0 0 0 0 0 0 0 0 0 0 0 
215562 0 0 0 0 0 0 0 0 0 0 0 0 0 
215612 0 0 0 0 0 0 0 0 0 0 0 0 0 
215662 0 0 0 0 0 0 0 0 0 0 0 0 0 
215712 0 0 0 0 0 0 0 0 0 0 0 0 0 
215762 0 0 0 0 0 0 0 0 0 0 0 0 0 
215812 0 0 0 0 0 0 0 0 0 0 0 0 0 
215862 0 0 0 0 0 0 0 0 0 0 0 0 0 
215912 0 0 0 0 0 0 0 0 0 0 0 0 0 
215963 0 0 0 0 0 0 0 0 0 0 0 0 0 
216014 0 0 0 0 0 0 0 0 0 0 0 0 0 
216064 0 0 0 0 0 0 0 0 0 0 0 0 0 
216115 0 0 0 0 0 0 0 0 0 0 0 0 0 
216165 0 0 0 0 0 0 0 0 0 0 0 0 0 
216215 0 0 0 0 0 0 0 0 0 0 0 0 0 
216266 0 0 0 0 0 0 0 0 0 0 0 0 0 
216316 0 0 0 0 0 0 0 0 0 0 0 0 0 
216368 0 0 0 0 0 0 0 0 0 0 0 0 0 
216418 0 0 0 0 0 0 0 0 0 0 0 0 0 
216468 0 0 0 0 0 0 0 0 0 0 0 0 0 
216518 0 0 0 0 0 0 0 0 0 0 0 0 0 
216568 0 0 0 0 0 0 0 0 0 0 0 0 0 
216619 0 0 0 0 0 0 0 0 0 0 0 0 0 
216670 0 0 0 0 0 0 0 0 0 0 0 0 0 
216720 0 0 0 0 0 0 0 0 0 0 0 0 0 
216771 0 0 0 0 0 0 0 0 0 0 0 0 0 
216822 0 0 0 0 0 0 0 0 0 0 0 0 0 
216872 0 0 0 0 0 0 0 0 0 0 0 0 0 
216922 0 0 0 0 0 0 0 0 0 0 0 0 0 
216972 0 0 0 0 0 0 0 0 0 0 0 0 0 
217023 0 0 0 0 0 0 0 0 0 0 0 0 0 
217073 0 0 0 0 0 0 0 0 0 0 0 0 0 
217123 0 0 0 0 0 0 0 0 0 0 0 0 0 
217173 0 0 0 0 0 0 0 0 0 0 0 0 0 
217223 0 0 0 0 0 0 0 0 0 0 0 0 0 
217273 0 0 0 0 0 0 0 0 0 0 0 0 0 
217324 0 0 0 0 0 0 0 0 0 0 0 0 0 
217374 0 0 0 0 0 0 0 0 0 0 0 0 0 
217424 0 0 0 0 0 0 0 0 0 0 0 0 0 
217474 0 0 0 0 0 0 0 0 0 0 0 0 0 
217524 0 0 0 0 0 0 0 0 0 0 0 0 0 
217574 0 0 0 0 0 0 0 0 0 0 0 0 0 
217624 0 0 0 0 0 0 0 0 0 0 0 0 0 
217674 0 0 0 0 0 0 0 0 0 0 0 0 0 
217724 0 0 0 0 0 0 0 0 0 0 0 0 0 
217775 0 0 0 0 0 0 0 0 0 0 0 0 0 
217825 0 0 0 0 0 0 0 0 0 0 0 0 0 
217875 0 0 0 0 0 0 0 0 0 0 0 0 0 
217925 0 0 0 0 0 0 0 0 0 0 0 0 0 
217975 0 0 0 0 0 0 0 0 0 0 0 0 0 
218025 0 0 0 0 0 0 0 0 0 0 0 0 0 
218075 0 0 0 0 0 0 0 0 0 0 0 0 0 
218125 0 0 0 0 0 0 0 0 0 0 0 0 0 
218176 0 0 0 0 0 0 0 0 0 0 0 0 0 
218226 0 0 0 0 0 0 0 0 0 0 0 0 0 
218276 0 0 0 0 0 0 0 0 0 0 0 0 0 
218326 0 0 0 0 0 0 0 0 0 0 0 0 0 
218376 0 0 0 0 0 0 0 0 0 0 0 0 0 
218426 0 0 0 0 0 0 0 0 0 0 0 0 0 
218477 0 0 0 0 0 0 0 0 0 0 0 0 0 
218527 0 0 0 0 0 0 0 0 0 0 0 0 0 
218578 0 0 0 0 0 0 0 0 0 0 0 0 0 
218628 0 0 0 0 0 0 0 0 0 0 0 0 0 
218679 0 0 0 0 0 0 0 0 0 0 0 0 0 
218729 0 0 0 0 0 0 0 0 0 0 0 0 0 
218781 0 0 0 0 0 0 0 0 0 0 0 0 0 
218831 0 0 0 0 0 0 0 0 0 0 0 0 0 
218882 0 0 0 0 0 0 0 0 0 0 0 0 0 
218934 0 0 0 0 0 0 0 0 0 0 0 0 0 
218985 0 0 0 0 0 0 0 0 0 0 0 0 0 
219035 0 0 0 0 0 0 0 0 0 0 0 0 0 
219087 0 0 0 0 0 0 0 0 0 0 0 0 0 
219138 0 0 0 0 0 0 0 0 0 0 0 0 0 
219188 0 0 0 0 0 0 0 0 0 0 0 0 0 
219238 0 0 0 0 0 0 0 0 0 0 0 0 0 
219289 0 0 0 0 0 0 0 0 0 0 0 0 0 
219339 0 0 0 0 0 0 0 0 0 0 0 0 0 
219389 0 0 0 0 0 0 0 0 0 0 0 0 0 
219439 0 0 0 0 0 0 0 0 0 0 0 0 0 
219491 0 0 0 0 0 0 0 0 0 0 0 0 0 
219541 0 0 0 0 0 0 0 0 0 0 0 0 0 
219591 0 0 0 0 0 0 0 0 0 0 0 0 0 
219642 0 0 0 0 0 0 0 0 0 0 0 0 0 
219692 0 0 0 0 0 0 0 0 0 0 0 0 0 
219742 0 0 0 0 0 0 0 0 0 0 0 0 0 
219795 0 0 0 0 0 0 0 0 0 0 0 0 0 
219847 0 0 0 0 0 0 0 0 0 0 0 0 0 
