15426 0 0 0 0 0 0 0 0 0 0 0 8 0 
15476 0 0 0 0 0 0 0 0 0 0 0 8 0 
15526 0 0 0 0 0 0 0 0 0 0 0 8 0 
15576 0 0 0 0 0 0 0 0 0 0 0 8 0 
15626 0 0 0 0 0 0 0 0 0 0 0 8 0 
15676 0 0 0 0 0 0 0 0 0 0 0 8 0 
15726 0 0 0 0 0 0 0 0 0 0 0 8 0 
15776 0 0 0 0 0 0 0 0 0 0 0 8 0 
15826 0 0 0 0 0 0 0 0 0 0 0 8 0 
15876 0 0 0 0 0 0 0 0 0 0 0 8 0 
15927 0 0 0 0 0 0 0 0 0 0 0 8 0 
15977 0 0 0 0 0 0 0 0 0 0 0 8 0 
16027 0 0 0 0 0 0 0 0 0 0 0 8 0 
16077 0 0 0 0 0 0 0 0 0 0 0 8 0 
16127 0 0 0 0 0 0 0 0 0 0 0 8 0 
16178 0 0 0 0 0 0 0 0 0 0 0 8 0 
16228 0 0 0 0 0 0 0 0 0 0 0 8 0 
16279 0 0 0 0 0 0 0 0 0 0 0 8 0 
16330 0 0 0 0 0 0 0 0 0 0 0 8 0 
16380 0 0 0 0 0 0 0 0 0 0 0 8 0 
16430 0 0 0 0 0 0 0 0 0 0 0 8 0 
16480 0 0 0 0 0 0 0 0 0 0 0 8 0 
16530 0 0 0 0 0 0 0 0 0 0 0 8 0 
16580 0 0 0 0 0 0 0 0 0 0 0 8 0 
16630 0 0 0 0 0 0 0 0 0 0 0 8 0 
16681 0 0 0 0 0 0 0 0 0 0 0 8 0 
16731 0 0 0 0 0 0 0 0 0 0 0 8 0 
16781 0 0 0 0 0 0 0 0 0 0 0 8 0 
16831 0 0 0 0 0 0 0 0 0 0 0 8 0 
16881 0 0 0 0 0 0 0 0 0 0 0 8 0 
16931 0 0 0 0 0 0 0 0 0 0 0 8 0 
16982 0 0 0 0 0 0 0 0 0 0 0 8 0 
17032 0 0 0 0 0 0 0 0 0 0 0 8 0 
17082 0 0 0 0 0 0 0 0 0 0 0 8 0 
17132 0 0 0 0 0 0 0 0 0 0 0 8 0 
17182 0 0 0 0 0 0 0 0 0 0 0 8 0 
17232 0 0 0 0 0 0 0 0 0 0 0 8 0 
17282 0 0 0 0 0 0 0 0 0 0 0 8 0 
17332 0 0 0 0 0 0 0 0 0 0 0 8 0 
17383 0 0 0 0 0 0 0 0 0 0 0 8 0 
17434 0 0 0 0 0 0 0 0 0 0 0 8 0 
17484 0 0 0 0 0 0 0 0 0 0 0 8 0 
17534 0 0 0 0 0 0 0 0 0 0 0 8 0 
17586 0 0 0 0 0 0 0 0 0 0 0 8 0 
17636 0 0 0 0 0 0 0 0 0 0 0 8 0 
17686 0 0 0 0 0 0 0 0 0 0 0 8 0 
17736 0 0 0 0 0 0 0 0 0 0 0 8 0 
17786 0 0 0 0 0 0 0 0 0 0 0 8 0 
17838 0 0 0 0 0 0 0 0 0 0 0 8 0 
17888 0 0 0 0 0 0 0 0 0 0 0 8 0 
17938 0 0 0 0 0 0 0 0 0 0 0 8 0 
17988 0 0 0 0 0 0 0 0 0 0 0 8 0 
18038 0 0 0 0 0 0 0 0 0 0 0 8 0 
18088 0 0 0 0 0 0 0 0 0 0 0 8 0 
18140 0 0 0 0 0 0 0 0 0 0 0 8 0 
18190 0 0 0 0 0 0 0 0 0 0 0 8 0 
18240 0 0 0 0 0 0 0 0 0 0 0 8 0 
18290 0 0 0 0 0 0 0 0 0 0 0 8 0 
18340 0 0 0 0 0 0 0 0 0 0 0 8 0 
18390 0 0 0 0 0 0 0 0 0 0 0 8 0 
18441 0 0 0 0 0 0 0 0 0 0 0 8 0 
18491 0 0 0 0 0 0 0 0 0 0 0 8 0 
18541 0 0 0 0 0 0 0 0 0 0 0 8 0 
18591 0 0 0 0 0 0 0 0 0 0 0 8 0 
18641 0 0 0 0 0 0 0 0 0 0 0 8 0 
18694 0 0 0 0 0 0 0 0 0 0 0 8 0 
18744 0 0 0 0 0 0 0 0 0 0 0 8 0 
18794 0 0 0 0 0 0 0 0 0 0 0 8 0 
18844 0 0 0 0 0 0 0 0 0 0 0 8 0 
18894 0 0 0 0 0 0 0 0 0 0 0 8 0 
18944 0 0 0 0 0 0 0 0 0 0 0 8 0 
18995 0 0 0 0 0 0 0 0 0 0 0 8 0 
19045 0 0 0 0 0 0 0 0 0 0 0 8 0 
19095 0 0 0 0 0 0 0 0 0 0 0 8 0 
19145 0 0 0 0 0 0 0 0 0 0 0 8 0 
19195 0 0 0 0 0 0 0 0 0 0 0 8 0 
19246 0 0 0 0 0 0 0 0 0 0 0 8 0 
19298 0 0 0 0 0 0 0 0 0 0 0 8 0 
19348 0 0 0 0 0 0 0 0 0 0 0 8 0 
19399 0 0 0 0 0 0 0 0 0 0 0 8 0 
19449 0 0 0 0 0 0 0 0 0 0 0 8 0 
19499 0 0 0 0 0 0 0 0 0 0 0 8 0 
19549 0 0 0 0 0 0 0 0 0 0 0 8 0 
19599 0 0 0 0 0 0 0 0 0 0 0 8 0 
19649 0 0 0 0 0 0 0 0 0 0 0 8 0 
19701 0 0 0 0 0 0 0 0 0 0 0 8 0 
19751 0 0 0 0 0 0 0 0 0 0 0 8 0 
19801 0 0 0 0 0 0 0 0 0 0 0 8 0 
19851 0 0 0 0 0 0 0 0 0 0 0 8 0 
19901 0 0 0 0 0 0 0 0 0 0 0 8 0 
19951 0 0 0 0 0 0 0 0 0 0 0 8 0 
20001 0 0 0 0 0 0 0 0 0 0 0 8 0 
20052 0 0 0 0 0 0 0 0 0 0 0 8 0 
20102 0 0 0 0 0 0 0 0 0 0 0 8 0 
20152 0 0 0 0 0 0 0 0 0 0 0 8 0 
20202 0 0 0 0 0 0 0 0 0 0 0 8 0 
20253 0 0 0 0 0 0 0 0 0 0 0 8 0 
20303 0 0 0 0 0 0 0 0 0 0 0 8 0 
20353 0 0 0 0 0 0 0 0 0 0 0 8 0 
20406 0 0 0 0 0 0 0 0 0 0 0 8 0 
20456 0 0 0 0 0 0 0 0 0 0 0 8 0 
20506 0 0 0 0 0 0 0 0 0 0 0 8 0 
20557 0 0 0 0 0 0 0 0 0 0 0 8 0 
20607 0 0 0 0 0 0 0 0 0 0 0 8 0 
20657 0 0 0 0 0 0 0 0 0 0 0 8 0 
20707 0 0 0 0 0 0 0 0 0 0 0 8 0 
20757 0 0 0 0 0 0 0 0 0 0 0 8 0 
20808 0 0 0 0 0 0 0 0 0 0 0 8 0 
