596493 0 0 0 0 0 0 0 0 0 0 10 5 1 
596543 0 0 0 0 0 0 0 0 0 0 10 5 1 
596593 0 0 0 0 0 0 0 0 0 0 10 5 1 
596644 0 0 0 0 0 0 0 0 0 0 10 5 1 
596694 0 0 0 0 0 0 0 0 0 0 10 5 1 
596744 0 0 0 0 0 0 0 0 0 0 10 5 1 
596794 0 0 0 0 0 0 0 0 0 0 10 5 1 
596844 0 0 0 0 0 0 0 0 0 0 10 5 1 
596894 0 0 0 0 0 0 0 0 0 0 10 5 1 
596944 0 0 0 0 0 0 0 0 0 0 10 5 1 
596994 0 0 0 0 0 0 0 0 0 0 10 5 1 
597044 0 0 0 0 0 0 0 0 0 0 10 5 1 
597094 0 0 0 0 0 0 0 0 0 0 10 5 1 
597145 0 0 0 0 0 0 0 0 0 0 10 5 1 
597195 0 0 0 0 0 0 0 0 0 0 10 5 1 
597245 0 0 0 0 0 0 0 0 0 0 10 5 1 
597295 0 0 0 0 0 0 0 0 0 0 10 5 1 
597345 0 0 0 0 0 0 0 0 0 0 10 5 1 
597395 0 0 0 0 0 0 0 0 0 0 10 5 1 
597445 0 0 0 0 0 0 0 0 0 0 10 5 1 
597495 0 0 0 0 0 0 0 0 0 0 10 5 1 
597545 0 0 0 0 0 0 0 0 0 0 10 5 1 
