19129 1 2 3 4 5 6 7 8 9 10 11 12 13 
19180 1 2 3 4 5 6 7 8 9 10 11 12 13 
19230 1 2 3 4 5 6 7 8 9 10 11 12 13 
19280 1 2 3 4 5 6 7 8 9 10 11 12 13 
19330 1 2 3 4 5 6 7 8 9 10 11 12 13 
19380 1 2 3 4 5 6 7 8 9 10 11 12 13 
19430 1 2 3 4 5 6 7 8 9 10 11 12 13 
19480 1 2 3 4 5 6 7 8 9 10 11 12 13 
19530 1 2 3 4 5 6 7 8 9 10 11 12 13 
19581 1 2 3 4 5 6 7 8 9 10 11 12 13 
19631 1 2 3 4 5 6 7 8 9 10 11 12 13 
19681 1 2 3 4 5 6 7 8 9 10 11 12 13 
19731 1 2 3 4 5 6 7 8 9 10 11 12 13 
19781 1 2 3 4 5 6 7 8 9 10 11 12 13 
19831 1 2 3 4 5 6 7 8 9 10 11 12 13 
19881 1 2 3 4 5 6 7 8 9 10 11 12 13 
19931 1 2 3 4 5 6 7 8 9 10 11 12 13 
19981 1 2 3 4 5 6 7 8 9 10 11 12 13 
20031 1 2 3 4 5 6 7 8 9 10 11 12 13 
20081 1 2 3 4 5 6 7 8 9 10 11 12 13 
20132 1 2 3 4 5 6 7 8 9 10 11 12 13 
20182 1 2 3 4 5 6 7 8 9 10 11 12 13 
20232 1 2 3 4 5 6 7 8 9 10 11 12 13 
20282 1 2 3 4 5 6 7 8 9 10 11 12 13 
20332 1 2 3 4 5 6 7 8 9 10 11 12 13 
20382 1 2 3 4 5 6 7 8 9 10 11 12 13 
20432 1 2 3 4 5 6 7 8 9 10 11 12 13 
20482 1 2 3 4 5 6 7 8 9 10 11 12 13 
20532 1 2 3 4 5 6 7 8 9 10 11 12 13 
20582 1 2 3 4 5 6 7 8 9 10 11 12 13 
20632 1 2 3 4 5 6 7 8 9 10 11 12 13 
20683 1 2 3 4 5 6 7 8 9 10 11 12 13 
20733 1 2 3 4 5 6 7 8 9 10 11 12 13 
20783 1 2 3 4 5 6 7 8 9 10 11 12 13 
20833 1 2 3 4 5 6 7 8 9 10 11 12 13 
20883 1 2 3 4 5 6 7 8 9 10 11 12 13 
20933 1 2 3 4 5 6 7 8 9 10 11 12 13 
20983 1 2 3 4 5 6 7 8 9 10 11 12 13 
21034 1 2 3 4 5 6 7 8 9 10 11 12 13 
21084 1 2 3 4 5 6 7 8 9 10 11 12 13 
21134 1 2 3 4 5 6 7 8 9 10 11 12 13 
21184 1 2 3 4 5 6 7 8 9 10 11 12 13 
21234 1 2 3 4 5 6 7 8 9 10 11 12 13 21284 1 2 3 4 5 6 7 8 9 10 11 12 13 21334 1 2 3 4 5 6 7 8 9 10 11 12 13 21384 256 2 3 4 5 6 7 8 
