7867 0 0 0 0 0 0 0 0 0 0 10 5 1 
7917 0 0 0 0 0 0 0 0 0 0 10 5 1 
7967 0 0 0 0 0 0 0 0 0 0 10 5 1 
8017 0 0 0 0 0 0 0 0 0 0 10 5 1 
8067 0 0 0 0 0 0 0 0 0 0 10 5 1 
8117 0 0 0 0 0 0 0 0 0 0 10 5 1 
8167 0 0 0 0 0 0 0 0 0 0 10 5 1 
8217 0 0 0 0 0 0 0 0 0 0 10 5 1 
8268 0 0 0 0 0 0 0 0 0 0 10 5 1 
8318 0 0 0 0 0 0 0 0 0 0 10 5 1 
8368 0 0 0 0 0 0 0 0 0 0 10 5 1 
8418 0 0 0 0 0 0 0 0 0 0 10 5 1 
8468 0 0 0 0 0 0 0 0 0 0 10 5 1 
8518 0 0 0 0 0 0 0 0 0 0 10 5 1 
8568 0 0 0 0 0 0 0 0 0 0 10 5 1 
8618 0 0 0 0 0 0 0 0 0 0 10 5 1 
8668 0 0 0 0 0 0 0 0 0 0 10 5 1 
8718 0 0 0 0 0 0 0 0 0 0 10 5 1 
8769 0 0 0 0 0 0 0 0 0 0 10 5 1 
8819 0 0 0 0 0 0 0 0 0 0 10 5 1 
8869 0 0 0 0 0 0 0 0 0 0 10 5 1 
8919 0 0 0 0 0 0 0 0 0 0 10 5 1 
8969 0 0 0 0 0 0 0 0 0 0 10 5 1 
9019 0 0 0 0 0 0 0 0 0 0 10 5 1 
9069 0 0 0 0 0 0 0 0 0 0 10 5 1 
9119 0 0 0 0 0 0 0 0 0 0 10 5 1 
9169 0 0 0 0 0 0 0 0 0 0 10 5 1 
9219 0 0 0 0 0 0 0 0 0 0 10 5 1 
9269 0 0 0 0 0 0 0 0 0 0 10 5 1 
9319 0 0 0 0 0 0 0 0 0 0 10 5 1 
9370 0 0 0 0 0 0 0 0 0 0 10 5 1 
9420 0 0 0 0 0 0 0 0 0 0 10 5 1 
9470 0 0 0 0 0 0 0 0 0 0 10 5 1 
9520 0 0 0 0 0 0 0 0 0 0 10 5 1 
9570 0 0 0 0 0 0 0 0 0 0 10 5 1 
9620 0 0 0 0 0 0 0 0 0 0 10 5 1 
9670 0 0 0 0 0 0 0 0 0 0 10 5 1 
9720 0 0 0 0 0 0 0 0 0 0 10 5 1 
9770 0 0 0 0 0 0 0 0 0 0 10 5 1 
9820 0 0 0 0 0 0 0 0 0 0 10 5 1 
9870 0 0 0 0 0 0 0 0 0 0 10 5 1 
9921 0 0 0 0 0 0 0 0 0 0 10 5 1 
9971 0 0 0 0 0 0 0 0 0 0 10 5 1 
10021 0 0 0 0 0 0 0 0 0 0 10 5 1 
10071 0 0 0 0 0 0 0 0 0 0 10 5 1 
10121 0 0 0 0 0 0 0 0 0 0 10 5 1 
10171 0 0 0 0 0 0 0 0 0 0 10 5 1 
10221 0 0 0 0 0 0 0 0 0 0 10 5 1 
10271 0 0 0 0 0 0 0 0 0 0 10 5 1 
10321 0 0 0 0 0 0 0 0 0 0 10 5 1 
10371 0 0 0 0 0 0 0 0 0 0 10 5 1 
10422 0 0 0 0 0 0 0 0 0 0 10 5 1 
10472 0 0 0 0 0 0 0 0 0 0 10 5 1 
10522 0 0 0 0 0 0 0 0 0 0 10 5 1 
10572 0 0 0 0 0 0 0 0 0 0 10 5 1 
10622 0 0 0 0 0 0 0 0 0 0 10 5 1 
10672 0 0 0 0 0 0 0 0 0 0 10 5 1 
10722 0 0 0 0 0 0 0 0 0 0 10 5 1 
10772 0 0 0 0 0 0 0 0 0 0 10 5 1 
10822 0 0 0 0 0 0 0 0 0 0 10 5 1 
10872 0 0 0 0 0 0 0 0 0 0 10 5 1 
10922 0 0 0 0 0 0 0 0 0 0 10 5 1 
10973 0 0 0 0 0 0 0 0 0 0 10 5 1 
11023 0 0 0 0 0 0 0 0 0 0 10 5 1 
11073 0 0 0 0 0 0 0 0 0 0 10 5 1 
11123 0 0 0 0 0 0 0 0 0 0 10 5 1 
11173 0 0 0 0 0 0 0 0 0 0 10 5 1 
11223 0 0 0 0 0 0 0 0 0 0 10 5 1 
11273 0 0 0 0 0 0 0 0 0 0 10 5 1 
11323 0 0 0 0 0 0 0 0 0 0 10 5 1 
11373 0 0 0 0 0 0 0 0 0 0 10 5 1 
11423 0 0 0 0 0 0 0 0 0 0 10 5 1 
11474 0 0 0 0 0 0 0 0 0 0 10 5 1 
11524 0 0 0 0 0 0 0 0 0 0 10 5 1 
11574 0 0 0 0 0 0 0 0 0 0 10 5 1 
11624 0 0 0 0 0 0 0 0 0 0 10 5 1 
11674 0 0 0 0 0 0 0 0 0 0 10 5 1 
11724 0 0 0 0 0 0 0 0 0 0 10 5 1 
11774 0 0 0 0 0 0 0 0 0 0 10 5 1 
11824 0 0 0 0 0 0 0 0 0 0 10 5 1 
11874 0 0 0 0 0 0 0 0 0 0 10 5 1 
11924 0 0 0 0 0 0 0 0 0 0 10 5 1 
11974 0 0 0 0 0 0 0 0 0 0 10 5 1 
12025 0 0 0 0 0 0 0 0 0 0 10 5 1 
12075 0 0 0 0 0 0 0 0 0 0 10 5 1 
12125 0 0 0 0 0 0 0 0 0 0 10 5 1 
12175 0 0 0 0 0 0 0 0 0 0 10 5 1 
12225 0 0 0 0 0 0 0 0 0 0 10 5 1 
12275 0 0 0 0 0 0 0 0 0 0 10 5 1 
12325 0 0 0 0 0 0 0 0 0 0 10 5 1 
12375 0 0 0 0 0 0 0 0 0 0 10 5 1 
12425 0 0 0 0 0 0 0 0 0 0 10 5 1 
12475 0 0 0 0 0 0 0 0 0 0 10 5 1 
12525 0 0 0 0 0 0 0 0 0 0 10 5 1 
12576 0 0 0 0 0 0 0 0 0 0 10 5 1 
12626 0 0 0 0 0 0 0 0 0 0 10 5 1 
12676 0 0 0 0 0 0 0 0 0 0 10 5 1 
12726 0 0 0 0 0 0 0 0 0 0 10 5 1 
12776 0 0 0 0 0 0 0 0 0 0 10 5 1 
12826 0 0 0 0 0 0 0 0 0 0 10 5 1 
12876 0 0 0 0 0 0 0 0 0 0 10 5 1 
12926 0 0 0 0 0 0 0 0 0 0 10 5 1 
12976 0 0 0 0 0 0 0 0 0 0 10 5 1 
13026 0 0 0 0 0 0 0 0 0 0 10 5 1 
13077 0 0 0 0 0 0 0 0 0 0 10 5 1 
13127 0 0 0 0 0 0 0 0 0 0 10 5 1 
13177 0 0 0 0 0 0 0 0 0 0 10 5 1 
13227 0 0 0 0 0 0 0 0 0 0 10 5 1 
