4737454 1 2 3 4 5 6 7 8 9 10 11 12 13 
4737504 1 2 3 4 5 6 7 8 9 10 11 12 13 
4737555 1 2 3 4 5 6 7 8 9 10 11 12 13 
4737605 1 2 3 4 5 6 7 8 9 10 11 12 13 
4737655 1 2 3 4 5 6 7 8 9 10 11 12 13 
4737705 1 2 3 4 5 6 7 8 9 10 11 12 13 
4737755 1 2 3 4 5 6 7 8 9 10 11 12 13 
4737805 1 2 3 4 5 6 7 8 9 10 11 12 13 
4737855 1 2 3 4 5 6 7 8 9 10 11 12 13 
4737906 1 2 3 4 5 6 7 8 9 10 11 12 13 
4737956 1 2 3 4 5 6 7 8 9 10 11 12 13 
4738006 1 2 3 4 5 6 7 8 9 10 11 12 13 
4738056 1 2 3 4 5 6 7 8 9 10 11 12 13 
4738106 1 2 3 4 5 6 7 8 9 10 11 12 13 
4738156 1 2 3 4 5 6 7 8 9 10 11 12 13 
4738206 1 2 3 4 5 6 7 8 9 10 11 12 13 
4738256 1 2 3 4 5 6 7 8 9 10 11 12 13 
4738306 1 2 3 4 5 6 7 8 9 10 11 12 13 
4738356 1 2 3 4 5 6 7 8 9 10 11 12 13 
4738406 1 2 3 4 5 6 7 8 9 10 11 12 13 
4738457 1 2 3 4 5 6 7 8 9 10 11 12 13 
4738507 1 2 3 4 5 6 7 8 9 10 11 12 13 
4738557 1 2 3 4 5 6 7 8 9 10 11 12 13 
4738607 1 2 3 4 5 6 7 8 9 10 11 12 13 
4738657 1 2 3 4 5 6 7 8 9 10 11 12 13 
4738707 1 2 3 4 5 6 7 8 9 10 11 12 13 
4738757 1 2 3 4 5 6 7 8 9 10 11 12 13 
4738807 1 2 3 4 5 6 7 8 9 10 11 12 13 
4738857 1 2 3 4 5 6 7 8 9 10 11 12 13 
4738908 1 2 3 4 5 6 7 8 9 10 11 12 13 
4738958 1 2 3 4 5 6 7 8 9 10 11 12 13 
4739008 1 2 3 4 5 6 7 8 9 10 11 12 13 
4739058 1 2 3 4 5 6 7 8 9 10 11 12 13 
4739108 1 2 3 4 5 6 7 8 9 10 11 12 13 
4739158 1 2 3 4 5 6 7 8 9 10 11 12 13 
4739208 1 2 3 4 5 6 7 8 9 10 11 12 13 
4739258 1 2 3 4 5 6 7 8 9 10 11 12 13 
4739308 1 2 3 4 5 6 7 8 9 10 11 12 13 
4739358 1 2 3 4 5 6 7 8 9 10 11 12 13 
4739409 1 2 3 4 5 6 7 8 9 10 11 12 13 
4739459 1 2 3 4 5 6 7 8 9 10 11 12 13 
4739509 1 2 3 4 5 6 7 8 9 10 11 12 13 
4739559 1 2 3 4 5 6 7 8 9 10 11 12 13 
4739609 1 2 3 4 5 6 7 8 9 10 11 12 13 
4739659 1 2 3 4 5 6 7 8 9 10 11 12 13 
4739709 1 2 3 4 5 6 7 8 9 10 11 12 13 
4739759 1 2 3 4 5 6 7 8 9 10 11 12 13 
4739809 1 2 3 4 5 6 7 8 9 10 11 12 13 
4739859 1 2 3 4 5 6 7 8 9 10 11 12 13 
4739909 1 2 3 4 5 6 7 8 9 10 11 12 13 
4739960 1 2 3 4 5 6 7 8 9 10 11 12 13 
4740010 1 2 3 4 5 6 7 8 9 10 11 12 13 
4740060 1 2 3 4 5 6 7 8 9 10 11 12 13 
4740110 1 2 3 4 5 6 7 8 9 10 11 12 13 
4740160 1 2 3 4 5 6 7 8 9 10 11 12 13 
4740210 1 2 3 4 5 6 7 8 9 10 11 12 13 
4740260 1 2 3 4 5 6 7 8 9 10 11 12 13 
4740310 1 2 3 4 5 6 7 8 9 10 11 12 13 
4740360 1 2 3 4 5 6 7 8 9 10 11 12 13 
4740410 1 2 3 4 5 6 7 8 9 10 11 12 13 
4740460 1 2 3 4 5 6 7 8 9 10 11 12 13 
4740511 1 2 3 4 5 6 7 8 9 10 11 12 13 
4740561 1 2 3 4 5 6 7 8 9 10 11 12 13 
4740611 1 2 3 4 5 6 7 8 9 10 11 12 13 
4740661 1 2 3 4 5 6 7 8 9 10 11 12 13 
4740711 1 2 3 4 5 6 7 8 9 10 11 12 13 
4740761 1 2 3 4 5 6 7 8 9 10 11 12 13 
4740811 1 2 3 4 5 6 7 8 9 10 11 12 13 
4740861 1 2 3 4 5 6 7 8 9 10 11 12 13 
4740911 1 2 3 4 5 6 7 8 9 10 11 12 13 
4740961 1 2 3 4 5 6 7 8 9 10 11 12 13 
4741011 1 2 3 4 5 6 7 8 9 10 11 12 13 
4741062 1 2 3 4 5 6 7 8 9 10 11 12 13 
4741112 1 2 3 4 5 6 7 8 9 10 11 12 13 
4741162 1 2 3 4 5 6 7 8 9 10 11 12 13 
4741212 1 2 3 4 5 6 7 8 9 10 11 12 13 
4741262 1 2 3 4 5 6 7 8 9 10 11 12 13 
4741312 1 2 3 4 5 6 7 8 9 10 11 12 13 
4741362 1 2 3 4 5 6 7 8 9 10 11 12 13 
4741412 1 2 3 4 5 6 7 8 9 10 11 12 13 
4741462 1 2 3 4 5 6 7 8 9 10 11 12 13 
4741513 1 2 3 4 5 6 7 8 9 10 11 12 13 
4741563 1 2 3 4 5 6 7 8 9 10 11 12 13 
4741613 1 2 3 4 5 6 7 8 9 10 11 12 13 
4741663 1 2 3 4 5 6 7 8 9 10 11 12 13 
4741713 1 2 3 4 5 6 7 8 9 10 11 12 13 
4741763 1 2 3 4 5 6 7 8 9 10 11 12 13 
4741813 1 2 3 4 5 6 7 8 9 10 11 12 13 
4741863 1 2 3 4 5 6 7 8 9 10 11 12 13 
4741913 1 2 3 4 5 6 7 8 9 10 11 12 13 
4741963 1 2 3 4 5 6 7 8 9 10 11 12 13 
4742013 1 2 3 4 5 6 7 8 9 10 11 12 13 
4742064 1 2 3 4 5 6 7 8 9 10 11 12 13 
4742114 1 2 3 4 5 6 7 8 9 10 11 12 13 
4742164 1 2 3 4 5 6 7 8 9 10 11 12 13 
4742214 1 2 3 4 5 6 7 8 9 10 11 12 13 
4742264 1 2 3 4 5 6 7 8 9 10 11 12 13 
4742314 1 2 3 4 5 6 7 8 9 10 11 12 13 
4742364 1 2 3 4 5 6 7 8 9 10 11 12 13 
4742414 1 2 3 4 5 6 7 8 9 10 11 12 13 
4742464 1 2 3 4 5 6 7 8 9 10 11 12 13 
4742514 1 2 3 4 5 6 7 8 9 10 11 12 13 
4742564 1 2 3 4 5 6 7 8 9 10 11 12 13 
4742614 1 2 3 4 5 6 7 8 9 10 11 12 13 
4742665 1 2 3 4 5 6 7 8 9 10 11 12 13 
4742715 1 2 3 4 5 6 7 8 9 10 11 12 13 
4742765 1 2 3 4 5 6 7 8 9 10 11 12 13 
4742815 1 2 3 4 5 6 7 8 9 10 11 12 13 
4742865 1 2 3 4 5 6 7 8 9 10 11 12 13 
4742915 1 2 3 4 5 6 7 8 9 10 11 12 13 
4742965 1 2 3 4 5 6 7 8 9 10 11 12 13 
4743015 1 2 3 4 5 6 7 8 9 10 11 12 13 
4743065 1 2 3 4 5 6 7 8 9 10 11 12 13 
4743115 1 2 3 4 5 6 7 8 9 10 11 12 13 
4743166 1 2 3 4 5 6 7 8 9 10 11 12 13 
4743216 1 2 3 4 5 6 7 8 9 10 11 12 13 
4743266 1 2 3 4 5 6 7 8 9 10 11 12 13 
4743316 1 2 3 4 5 6 7 8 9 10 11 12 13 
4743366 1 2 3 4 5 6 7 8 9 10 11 12 13 
4743416 1 2 3 4 5 6 7 8 9 10 11 12 13 
4743466 1 2 3 4 5 6 7 8 9 10 11 12 13 
4743516 1 2 3 4 5 6 7 8 9 10 11 12 13 
4743566 1 2 3 4 5 6 7 8 9 10 11 12 13 
4743616 1 2 3 4 5 6 7 8 9 10 11 12 13 
4743666 1 2 3 4 5 6 7 8 9 10 11 12 13 
4743717 1 2 3 4 5 6 7 8 9 10 11 12 13 
4743767 1 2 3 4 5 6 7 8 9 10 11 12 13 
4743817 1 2 3 4 5 6 7 8 9 10 11 12 13 
4743867 1 2 3 4 5 6 7 8 9 10 11 12 13 
4743917 1 2 3 4 5 6 7 8 9 10 11 12 13 
4743967 1 2 3 4 5 6 7 8 9 10 11 12 13 
4744017 1 2 3 4 5 6 7 8 9 10 11 12 13 
4744067 1 2 3 4 5 6 7 8 9 10 11 12 13 
4744117 1 2 3 4 5 6 7 8 9 10 11 12 13 
4744167 1 2 3 4 5 6 7 8 9 10 11 12 13 
4744218 1 2 3 4 5 6 7 8 9 10 11 12 13 
4744268 1 2 3 4 5 6 7 8 9 10 11 12 13 
4744318 1 2 3 4 5 6 7 8 9 10 11 12 13 
4744368 1 2 3 4 5 6 7 8 9 10 11 12 13 
4744418 1 2 3 4 5 6 7 8 9 10 11 12 13 
4744468 1 2 3 4 5 6 7 8 9 10 11 12 13 
4744518 1 2 3 4 5 6 7 8 9 10 11 12 13 
4744568 1 2 3 4 5 6 7 8 9 10 11 12 13 
4744618 1 2 3 4 5 6 7 8 9 10 11 12 13 
4744668 1 2 3 4 5 6 7 8 9 10 11 12 13 
4744718 1 2 3 4 5 6 7 8 9 10 11 12 13 
4744769 1 2 3 4 5 6 7 8 9 10 11 12 13 
4744819 1 2 3 4 5 6 7 8 9 10 11 12 13 
4744869 1 2 3 4 5 6 7 8 9 10 11 12 13 
4744919 1 2 3 4 5 6 7 8 9 10 11 12 13 
4744970 1 2 3 4 5 6 7 8 9 10 11 12 13 
4745020 1 2 3 4 5 6 7 8 9 10 11 12 13 
4745070 1 2 3 4 5 6 7 8 9 10 11 12 13 
4745120 1 2 3 4 5 6 7 8 9 10 11 12 13 
4745170 1 2 3 4 5 6 7 8 9 10 11 12 13 
4745220 1 2 3 4 5 6 7 8 9 10 11 12 13 
4745270 1 2 3 4 5 6 7 8 9 10 11 12 13 
4745320 1 2 3 4 5 6 7 8 9 10 11 12 13 
4745370 1 2 3 4 5 6 7 8 9 10 11 12 13 
4745420 1 2 3 4 5 6 7 8 9 10 11 12 13 
4745471 1 2 3 4 5 6 7 8 9 10 11 12 13 
4745521 1 2 3 4 5 6 7 8 9 10 11 12 13 
4745571 1 2 3 4 5 6 7 8 9 10 11 12 13 
4745621 1 2 3 4 5 6 7 8 9 10 11 12 13 
4745671 1 2 3 4 5 6 7 8 9 10 11 12 13 
4745721 1 2 3 4 5 6 7 8 9 10 11 12 13 
4745771 1 2 3 4 5 6 7 8 9 10 11 12 13 
4745821 1 2 3 4 5 6 7 8 9 10 11 12 13 
4745871 1 2 3 4 5 6 7 8 9 10 11 12 13 
4745921 1 2 3 4 5 6 7 8 9 10 11 12 13 
4745972 1 2 3 4 5 6 7 8 9 10 11 12 13 
4746022 1 2 3 4 5 6 7 8 9 10 11 12 13 
4746072 1 2 3 4 5 6 7 8 9 10 11 12 13 
4746122 1 2 3 4 5 6 7 8 9 10 11 12 13 
4746172 1 2 3 4 5 6 7 8 9 10 11 12 13 
4746222 1 2 3 4 5 6 7 8 9 10 11 12 13 
4746272 1 2 3 4 5 6 7 8 9 10 11 12 13 
4746322 1 2 3 4 5 6 7 8 9 10 11 12 13 
4746372 1 2 3 4 5 6 7 8 9 10 11 12 13 
4746422 1 2 3 4 5 6 7 8 9 10 11 12 13 
4746473 1 2 3 4 5 6 7 8 9 10 11 12 13 
4746523 1 2 3 4 5 6 7 8 9 10 11 12 13 
4746573 1 2 3 4 5 6 7 8 9 10 11 12 13 
4746623 1 2 3 4 5 6 7 8 9 10 11 12 13 
4746673 1 2 3 4 5 6 7 8 9 10 11 12 13 
4746723 1 2 3 4 5 6 7 8 9 10 11 12 13 
4746773 1 2 3 4 5 6 7 8 9 10 11 12 13 
4746823 1 2 3 4 5 6 7 8 9 10 11 12 13 
4746873 1 2 3 4 5 6 7 8 9 10 11 12 13 
4746923 1 2 3 4 5 6 7 8 9 10 11 12 13 
4746973 1 2 3 4 5 6 7 8 9 10 11 12 13 
4747024 1 2 3 4 5 6 7 8 9 10 11 12 13 
4747074 1 2 3 4 5 6 7 8 9 10 11 12 13 
4747124 1 2 3 4 5 6 7 8 9 10 11 12 13 
4747174 1 2 3 4 5 6 7 8 9 10 11 12 13 
4747224 1 2 3 4 5 6 7 8 9 10 11 12 13 
4747274 1 2 3 4 5 6 7 8 9 10 11 12 13 
4747324 1 2 3 4 5 6 7 8 9 10 11 12 13 
4747374 1 2 3 4 5 6 7 8 9 10 11 12 13 
4747424 1 2 3 4 5 6 7 8 9 10 11 12 13 
4747474 1 2 3 4 5 6 7 8 9 10 11 12 13 
4747525 1 2 3 4 5 6 7 8 9 10 11 12 13 
4747575 1 2 3 4 5 6 7 8 9 10 11 12 13 
4747625 1 2 3 4 5 6 7 8 9 10 11 12 13 
4747675 1 2 3 4 5 6 7 8 9 10 11 3328 -13042 18545 256 3 5 7 9 10 3072 -256 18545 512 1024 1280 6 8 10 12 29233 256 768 5 7 2560 11 13 25358 18546 512 4 1536 8 9 10 12 -27378 256 768 
