1393696374 534 493 239 434 631 -42 -47 11 6 0 1 -47 -23 18 6 0 0 
1396183960 536 423 464 549 433 -34 -1 -18 -6 0 0 -39 -1 -19 -5 0 0 
1397389594 535 497 567 444 314 26 -51 10 -2 0 -3 40 -51 5 -2 0 -2 
1398707152 535 498 507 504 329 -5 -8 -8 1 1 -2 9 0 -12 0 1 -1 
1399901954 536 534 438 459 492 -17 -65 31 6 0 -2 -12 -65 10 5 0 -2 
1401216738 535 523 315 413 588 -4 -47 19 6 -1 -3 12 -27 4 6 0 0 
1402411546 536 473 257 473 592 13 -37 -12 6 -2 -1 -3 -57 9 6 -2 -1 
1403693136 537 468 374 501 472 -30 -13 -17 3 -3 -1 -20 -21 -17 3 -3 -1 
1404931538 537 378 479 558 397 10 -51 11 -3 -1 -4 7 -24 31 -3 0 -2 
1406212722 537 494 513 483 382 23 -10 44 -2 2 3 -3 30 0 -2 2 3 
1408696726 536 552 431 388 479 63 -16 46 5 4 5 27 -23 37 5 3 5 
1410091510 537 462 359 476 533 -48 5 -52 5 -1 4 -56 1 -51 5 -1 3 
1411205918 537 427 329 513 533 60 61 7 5 -3 3 61 63 15 6 -3 3 
1412605908 536 404 419 543 453 11 9 -37 0 -2 0 13 18 -29 0 -1 0 
1413717380 537 442 434 528 461 29 2 22 -2 -1 -3 61 54 34 -2 1 -1 
1415120180 535 578 539 407 383 -15 17 3 0 2 -4 8 36 -39 0 2 -3 
1416235502 535 578 479 413 413 5 -82 38 2 1 -5 17 -42 57 1 1 -4 
1417632960 537 538 416 427 472 23 -29 33 5 0 -4 -1 -12 12 4 0 -2 
1418741088 537 493 353 456 548 45 9 70 3 -3 -2 42 36 34 3 -3 0 
1421255880 536 423 356 564 543 15 -30 1 0 -2 -3 43 -1 10 0 -1 -2 
1422822676 537 498 411 449 448 14 -8 21 -3 2 -2 -8 25 57 -2 2 0 
1423748272 537 555 426 434 463 21 -59 15 -1 3 -5 34 -47 21 -1 3 -4 
1425351466 537 501 472 419 389 33 -4 -1 1 1 -3 15 -3 -1 1 1 -1 
1426270452 538 492 446 431 449 -27 -80 2 3 -2 2 -23 -70 14 3 -2 0 
1427834266 537 336 296 558 597 -12 -43 10 6 -4 0 -7 -27 -20 6 -4 0 
1428752650 535 344 197 567 631 -16 -31 -16 5 -3 0 -20 -37 18 5 -3 0 
1430385056 536 456 322 492 547 -22 12 12 0 1 -1 -14 29 2 0 1 -1 
1431262142 537 528 382 432 517 2 -71 4 1 2 0 -1 -72 19 0 2 0 
1433784540 536 533 552 401 392 -17 -95 -2 -5 1 1 -29 -87 22 -5 1 2 
1435506240 536 408 513 528 413 -24 -34 -12 0 -4 0 -30 -26 0 0 -3 0 
1436303026 535 353 423 573 493 -43 -22 26 3 -4 0 -44 -14 4 3 -4 0 
1438036226 536 434 284 483 603 12 -25 14 6 -1 0 -12 -18 27 6 -1 0 
1438791030 536 464 209 498 618 -23 -12 40 4 1 0 -25 -16 4 4 0 0 
1440541818 537 554 344 407 503 26 -51 11 2 2 -1 30 -76 15 2 2 -1 
1441298616 536 607 404 347 467 23 -103 -16 -1 2 0 20 -92 9 -1 2 0 
1443774614 537 419 483 513 411 -23 -47 7 -2 -3 -1 -14 -35 15 -2 -3 -1 
1443933802 537 419 483 513 411 9 -51 38 -2 -1 -1 -2 -54 30 -2 -2 0 
1446330900 536 359 381 573 546 29 -59 -7 7 -1 2 -16 -75 9 7 -1 2 
1448242200 536 488 359 463 530 1 -19 3 6 6 0 26 -69 31 6 6 0 
1448800598 536 533 314 418 561 20 -72 -8 4 4 0 10 -69 19 4 3 -1 
1450756480 537 562 479 383 374 -20 7 -9 1 2 1 -9 -7 9 1 2 0 
1451312458 537 489 498 458 374 -49 -81 7 -3 -2 0 -17 -53 4 -3 -2 -1 
1453272972 534 386 553 593 312 9 39 20 3 -4 0 -28 3 10 3 -5 0 
1453831376 536 401 508 578 357 17 -46 -13 2 -5 -2 -17 -75 -11 2 -5 -1 
1455784458 537 464 359 513 522 41 23 2 8 3 0 6 19 -41 7 2 0 
1456340036 535 509 314 438 552 46 -42 -36 10 4 -2 18 -49 -17 9 3 -2 
1458845754 536 558 197 423 512 -34 -57 -5 3 0 -4 -14 -53 -21 1 0 -4 
1460928554 535 428 503 585 359 15 -40 21 -7 -4 -3 13 2 29 -7 -4 -3 
1461325358 535 398 533 607 329 -12 8 -22 -5 -3 -2 -6 -21 0 -4 -3 -1 
1463455352 536 479 509 510 317 -2 -84 33 0 0 -3 9 -42 31 0 0 -3 
1463853738 536 509 539 493 287 -14 55 30 1 3 -1 -32 42 -18 1 3 -1 
1465973618 534 552 330 398 538 10 -58 -63 7 3 -1 -3 -70 -22 7 3 0 
1466366542 535 564 315 353 553 -2 37 -24 10 1 0 6 42 -24 10 1 -1 
1468488416 534 422 161 548 594 -16 -20 8 4 -3 -2 -19 -20 32 3 -3 -2 
1468847210 535 392 161 578 620 -5 30 -30 4 -4 -2 10 29 -41 4 -4 -2 
1471364120 536 371 512 558 323 -38 1 15 -5 0 -1 -52 -2 20 -5 0 -1 
1473683706 534 566 543 359 296 -19 30 41 -2 5 0 -22 52 40 -2 5 0 
1473881318 535 581 528 344 311 -5 -72 40 3 5 -1 -33 -57 68 2 4 -1 
1476186110 537 482 318 374 573 -21 47 -5 10 -2 1 -18 32 -10 10 -2 0 
1476384098 537 482 318 374 588 8 -53 18 10 -5 -1 4 -37 11 8 -4 -1 
1478697584 532 266 198 623 638 -28 24 -51 7 -7 1 -7 26 -42 7 -6 1 
1478895296 533 251 183 638 653 -44 -48 8 4 -5 -1 -12 -7 -4 4 -5 -2 
1481210088 537 432 468 473 428 -83 13 16 -2 3 0 -40 13 15 -3 3 0 
1481367294 537 432 468 473 428 46 -25 31 -5 6 -3 24 -6 30 -4 5 -1 
1483890080 532 664 559 222 289 54 -32 -12 1 6 -1 42 -57 10 0 5 -1 
1486378066 536 379 336 526 592 4 24 -46 7 -8 -1 31 4 -5 7 -6 -2 
1486495948 535 379 336 526 592 -94 -103 27 8 -8 2 -91 -59 31 7 -8 2 
1488870540 531 211 201 671 627 -56 -61 7 2 -4 2 -70 -43 -25 2 -4 2 
1489028070 530 211 201 671 627 52 -27 -12 5 -2 0 20 -43 -28 5 -3 0 
1491387532 536 511 516 394 400 25 -26 -10 -8 10 1 36 -15 4 -7 10 0 
1491544156 536 511 516 394 400 9 -79 -49 -3 10 -2 17 -79 -26 -4 10 -1 
1493910448 531 643 619 181 243 -57 73 -22 -1 5 1 -42 78 -51 -1 5 1 
1494067642 531 643 619 181 243 -4 -35 -13 -1 3 0 -12 -33 -41 -1 3 0 
1496437242 533 327 298 569 632 -25 -98 9 11 -9 -1 -8 -95 41 9 -7 0 
1498925178 533 122 238 632 569 14 70 -38 7 -4 0 -2 -6 -68 8 -5 1 
1499084026 533 137 253 617 554 -22 30 -63 5 -3 0 41 