921392 0 0 0 0 0 0 0 0 0 0 0 1 256 
921443 0 0 0 0 0 0 0 0 0 0 0 1 256 
921493 0 0 0 0 0 0 0 0 0 0 0 1 256 
921543 0 0 0 0 0 0 0 0 0 0 0 1 256 
921593 0 0 0 0 0 0 0 0 0 0 0 1 256 
921643 0 0 0 0 0 0 0 0 0 0 0 1 256 
921693 0 0 0 0 0 0 0 0 0 0 0 1 256 
921743 0 0 0 0 0 0 0 0 0 0 0 1 256 
921793 0 0 0 0 0 0 0 0 0 0 0 1 256 
921844 0 0 0 0 0 0 0 0 0 0 0 1 256 
921894 0 0 0 0 0 0 0 0 0 0 0 1 256 
921944 0 0 0 0 0 0 0 0 0 0 0 1 256 
921994 0 0 0 0 0 0 0 0 0 0 0 1 256 
922044 0 0 0 0 0 0 0 0 0 0 0 1 256 
922094 0 0 0 0 0 0 0 0 0 0 0 1 256 
922144 0 0 0 0 0 0 0 0 0 0 0 1 256 
922194 0 0 0 0 0 0 0 0 0 0 0 1 256 
922245 0 0 0 0 0 0 0 0 0 0 0 1 256 
922295 0 0 0 0 0 0 0 0 0 0 0 1 256 
922345 0 0 0 0 0 0 0 0 0 0 0 1 256 
922395 0 0 0 0 0 0 0 0 0 0 0 1 256 
922445 0 0 0 0 0 0 0 0 0 0 0 1 256 
922495 0 0 0 0 0 0 0 0 0 0 0 1 256 
922545 0 0 0 0 0 0 0 0 0 0 0 1 256 
922595 0 0 0 0 0 0 0 0 0 0 0 1 256 
922645 0 0 0 0 0 0 0 0 0 0 0 1 256 
922695 0 0 0 0 0 0 0 0 0 0 0 1 256 
922745 0 0 0 0 0 0 0 0 0 0 0 1 256 
922796 0 0 0 0 0 0 0 0 0 0 0 1 256 
922846 0 0 0 0 0 0 0 0 0 0 0 1 256 
922896 0 0 0 0 0 0 0 0 0 0 0 1 256 
922946 0 0 0 0 0 0 0 0 0 0 0 1 256 
922996 0 0 0 0 0 0 0 0 0 0 0 1 256 
923046 0 0 0 0 0 0 0 0 0 0 0 1 256 
923096 0 0 0 0 0 0 0 0 0 0 0 1 256 
923146 0 0 0 0 0 0 0 0 0 0 0 1 256 
923196 0 0 0 0 0 0 0 0 0 0 0 1 256 
923246 0 0 0 0 0 0 0 0 0 0 0 1 256 
923297 0 0 0 0 0 0 0 0 0 0 0 1 256 
923347 0 0 0 0 0 0 0 0 0 0 0 1 256 
923397 0 0 0 0 0 0 0 0 0 0 0 1 256 
923447 0 0 0 0 0 0 0 0 0 0 0 1 256 
923497 0 0 0 0 0 0 0 0 0 0 0 1 256 
923547 0 0 0 0 0 0 0 0 0 0 0 1 256 
923597 0 0 0 0 0 0 0 0 0 0 0 1 256 
923647 0 0 0 0 0 0 0 0 0 0 0 1 256 
923697 0 0 0 0 0 0 0 0 0 0 0 1 256 
923747 0 0 0 0 0 0 0 0 0 0 0 1 256 
923798 0 0 0 0 0 0 0 0 0 0 0 1 256 
923848 0 0 0 0 0 0 0 0 0 0 0 1 256 
923898 0 0 0 0 0 0 0 0 0 0 0 1 256 
923948 0 0 0 0 0 0 0 0 0 0 0 1 256 
923998 0 0 0 0 0 0 0 0 0 0 0 1 256 
924048 0 0 0 0 0 0 0 0 0 0 0 1 256 
924098 0 0 0 0 0 0 0 0 0 0 0 1 256 
924148 0 0 0 0 0 0 0 0 0 0 0 1 256 
924198 0 0 0 0 0 0 0 0 0 0 0 1 256 
924248 0 0 0 0 0 0 0 0 0 0 0 1 256 
924298 0 0 0 0 0 0 0 0 0 0 0 1 256 
924348 0 0 0 0 0 0 0 0 0 0 0 1 256 
924399 0 0 0 0 0 0 0 0 0 0 0 1 256 
924449 0 0 0 0 0 0 0 0 0 0 0 1 256 
924499 0 0 0 0 0 0 0 0 0 0 0 1 256 
924549 0 0 0 0 0 0 0 0 0 0 0 1 256 
924599 0 0 0 0 0 0 0 0 0 0 0 1 256 
924649 0 0 0 0 0 0 0 0 0 0 0 1 256 
924699 0 0 0 0 0 0 0 0 0 0 0 1 256 
924749 0 0 0 0 0 0 0 0 0 0 0 1 256 
924800 0 0 0 0 0 0 0 0 0 0 0 1 256 
924850 0 0 0 0 0 0 0 0 0 0 0 1 256 
924900 0 0 0 0 0 0 0 0 0 0 0 1 256 
924950 0 0 0 0 0 0 0 0 0 0 0 1 256 
925000 0 0 0 0 0 0 0 0 0 0 0 1 256 
925050 0 0 0 0 0 0 0 0 0 0 0 1 256 
925100 0 0 0 0 0 0 0 0 0 0 0 1 256 
925150 0 0 0 0 0 0 0 0 0 0 0 1 256 
925200 0 0 0 0 0 0 0 0 0 0 0 1 256 
925250 0 0 0 0 0 0 0 0 0 0 0 1 256 
925301 0 0 0 0 0 0 0 0 0 0 0 1 256 
925351 0 0 0 0 0 0 0 0 0 0 0 1 256 
925401 0 0 0 0 0 0 0 0 0 0 0 1 256 
925451 0 0 0 0 0 0 0 0 0 0 0 1 256 
925501 0 0 0 0 0 0 0 0 0 0 0 1 256 
925551 0 0 0 0 0 0 0 0 0 0 0 1 256 
925601 0 0 0 0 0 0 0 0 0 0 0 1 256 
925651 0 0 0 0 0 0 0 0 0 0 0 1 256 
925701 0 0 0 0 0 0 0 0 0 0 0 1 256 
925751 0 0 0 0 0 0 0 0 0 0 0 1 256 
925802 0 0 0 0 0 0 0 0 0 0 0 1 256 
925852 0 0 0 0 0 0 0 0 0 0 0 1 256 
925902 0 0 0 0 0 0 0 0 0 0 0 1 256 
925952 0 0 0 0 0 0 0 0 0 0 0 1 256 
926002 0 0 0 0 0 0 0 0 0 0 0 1 256 
926052 0 0 0 0 0 0 0 0 0 0 0 1 256 
926102 0 0 0 0 0 0 0 0 0 0 0 1 256 
926152 0 0 0 0 0 0 0 0 0 0 0 1 256 
926202 0 0 0 0 0 0 0 0 0 0 0 1 256 
926252 0 0 0 0 0 0 0 0 0 0 0 1 256 
926302 0 0 0 0 0 0 0 0 0 0 0 1 256 
926353 0 0 0 0 0 0 0 0 0 0 0 1 256 
926403 0 0 0 0 0 0 0 0 0 0 0 1 256 
926453 0 0 0 0 0 0 0 0 0 0 0 1 256 
926503 0 0 0 0 0 0 0 0 0 0 0 1 256 
926553 0 0 0 0 0 0 0 0 0 0 0 1 256 
926603 0 0 0 0 0 0 0 0 0 0 0 1 256 
926653 0 0 0 0 0 0 0 0 0 0 0 1 256 
926703 0 0 0 0 0 0 0 0 0 0 0 1 256 
926753 0 0 0 0 0 0 0 0 0 0 0 1 256 
