750913968 0 3 -2 0 0 0 0 0 0 0 0 0 
753430026 0 2 -1 0 0 0 0 0 0 0 0 0 
755514762 -2 3 1 0 0 -1 0 0 0 0 0 0 
755947568 -2 3 1 0 -1 0 0 0 0 0 0 0 
758033564 -1 3 0 0 -1 0 0 0 0 0 0 0 
758426758 0 2 0 0 0 -1 0 0 0 0 0 0 
760550748 2 2 1 0 0 0 0 0 0 0 0 0 
760943954 2 2 1 0 0 0 0 0 0 0 0 0 
763068758 1 3 1 0 1 0 0 0 0 0 0 0 
763461958 0 3 1 0 1 0 0 0 0 0 0 0 
765940754 1 3 -1 0 1 -1 0 0 0 0 0 0 
768222352 -1 4 -1 -1 1 -1 0 0 0 0 0 0 
768457832 -1 3 -1 0 0 -1 0 0 0 0 0 -1 
770737948 1 2 -1 0 0 -1 0 0 0 0 0 0 
770973948 1 2 -2 0 0 -1 0 0 0 0 0 0 
773253938 -1 3 0 0 1 -1 0 0 0 0 0 0 
773489544 -1 3 0 0 1 -1 0 0 0 0 0 0 
775768734 -1 3 1 0 1 0 0 0 0 0 0 0 
775965954 0 2 2 -1 1 0 0 0 0 0 0 0 
778483532 0 2 0 0 2 0 0 0 0 0 0 0 
780923528 -1 2 -1 0 2 0 0 0 0 0 0 0 
781041528 -1 2 -1 0 2 -1 0 0 0 0 0 0 
783441524 -2 3 -2 0 2 -1 0 0 0 0 1 0 
783559924 -2 3 -2 0 2 -1 0 0 0 0 0 0 
785957528 -2 3 -2 0 1 -1 0 0 0 0 0 0 
786075528 -3 3 -2 0 0 -1 0 0 0 0 0 0 
788475518 -2 3 -2 1 0 -1 0 0 0 0 0 0 
788594192 -2 3 -2 1 0 -1 0 0 0 0 0 0 
791033920 -2 4 -2 1 0 0 0 0 0 0 0 0 
793511118 -2 5 -1 0 0 0 0 0 0 0 0 0 
793628712 -2 5 -2 0 0 0 0 0 0 0 0 0 
796026708 -1 4 -1 -1 0 0 0 0 0 0 0 0 
796144714 -1 5 -1 0 0 1 0 0 0 0 0 0 
798542698 0 4 1 -1 0 0 0 0 0 0 0 0 
798660704 -1 4 0 -1 0 1 0 0 0 0 0 0 
801022302 0 4 0 -1 1 0 0 0 0 0 0 0 
801140308 0 4 0 0 1 0 0 0 0 0 0 0 
803540986 -1 4 -1 0 1 -1 0 0 0 0 0 0 
806056788 -1 5 -1 0 1 -1 0 0 0 0 0 0 
806332970 -1 5 -1 0 1 -1 0 0 0 0 0 0 
808575766 -2 5 -1 0 0 0 0 0 0 0 0 0 
808850292 -1 4 -1 0 0 -1 0 0 0 0 0 0 
811052788 -1 3 0 0 0 -1 0 0 0 0 0 0 
811327488 -1 3 1 0 0 -1 0 0 0 0 0 0 
813571092 -1 3 -1 0 0 -1 0 0 0 0 0 0 
813846966 -1 2 0 1 1 -1 0 0 0 0 0 0 
816088288 -2 3 0 0 1 -1 0 0 0 0 0 0 
818567484 -1 5 -2 1 0 0 0 0 0 0 0 0 
819038722 -1 6 -2 1 0 0 0 0 0 0 0 0 
821084980 0 5 -1 0 1 0 0 0 0 0 0 0 
821517074 0 5 -2 -1 1 0 0 0 0 0 0 0 
823602678 0 4 -1 -2 1 -1 0 0 0 -1 0 0 
824035878 -1 5 -1 -1 1 -1 0 0 0 -1 0 0 
826083062 -1 4 -2 -1 1 0 0 0 0 0 0 0 
826555862 -2 4 -2 -1 1 0 0 0 0 0 0 0 
828603058 -2 3 0 -1 0 0 0 0 0 0 0 0 
831117862 -1 2 0 0 0 0 0 0 0 0 0 0 
831747910 -1 1 0 0 0 0 0 0 0 0 0 0 
833635452 0 3 1 0 0 0 0 0 0 0 0 0 
834226664 -1 3 1 1 0 0 0 0 0 0 0 0 
836113062 -1 3 1 1 0 0 0 0 0 0 0 0 
836742928 -1 4 1 1 0 0 0 0 0 0 0 0 
838632252 0 4 0 1 1 0 0 0 0 0 0 0 
839261856 1 4 0 1 1 1 0 0 0 0 0 0 
841149854 0 5 -1 1 1 1 0 0 0 0 0 0 
843627050 1 6 -1 -1 1 0 0 0 0 0 0 0 
844453438 0 6 -2 0 1 0 0 0 0 0 0 0 
846144248 0 7 -2 0 1 0 0 0 0 0 0 0 
846970646 0 7 -1 0 1 0 0 0 0 0 0 0 
848660244 0 6 -1 -1 1 0 0 0 0 0 0 0 
849486306 -1 6 -1 0 0 0 0 0 0 0 0 0 
851177840 0 6 -1 -1 0 0 0 0 0 0 0 0 
851965040 1 4 -1 -1 1 0 0 0 0 0 0 0 
853656232 0 5 0 -1 1 0 0 0 0 0 0 0 
856173478 0 5 1 -1 1 0 0 0 0 0 0 0 
857157826 0 4 1 -1 1 0 0 0 0 0 0 0 
858691024 -1 4 0 -1 1 -1 0 0 0 0 0 0 
859673830 -1 4 1 -1 1 -1 0 0 0 0 0 0 
861168622 -1 5 -1 0 1 -1 0 0 0 0 0 0 
862192220 -1 5 -1 1 1 -1 0 0 0 0 0 -1 
863688618 -2 5 -2 0 1 -2 0 0 0 0 0 -1 
864672886 -1 6 -2 0 1 -2 0 0 0 0 0 -2 
866206220 -3 6 -3 1 1 -2 0 0 0 0 0 -2 
868720218 -1 5 -2 0 0 -2 0 0 0 0 0 0 
869861260 -2 5 -2 -1 0 -1 0 0 0 0 0 0 
871199802 -2 4 -1 -1 0 -1 0 0 0 0 0 0 
872380206 -1 3 -1 -1 0 0 0 0 0 0 0 0 
873716998 -2 4 -1 0 0 0 0 0 0 0 0 0 
874898202 -2 5 0 0 0 0 0 0 0 0 0 0 
876235288 -1 4 1 -1 0 -1 0 0 0 0 0 0 
877414606 -1 5 1 -1 1 -1 0 0 0 0 0 0 
878711404 -1 5 -1 -1 1 -1 0 0 0 0 0 -1 
881228532 0 4 -1 -1 2 -2 0 0 0 0 1 -1 
882567792 -3 4 0 -1 2 -2 0 0 0 0 1 0 
883747396 -3 3 0 -1 1 -1 0 0 0 0 0 0 
885085782 -4 4 -2 -1 1 -1 0 0 0 0 0 0 
886265794 -3 4 -1 -1 0 -1 0 0 0 0 0 0 
887602984 -2 4 -2 0 0 -1 0 0 0 0 0 0 
888742990 -2 4 -2 0 0 -1 0 0 0 0 0 0 
890120588 -2 5 -1 0 0 -1 0 0 0 0 0 0 
891262180 -2 4 -2 0 0 -1 0 0 0 0 0 0 
893780970 -2 4 -1 -1 1 -1 0 0 0 0 0 0 
895275856 -2 3 0 -1 0 -1 0 0 0 0 0 0 
896260980 -1 3 0 0 0 0 0 0 0 0 0 0 
897796578 -1 3 1 0 0 0 0 0 0 0 0 0 
898779776 -2 3 1 0 0 0 0 0 0 0 0 0 
900314630 0 3 0 0 0 0 0 0 0 0 0 0 
901296560 0 3 -1 0 0 0 0 0 0 0 0 0 
902828964 -1 4 0 0 1 0 0 0 0 0 0 0 
903811356 -1 4 0 0 0 0 0 0 0 0 0 0 
906289354 -1 6 0 0 0 0 0 0 0 0 0 0 
907980158 0 5 -1 0 0 0 0 0 0 0 0 0 
908806950 0 5 0 0 0 0 0 0 0 0 0 0 
910499360 0 5 -1 0 0 0 0 0 0 0 0 0 
911323352 1 6 -2 0 0 0 0 0 0 0 0 0 
913015756 0 5 -1 -1 1 -1 0 0 0 0 0 0 
913802842 0 5 0 -1 1 0 0 0 0 0 0 0 
915533246 -1 5 -1 -1 1 0 0 0 0 0 0 0 
916319746 0 4 -1 0 1 0 0 0 0 0 0 0 
918836942 -2 5 0 -1 0 0 0 0 0 0 0 0 
920684420 -1 4 -1 0 0 0 0 0 0 0 0 0 
921352138 -1 4 -2 -1 1 0 0 0 0 0 0 0 
923200942 0 3 -1 0 0 0 0 0 0 0 0 0 
923830016 0 4 -1 0 0 0 0 0 0 0 0 0 
925717608 -1 5 -1 0 0 0 0 0 0 0 0 0 
926347738 -2 5 -1 0 1 0 0 0 0 0 0 0 
928236192 -2 5 -1 -1 1 -1 0 0 0 0 0 0 
928826522 -2 5 -1 -1 1 -1 0 0 0 0 0 0 
931344524 -1 4 -2 -1 0 -1 0 0 0 0 0 0 
933389734 -1 4 -1 -1 0 -1 0 0 0 0 0 0 
933862514 -2 4 -1 -1 0 -1 0 0 0 0 0 0 
935904524 -2 4 -2 -1 0 -1 0 0 0 0 0 0 
936376124 -1 3 -1 -1 0 -1 0 0 0 0 0 0 
938421314 -1 3 0 -1 1 -1 0 0 0 0 0 0 
938854782 0 2 -1 -1 0 -1 0 0 0 0 0 0 
940940512 -1 3 -1 -1 1 -1 0 0 0 0 0 0 
941373716 -2 4 -1 -1 0 -1 0 0 0 0 0 0 
943889856 0 2 0 -2 0 -2 0 0 0 0 0 0 
946132498 -1 2 0 -1 0 -1 0 0 0 0 0 0 
946407990 -1 2 0 -1 -1 -1 0 0 0 0 0 0 
948650100 0 0 2 -1 -1 -1 0 0 0 0 -1 0 
948885706 0 1 1 0 -2 -1 0 0 0 0 0 0 
951165302 1 1 0 0 0 -2 0 0 0 0 0 0 
951401690 2 1 0 0 0 -2 0 0 0 0 0 -1 
953643700 0 2 1 0 1 -3 0 0 0 0 0 -2 
953918492 0 2 1 0 1 -2 0 0 0 0 0 -1 
956396896 -1 1 -2 0 0 -1 0 0 0 0 0 -1 
958794886 -1 1 1 0 -1 -1 0 0 0 0 0 0 
958913292 -1 1 1 0 -1 -1 0 0 0 0 0 0 
961313408 2 1 -2 0 -1 -1 0 0 0 0 0 0 
961431682 2 1 -2 0 -1 -1 0 0 0 0 -1 0 
963829554 4 1 -1 0 0 -1 0 0 0 0 0 0 
963947284 4 1 -1 0 0 -1 0 0 0 0 0 0 
966346544 4 1 -1 0 1 -1 0 0 0 0 0 0 
966464082 3 2 -1 0 1 -1 0 0 0 0 0 0 
968942866 2 4 -1 0 2 0 0 0 0 0 1 0 
971460474 -1 4 -1 -2 2 0 0 0 0 -1 2 0 
971538874 -1 4 -1 -2 2 0 0 0 0 -1 2 0 
973978064 1 1 -2 -2 1 0 0 0 0 -1 0 0 
974056470 1 1 -3 -2 1 0 0 0 0 -1 0 0 
976456460 0 0 -3 -1 1 0 0 0 0 0 0 0 
976534860 0 0 -3 -1 1 0 0 0 0 0 0 0 
978974858 0 1 -1 0 0 0 0 0 0 0 0 0 
979053938 0 0 -1 0 0 -1 0 0 0 0 0 0 
981492628 1 0 -2 0 -1 -1 0 0 0 0 0 0 
983967250 1 3 -1 1 0 -1 0 0 0 0 0 0 
984204056 1 3 0 1 0 -1 0 0 0 0 0 0 
986486452 2 2 -1 -1 0 -1 0 0 0 0 0 0 
986722846 2 2 0 -1 -1 -1 0 0 0 0 0 0 
989004730 3 1 0 -1 0 0 0 0 0 0 0 0 
989240048 4 1 -1 -1 0 0 0 0 0 0 0 0 
991482464 2 0 1 0 1 0 0 0 0 0 0 0 
991758038 1 1 2 0 1 0 0 0 0 0 0 0 
994000036 1 0 1 -1 0 0 0 0 0 0 0 0 
996517238 3 0 0 0 0 0 0 0 0 0 0 0 
996948838 3 0 -1 1 0 0 0 0 0 0 0 0 
999032028 1 1 -1 1 1 0 0 0 0 0 0 0 
999464434 1 1 0 1 1 -1 0 0 0 0 0 0 
1001508488 2 2 0 0 0 -1 0 0 0 0 0 0 
1001941624 3 3 -1 0 0 -1 0 0 0 0 0 0 
1004026822 3 4 0 0 0 -1 0 0 0 0 0 0 
1004460026 3 3 -1 0 0 -1 0 0 0 0 0 0 
1006545218 4 2 2 0 0 -1 0 0 0 0 0 0 
1009062508 4 3 1 0 0 -1 0 0 0 0 0 0 
1009652020 5 3 1 0 0 -1 0 0 0 0 0 0 
1011541216 6 3 3 0 0 -1 0 0 0 0 0 0 
1012170810 6 2 4 0 0 -2 0 0 0 0 0 0 
1014058806 7 2 3 1 0 -2 0 0 0 0 0 -1 
1014648812 8 2 1 1 0 -2 0 0 0 0 0 -1 
1016574398 8 1 1 2 3 -3 0 0 0 2 3 -3 
1017164796 6 2 0 2 3 -4 0 0 0 2 3 -4 
1019089606 1 2 2 0 4 -6 0 0 0 0 4 -4 
1021567190 -1 1 -1 -3 3 -7 0 0 0 -3 3 -6 
1022353596 0 -1 -2 -2 3 -6 0 0 0 -2 3 -5 
1024083186 -2 -1 -1 -1 3 -3 0 0 0 0 3 -3 
1024868386 -3 0 -1 0 3 -2 0 0 0 0 3 -2 
1026599076 -3 0 -1 0 1 -1 0 0 0 0 1 0 
1027385188 -3 0 -1 0 1 -1 0 0 0 0 0 0 
1029114786 -1 3 -1 0 -1 -1 0 0 0 0 0 0 
1029899596 1 2 -1 0 -1 -1 0 0 0 0 0 0 
1031591982 1 5 -4 0 -1 0 0 0 0 0 0 0 
1034112784 0 4 -5 -2 0 -2 0 0 0 0 0 0 
1035055578 0 3 -5 -2 -1 -2 0 0 0 -1 0 -1 
1036630374 2 0 -5 -3 -1 -2 0 0 0 -3 -1 -2 
1037574774 2 -1 -5 -3 -1 -3 0 0 0 -3 0 -3 
1039109178 4 -2 -3 -1 -1 -1 0 0 0 -2 0 -1 
1040092364 4 -3 -1 0 -1 -1 0 0 0 0 0 0 
1041624768 4 -3 -1 0 -1 -1 0 0 0 0 0 0 
1042607160 3 -2 0 -1 0 -1 0 0 0 0 0 0 
1044141246 2 1 1 -1 0 -1 0 0 0 0 0 0 
1046620648 2 1 1 -3 0 -1 0 0 0 -3 0 0 
1047761152 2 0 0 -2 0 0 0 0 0 -2 0 0 
1049136358 2 -2 0 -2 0 0 0 0 0 -2 0 0 
1050276356 1 -4 1 -2 0 0 0 0 0 -2 0 0 
1051652360 1 -4 1 -1 -1 0 0 0 0 0 0 0 
1052793552 1 -6 2 0 -1 0 0 0 0 0 0 0 
1054170476 2 -4 3 1 -1 0 0 0 0 0 0 0 
1055312754 3 -3 2 2 -2 -1 0 0 0 1 -1 0 
1056650252 5 -1 0 3 -1 -1 0 0 0 2 0 0 
1059167536 6 1 -2 3 0 -2 0 0 0 3 0 -1 
1060465548 7 0 -2 2 1 -2 0 0 0 2 0 -1 
1061684746 6 1 -3 0 2 -2 0 0 0 0 1 -1 
1062980344 5 3 -4 -1 2 -2 0 0 0 0 1 -1 
1064160342 5 1 -3 -2 2 -2 0 0 0 -1 1 -1 
1065496334 3 1 -4 -2 2 -1 0 0 0 -1 2 0 
1066675126 2 1 -3 -2 2 0 0 0 0 -2 2 0 
1068012324 1 -2 -2 -3 2 0 0 0 0 -3 2 0 
1069191136 0 -3 -2 -3 1 -1 0 0 0 -3 0 0 
1071706726 -1 -5 -1 -2 0 -1 0 0 0 -2 0 0 
1073162316 0 -7 -1 -1 -1 0 0 0 0 0 0 0 
1074184596 1 -7 0 1 -1 0 0 0 0 0 0 0 
1075679526 1 -6 0 2 -1 0 0 0 0 1 0 0 
1076701118 2 -5 -1 2 -1 0 0 0 0 1 0 0 
1078195916 2 -3 0 2 -1 -1 0 0 0 2 0 0 
1079219514 2 -1 -1 2 0 -1 0 0 0 2 0 0 
1080715844 3 0 -1 1 0 -1 0 0 0 1 0 0 
1081737518 4 0 -1 1 1 -1 0 0 0 0 0 0 
1084214708 4 2 -1 0 0 0 0 0 0 0 0 0 
1085907500 4 1 0 -1 0 1 0 0 0 0 0 0 
1086733910 4 1 -1 -1 0 1 0 0 0 0 0 1 
1088387508 6 0 -1 -1 0 2 0 0 0 -1 0 1 
1089252700 6 0 0 -1 0 2 0 0 0 0 0 1 
1090904304 4 -1 1 -1 1 2 0 0 0 0 0 1 
1091729498 4 -1 0 -1 0 2 0 0 0 0 0 0 
1093421094 4 -1 1 -1 0 0 0 0 0 0 0 0 
1094248300 5 -2 0 -1 0 0 0 0 0 0 0 0 
1096765496 5 -3 0 1 0 -2 0 0 0 0 0 0 
1098614162 6 -2 1 1 0 -3 0 0 0 0 0 -3 
1099282286 5 -2 1 2 0 -2 0 0 0 0 0 -2 
1101130284 5 0 2 2 0 -2 0 0 0 1 0 -2 
1101759090 5 1 1 2 0 -2 0 0 0 0 0 -2 
1103607486 6 0 1 1 0 -1 0 0 0 0 0 0 
1104276280 6 1 0 1 0 -1 0 0 0 0 0 0 
1106126670 7 0 0 0 1 0 0 0 0 0 0 0 
1106795870 6 1 -1 0 0 0 0 0 0 0 0 0 
1109275072 4 0 -1 -1 2 1 0 0 0 0 1 0 
1111279070 4 -2 0 -2 2 0 0 0 0 -1 0 0 
1111789862 5 -1 0 -2 2 0 0 0 0 0 0 0 
1113797334 3 -1 -1 -1 1 0 0 0 0 0 0 0 
1114309058 4 -1 0 -1 0 1 0 0 0 0 0 0 
1116315456 5 -2 0 0 0 0 0 0 0 0 0 0 
1116827124 6 -3 0 0 0 0 0 0 0 0 0 0 
1118832664 5 -1 1 1 -1 0 0 0 0 0 0 0 
1119304664 4 0 1 0 -1 0 0 0 0 0 0 0 
1121821860 7 1 0 0 -1 1 0 0 0 0 0 0 
1123985452 10 0 -1 -1 1 1 0 0 0 0 0 0 
1124339494 10 -1 -1 -1 1 1 0 0 0 0 0 0 
1126503448 7 -2 -1 -1 3 1 0 0 0 0 3 1 
1126818328 6 -1 0 -1 3 1 0 0 0 0 3 1 
1129021050 4 0 0 -1 3 1 0 0 0 0 3 0 
1129335906 4 0 0 -1 2 1 0 0 0 0 2 0 
1131537446 3 -1 0 0 2 1 0 0 0 0 2 0 
1131852640 3 -1 -1 -1 2 1 0 0 0 0 1 0 
1134369442 3 0 -1 1 0 1 0 0 0 0 0 0 
1136689826 5 0 -1 0 0 1 0 0 0 0 0 0 
1136846632 5 1 -2 1 -1 2 0 0 0 0 0 0 
1139168636 7 0 -2 0 0 1 0 0 0 0 0 0 
1139365836 7 0 -2 0 0 1 0 0 0 0 0 0 
1141687032 5 1 0 0 2 0 0 0 0 0 1 0 
1141883832 5 1 1 0 2 0 0 0 0 0 1 0 
1144205028 5 0 1 0 1 0 0 0 0 0 1 0 
1144362228 5 0 0 0 1 0 0 0 0 0 0 0 
1146881024 4 1 1 0 1 1 0 0 0 0 0 0 
1149399820 5 1 -1 -1 1 0 0 0 0 0 0 0 
1149517814 5 1 -1 0 1 0 0 0 0 0 0 0 
1151878492 5 1 -1 -1 1 0 0 0 0 0 0 0 
1151956648 5 1 -1 -1 1 0 0 0 0 0 0 0 
1154397000 3 0 0 -1 1 0 0 0 0 0 0 0 
1154475808 3 1 0 0 1 0 0 0 0 0 0 0 
1156914998 4 0 0 -1 1 -1 0 0 0 0 0 0 
1156993810 4 0 0 0 0 0 0 0 0 0 0 0 
1159431394 3 1 -1 -1 1 -1 0 0 0 0 0 0 
1161907790 5 0 0 -1 1 -1 0 0 0 0 0 0 
1162065396 5 1 0 -1 1 0 0 0 0 0 0 0 
1164423792 3 2 -1 -2 0 0 0 0 0 -1 0 0 
1164581786 3 2 0 -3 1 0 0 0 0 -2 0 0 
1166940582 5 -1 -1 -3 1 1 0 0 0 -3 0 0 
1167097782 4 -2 -1 -3 0 1 0 0 0 -3 0 0 
1169459378 4 -3 -1 -3 1 1 0 0 0 -3 0 0 
1169616592 5 -4 0 -3 1 1 0 0 0 -3 0 0 
1171936794 2 -4 2 -2 1 0 0 0 0 -2 0 0 
1174454202 2 -4 1 -1 1 0 0 0 0 0 0 0 
1174768978 2 -4 1 -1 1 0 0 0 0 0 0 0 
1176970168 2 -3 2 -1 -1 1 0 0 0 0 0 0 
1177284580 3 -3 2 -1 -1 1 0 0 0 0 0 0 
1179448976 5 -1 -2 0 -1 2 0 0 0 0 0 1 
1179802976 6 -2 -2 0 0 2 0 0 0 0 0 1 
1181964968 7 -3 -4 0 1 1 0 0 0 0 0 1 
1182318172 6 -3 -4 0 1 1 0 0 0 0 0 0 
1184481764 4 -2 -3 -1 1 0 0 0 0 0 0 0 
1186998960 2 -3 -1 -1 1 -1 0 0 0 0 0 -1 
1187471366 2 -3 0 -1 0 -1 0 0 0 0 0 0 
