1538363 1 2 3 4 5 6 7 8 9 10 11 12 13 
1538413 1 2 3 4 5 6 7 8 9 10 11 12 13 
1538464 1 2 3 4 5 6 7 8 9 10 11 12 13 
1538514 1 2 3 4 5 6 7 8 9 10 11 12 13 
1538564 1 2 3 4 5 6 7 8 9 10 11 12 13 
1538614 1 2 3 4 5 6 7 8 9 10 11 12 13 
1538664 1 2 3 4 5 6 7 8 9 10 11 12 13 
1538714 1 2 3 4 5 6 7 8 9 10 11 12 13 
1538764 1 2 3 4 5 6 7 8 9 10 11 12 13 
1538815 1 2 3 4 5 6 7 8 9 10 11 12 13 
1538865 1 2 3 4 5 6 7 8 9 10 11 12 13 
1538915 1 2 3 4 5 6 7 8 9 10 11 12 13 
1538965 1 2 3 4 5 6 7 8 9 10 11 12 13 
1539015 1 2 3 4 5 6 7 8 9 10 11 12 13 
1539065 1 2 3 4 5 6 7 8 9 10 11 12 13 
1539115 1 2 3 4 5 6 7 8 9 10 11 12 13 
1539165 1 2 3 4 5 6 7 8 9 10 11 12 13 
1539215 1 2 3 4 5 6 7 8 9 10 11 12 13 
1539265 1 2 3 4 5 6 7 8 9 10 11 12 13 
1539315 1 2 3 4 5 6 7 8 9 10 11 12 13 
1539366 1 2 3 4 5 6 7 8 9 10 11 12 13 
1539416 1 2 3 4 5 6 7 8 9 10 11 12 13 
1539466 1 2 3 4 5 6 7 8 9 10 11 12 13 
1539516 1 2 3 4 5 6 7 8 9 10 11 12 13 
1539566 1 2 3 4 5 6 7 8 9 10 11 12 13 
1539616 1 2 3 4 5 6 7 8 9 10 11 12 13 
1539666 1 2 3 4 5 6 7 8 9 10 11 12 13 
1539716 1 2 3 4 5 6 7 8 9 10 11 12 13 
1539766 1 2 3 4 5 6 7 8 9 10 11 12 13 
1539816 1 2 3 4 5 6 7 8 9 10 11 12 13 
1539867 1 2 3 4 5 6 7 8 9 10 11 12 13 
1539917 1 2 3 4 5 6 7 8 9 10 11 12 13 
1539967 1 2 3 4 5 6 7 8 9 10 11 12 13 
1540017 1 2 3 4 5 6 7 8 9 10 11 12 13 
1540067 1 2 3 4 5 6 7 8 9 10 11 12 13 
1540118 1 2 3 4 5 6 7 8 9 10 11 12 13 
1540169 1 2 3 4 5 6 7 8 9 10 11 12 13 
1540219 1 2 3 4 5 6 7 8 9 10 11 12 13 
1540269 1 2 3 4 5 6 7 8 9 10 11 12 13 
1540319 1 2 3 4 5 6 7 8 9 10 11 12 13 
1540369 1 2 3 4 5 6 7 8 9 10 11 12 13 
1540419 1 2 3 4 5 6 7 8 9 10 11 12 13 
1540469 1 2 3 4 5 6 7 8 9 10 11 12 13 
1540519 1 2 3 4 5 6 7 8 9 10 11 12 13 
1540569 1 2 3 4 5 6 7 8 9 10 11 12 13 
1540619 1 2 3 4 5 6 7 8 9 10 11 12 13 
1540669 1 2 3 4 5 6 7 8 9 10 11 12 13 
1540720 1 2 3 4 5 6 7 8 9 10 11 12 13 
1540770 1 2 3 4 5 6 7 8 9 10 11 12 13 
1540820 1 2 3 4 5 6 7 8 9 10 11 12 13 
1540870 1 2 3 4 5 6 7 8 9 10 11 12 13 
1540920 1 2 3 4 5 6 7 8 9 10 11 12 13 
1540970 1 2 3 4 5 6 7 8 9 10 11 12 13 
1541020 1 2 3 4 5 6 7 8 9 10 11 12 13 
1541070 1 2 3 4 5 6 7 8 9 10 11 12 13 
1541121 1 2 3 4 5 6 7 8 9 10 11 12 13 
1541171 1 2 3 4 5 6 7 8 9 10 11 12 13 
1541221 1 2 3 4 5 6 7 8 9 10 11 12 13 
1541271 1 2 3 4 5 6 7 8 9 10 11 12 13 
1541321 1 2 3 4 5 6 7 8 9 10 11 12 13 
1541371 1 2 3 4 5 6 7 8 9 10 11 12 13 
1541421 1 2 3 4 5 6 7 8 9 10 11 12 13 
1541472 1 2 3 4 5 6 7 8 9 10 11 12 13 
1541522 1 2 3 4 5 6 7 8 9 10 11 12 13 
1541572 1 2 3 4 5 6 7 8 9 10 11 12 13 
1541622 1 2 3 4 5 6 7 8 9 10 11 12 13 
1541672 1 2 3 4 5 6 7 8 9 10 11 12 13 
1541722 1 2 3 4 5 6 7 8 9 10 11 12 13 
1541772 1 2 3 4 5 6 7 8 9 10 11 12 13 
1541822 1 2 3 4 5 6 7 8 9 10 11 12 13 
1541872 1 2 3 4 5 6 7 8 9 10 11 12 13 
1541922 1 2 3 4 5 6 7 8 9 10 11 12 13 
1541972 1 2 3 4 5 6 7 8 9 10 11 12 13 
1542023 1 2 3 4 5 6 7 8 9 10 11 12 13 
1542073 1 2 3 4 5 6 7 8 9 10 11 12 13 
1542123 1 2 3 4 5 6 7 8 9 10 11 12 13 
1542173 1 2 3 4 5 6 7 8 9 10 11 12 13 
1542223 1 2 3 4 5 6 7 8 9 10 11 12 13 
1542273 1 2 3 4 5 6 7 8 9 10 11 12 13 
1542323 1 2 3 4 5 6 7 8 9 10 11 12 13 
1542373 1 2 3 4 5 6 7 8 9 10 11 12 13 
1542423 1 2 3 4 5 6 7 8 9 10 11 12 13 
1542473 1 2 3 4 5 6 7 8 9 10 11 12 13 
1542523 1 2 3 4 5 6 7 8 9 10 11 12 13 
1542574 1 2 3 4 5 6 7 8 9 10 11 12 13 
1542624 1 2 3 4 5 6 7 8 9 10 11 12 13 
1542674 1 2 3 4 5 6 7 8 9 10 11 12 13 
1542724 1 2 3 4 5 6 7 8 9 10 11 12 13 
1542774 1 2 3 4 5 6 7 8 9 10 11 12 13 
1542824 1 2 3 4 5 6 7 8 9 10 11 12 13 
1542874 1 2 3 4 5 6 7 8 9 10 11 12 13 
1542924 1 2 3 4 5 6 7 8 9 10 11 12 13 
1542974 1 2 3 4 5 6 7 8 9 10 11 12 13 
1543024 1 2 3 4 5 6 7 8 9 10 11 12 13 
1543075 1 2 3 4 5 6 7 8 9 10 11 12 13 
1543125 1 2 3 4 5 6 7 8 9 10 11 12 13 
1543175 1 2 3 4 5 6 7 8 9 10 11 12 13 
1543225 1 2 3 4 5 6 7 8 9 10 11 12 13 
1543275 1 2 3 4 5 6 7 8 9 10 11 12 13 
1543325 1 2 3 4 5 6 7 8 9 10 11 12 13 
1543375 1 2 3 4 5 6 7 8 9 10 11 12 13 
1543425 1 2 3 4 5 6 7 8 9 10 11 12 13 
1543475 1 2 3 4 5 6 7 8 9 10 11 12 13 
1543525 1 2 3 4 5 6 7 8 9 10 11 12 13 
1543575 1 2 3 4 5 6 7 8 9 10 11 12 13 
1543627 1 2 3 4 5 6 7 8 9 10 11 12 13 
1543677 1 2 3 4 5 6 7 8 9 10 11 12 13 
1543727 1 2 3 4 5 6 7 8 9 10 11 12 13 
1543777 1 2 3 4 5 6 7 8 9 10 11 12 13 
1543827 1 2 3 4 5 6 7 8 9 10 11 12 13 
1543885 1 2 3 4 5 6 7 8 9 10 11 12 13 
1543936 1 2 3 4 5 6 7 8 9 10 11 12 13 
1543986 1 2 3 4 5 6 7 8 9 10 11 12 13 
1544036 1 2 3 4 5 6 7 8 9 10 11 12 13 
1544086 1 2 3 4 5 6 7 8 9 10 11 12 13 
1544136 1 2 3 4 5 6 7 8 9 10 11 12 13 
1544186 1 2 3 4 5 6 7 8 9 10 11 12 13 
1544236 1 2 3 4 5 6 7 8 9 10 11 12 13 
1544286 1 2 3 4 5 6 7 8 9 10 11 12 13 
1544336 1 2 3 4 5 6 7 8 9 10 11 12 13 
1544386 1 2 3 4 5 6 7 8 9 10 11 12 13 
1544437 1 2 3 4 5 6 7 8 9 10 11 12 13 
1544487 1 2 3 4 5 6 7 8 9 10 11 12 13 
1544537 1 2 3 4 5 6 7 8 9 10 11 12 13 
1544587 1 2 3 4 5 6 7 8 9 10 11 12 13 
1544637 1 2 3 4 5 6 7 8 9 10 11 12 13 
1544687 1 2 3 4 5 6 7 8 9 10 11 12 13 
1544737 1 2 3 4 5 6 7 8 9 10 11 12 13 
1544787 1 2 3 4 5 6 7 8 9 10 11 12 13 
1544837 1 2 3 4 5 6 7 8 9 10 11 12 13 
1544888 1 2 3 4 5 6 7 8 9 10 11 12 13 
1544938 1 2 3 4 5 6 7 8 9 10 11 12 13 
1544988 1 2 3 4 5 6 7 8 9 10 11 12 13 
1545038 1 2 3 4 5 6 7 8 9 10 11 12 13 
1545088 1 2 3 4 5 6 7 8 9 10 11 12 13 
1545138 1 2 3 4 5 6 7 8 9 10 11 12 13 
1545189 1 2 3 4 5 6 7 8 9 10 11 12 13 
1545239 1 2 3 4 5 6 7 8 9 10 11 12 13 
1545289 1 2 3 4 5 6 7 8 9 10 11 12 13 
1545339 1 2 3 4 5 6 7 8 9 10 11 12 13 
1545389 1 2 3 4 5 6 7 8 9 10 11 12 13 
1545439 1 2 3 4 5 6 7 8 9 10 11 12 13 
1545489 1 2 3 4 5 6 7 8 9 10 11 12 13 
1545539 1 2 3 4 5 6 7 8 9 10 11 12 13 
1545589 1 2 3 4 5 6 7 8 9 10 11 12 13 
1545639 1 2 3 4 5 6 7 8 9 10 11 12 13 
1545690 1 2 3 4 5 6 7 8 9 10 11 12 13 
1545740 1 2 3 4 5 6 7 8 9 10 11 12 13 
1545790 1 2 3 4 5 6 7 8 9 10 11 12 13 
1545840 1 2 3 4 5 6 7 8 9 10 11 12 13 
1545890 1 2 3 4 5 6 7 8 9 10 11 12 13 
1545940 1 2 3 4 5 6 7 8 9 10 11 12 13 
1545990 1 2 3 4 5 6 7 8 9 10 11 12 13 
1546040 1 2 3 4 5 6 7 8 9 10 11 12 13 
1546090 1 2 3 4 5 6 7 8 9 10 11 12 13 
1546140 1 2 3 4 5 6 7 8 9 10 11 12 13 
1546190 1 2 3 4 5 6 7 8 9 10 11 12 13 
1546240 1 2 3 4 5 6 7 8 9 10 11 12 13 
1546290 1 2 3 4 5 6 7 8 9 10 11 12 13 
1546341 1 2 3 4 5 6 7 8 9 10 11 12 13 
1546391 1 2 3 4 5 6 7 8 9 10 11 12 13 
1546441 1 2 3 4 5 6 7 8 9 10 11 12 13 
1546491 1 2 3 4 5 6 7 8 9 10 11 12 13 
1546541 1 2 3 4 5 6 7 8 9 10 11 12 13 
1546591 1 2 3 4 5 6 7 8 9 10 11 12 13 
1546641 1 2 3 4 5 6 7 8 9 10 11 12 13 
1546691 1 2 3 4 5 6 7 8 9 10 11 12 13 
1546741 1 2 3 4 5 6 7 8 9 10 11 12 13 
1546791 1 2 3 4 5 6 7 8 9 10 11 12 13 
1546842 1 2 3 4 5 6 7 8 9 10 11 12 13 
1546892 1 2 3 4 5 6 7 8 9 10 11 12 13 
1546942 1 2 3 4 5 6 7 8 9 10 11 12 13 
1546992 1 2 3 4 5 6 7 8 9 10 11 12 13 
1547042 1 2 3 4 5 6 7 8 9 10 11 12 13 
1547092 1 2 3 4 5 6 7 8 9 10 11 12 13 
1547142 1 2 3 4 5 6 7 8 9 10 11 12 13 
1547192 1 2 3 4 5 6 7 8 9 10 11 12 13 
1547242 1 2 3 4 5 6 7 8 9 10 11 12 13 
1547292 1 2 3 4 5 6 7 8 9 10 11 12 13 
1547342 1 2 3 4 5 6 7 8 9 10 11 12 13 
1547393 1 2 3 4 5 6 7 8 9 10 11 12 13 
1547443 1 2 3 4 5 6 7 8 9 10 11 12 13 
1547493 1 2 3 4 5 6 7 8 9 10 11 12 13 
1547543 1 2 3 4 5 6 7 8 9 10 11 12 13 
1547593 1 2 3 4 5 6 7 8 9 10 11 12 13 
1547643 1 2 3 4 5 6 7 8 9 10 11 12 13 
1547693 1 2 3 4 5 6 7 8 9 10 11 12 13 
1547743 1 2 3 4 5 6 7 8 9 10 11 12 13 
1547793 1 2 3 4 5 6 7 8 9 10 11 12 13 
1547843 1 2 3 4 5 6 7 8 9 10 11 12 13 
1547894 1 2 3 4 5 6 7 8 9 10 11 12 13 
1547944 1 2 3 4 5 6 7 8 9 10 11 12 13 
1547996 1 2 3 4 5 6 7 8 9 10 11 12 13 
1548046 1 2 3 4 5 6 7 8 9 10 11 12 13 
1548096 1 2 3 4 5 6 7 8 9 10 11 12 13 
1548146 1 2 3 4 5 6 7 8 9 10 11 12 13 
1548196 1 2 3 4 5 6 7 8 9 10 11 12 13 
1548246 1 2 3 4 5 6 7 8 9 10 11 12 13 
1548296 1 2 3 4 5 6 7 8 9 10 11 12 13 
1548346 1 2 3 4 5 6 0 0 0 0 0 0 0 0 0 0 0 0 0 0 0 0 0 0 0 0 0 0 8 0 0 0 0 0 0 0 0 0 0 0 0 0 0 0 0 0 0 0 0 0 
