428506738 0 0 0 0 1 0 2 1 2 0 1 2 0 
430983524 0 0 0 0 0 2 1 -1 3 1 -1 3 0 
431455136 0 0 0 0 1 2 1 -2 1 1 -2 1 1 
433502116 0 0 0 0 1 0 0 -3 1 1 -3 1 1 
433974720 0 0 0 0 0 0 -1 -2 2 1 -2 1 0 
436021920 0 0 0 0 0 1 0 -1 2 -1 -1 2 -1 
436494594 0 0 0 0 0 1 -1 -1 3 -1 -1 2 -1 
438500306 0 0 0 0 -1 0 -1 0 4 -2 0 4 -2 
438973112 0 0 0 0 -1 1 1 0 3 -1 0 3 -1 
441017500 0 0 0 0 -1 2 2 -1 0 0 -1 0 0 
443533892 0 0 0 0 -1 2 -1 -3 0 1 -2 0 1 
444163490 0 0 0 0 -1 2 0 -3 0 1 -3 0 1 
446051878 0 0 0 0 1 0 0 -3 1 2 -3 1 2 
446641656 0 0 0 0 1 0 -2 -2 2 1 -2 2 1 
448567914 0 0 0 0 0 -1 1 -1 3 2 -1 2 2 
449157474 0 0 0 0 1 -1 2 1 3 3 0 3 2 
451045068 0 0 0 0 1 0 -1 1 3 4 0 3 3 
451674672 0 0 0 0 1 0 0 0 2 4 0 2 4 
453564266 0 0 0 0 1 -1 0 0 2 4 0 2 4 
456084546 0 0 0 0 1 0 -1 0 2 2 0 2 2 
456830870 0 0 0 0 1 0 1 0 2 1 0 2 1 
458560252 0 0 0 0 1 -1 0 0 3 1 0 3 1 
459307442 0 0 0 0 1 -1 1 0 3 1 0 2 1 
461076232 0 0 0 0 0 -1 -1 0 3 0 0 3 0 
461824242 0 0 0 0 0 -1 -1 -1 2 0 0 2 0 
463594660 0 0 0 0 0 1 2 1 1 -1 1 1 -1 
464342628 0 0 0 0 -1 0 1 1 0 -2 1 0 -2 
466075628 0 0 0 0 -1 0 0 1 0 -2 0 0 -2 
468593408 0 0 0 0 2 1 0 -3 -2 -2 -2 -1 -2 
469497412 0 0 0 0 1 2 1 -3 -1 -2 -3 -1 -2 
471109806 0 0 0 0 1 1 3 -4 -1 -3 -3 -1 -3 
472013016 0 0 0 0 2 0 2 -2 -1 -3 -2 0 -3 
473626192 0 0 0 0 1 -1 1 -1 1 -3 -1 1 -3 
474530896 0 0 0 0 2 -1 1 0 1 -3 0 1 -3 
476141872 0 0 0 0 2 -1 -1 1 3 -2 1 3 -2 
477046526 0 0 0 0 1 -1 0 2 4 -2 1 3 -2 
478620584 0 0 0 0 -1 -1 0 3 4 -2 3 4 -2 
481177376 0 0 0 0 0 1 -1 5 4 -5 5 4 -4 
482161622 0 0 0 0 -1 1 0 5 4 -6 5 4 -6 
483656962 0 0 0 0 -1 1 0 6 2 -8 6 2 -8 
484719358 0 0 0 0 -1 1 -1 6 2 -10 6 2 -10 
486135360 0 0 0 0 -1 1 -2 5 2 -11 5 2 -11 
487236162 0 0 0 0 -1 2 -2 4 1 -12 4 1 -11 
488653358 0 0 0 0 -1 3 -1 2 -3 -12 2 -3 -12 
489716550 0 0 0 0 -1 5 0 1 -3 -12 1 -3 -12 
491134144 0 0 0 0 -1 3 0 2 -4 -12 1 -4 -12 
493691868 0 0 0 0 2 4 -1 -4 -8 -11 -3 -8 -11 
494833340 0 0 0 0 3 5 -2 -4 -7 -11 -4 -7 -11 
496170930 0 0 0 0 3 4 1 -3 -6 -10 -3 -6 -10 
497352526 0 0 0 0 4 4 3 -2 -7 -8 -2 -7 -8 
498691322 0 0 0 0 6 4 2 -1 -4 -6 0 -4 -5 
499872524 0 0 0 0 6 1 0 -1 0 -1 -1 0 -1 
501170920 0 0 0 0 7 2 -1 -1 3 5 -1 3 4 
502389704 0 0 0 0 6 2 -1 0 6 9 0 6 9 
503688906 0 0 0 0 5 2 -1 2 9 14 2 9 14 
506204104 0 0 0 0 2 5 1 2 10 20 2 10 19 
507542094 0 0 0 0 3 5 1 1 9 22 1 9 22 
508722102 0 0 0 0 1 4 0 -1 9 24 -1 9 24 
510021292 0 0 0 0 0 7 2 -5 6 26 -5 6 25 
511201682 0 0 0 0 0 6 2 -8 4 26 -8 4 26 
512576884 0 0 0 0 1 5 3 -10 3 27 -9 3 27 
513718068 0 0 0 0 0 1 4 -10 3 27 -10 3 27 
515056470 0 0 0 0 -1 0 4 -8 4 27 -8 4 27 
516235668 0 0 0 0 1 1 3 -4 6 24 -4 6 24 
518713666 0 0 0 0 0 -1 -1 -2 14 21 -2 14 21 
520208062 0 0 0 0 -1 0 1 -4 16 18 -4 16 18 
521230452 0 0 0 0 0 -1 -1 -5 17 18 -5 17 18 
522765240 0 0 0 0 -3 -2 2 -6 17 19 -6 17 19 
523749244 0 0 0 0 -4 -2 3 -7 15 20 -7 15 20 
525243520 0 0 0 0 -5 -2 3 -8 13 20 -8 13 20 
526224836 0 0 0 0 -4 -3 -1 -9 13 21 -8 13 21 
527757512 0 0 0 0 -9 -6 -1 -8 13 20 -8 13 20 
528741634 0 0 0 0 -11 -4 0 -6 12 18 -6 11 18 
531258020 0 0 0 0 -9 -6 -4 -5 10 14 -5 10 13 
532872010 0 0 0 0 -10 -7 -1 -6 8 14 -6 8 14 
533736806 0 0 0 0 -11 -6 0 -5 6 14 -5 6 14 
535389614 0 0 0 0 -8 -6 0 -3 6 16 -3 6 15 
536255206 0 0 0 0 -7 -8 -2 -4 7 18 -4 6 18 
537907206 0 0 0 0 -11 -8 2 -1 7 20 -1 6 20 
538772392 0 0 0 0 -12 -6 2 2 7 20 2 7 20 
540424792 0 0 0 0 -12 -7 -2 5 8 20 5 8 20 
541290390 0 0 0 0 -12 -7 -2 4 9 20 4 9 20 
543770788 0 0 0 0 -14 -4 0 3 8 16 3 8 16 
545582076 0 0 0 0 -13 -4 -2 1 9 14 1 9 14 
546289968 0 0 0 0 -14 -5 -1 0 9 12 0 9 12 
548100374 0 0 0 0 -17 -4 0 0 7 7 0 7 7 
548808766 0 0 0 0 -18 -5 -1 0 5 4 0 5 4 
550579562 0 0 0 0 -19 -6 -4 1 2 -4 1 2 -4 
551287566 0 0 0 0 -19 -6 -4 1 -1 -8 1 -1 -8 
553136346 0 0 0 0 -19 -6 -1 4 -8 -18 4 -8 -18 
553803958 0 0 0 0 -18 -6 -2 5 -11 -21 5 -10 -21 
556285038 0 0 0 0 -16 -5 0 6 -18 -31 6 -17 -31 
558289944 0 0 0 0 -10 -4 -3 1 -21 -34 1 -20 -34 
558801536 0 0 0 0 -9 -3 -3 -1 -20 -35 -1 -20 -35 
560767936 0 0 0 0 -5 -3 -1 -6 -19 -36 -5 -19 -36 
561318728 0 0 0 0 -4 -3 1 -6 -19 -36 -6 -19 -36 
563285396 0 0 0 0 -3 -4 2 -8 -15 -37 -8 -15 -37 
563836208 0 0 0 0 -3 -5 1 -8 -14 -38 -8 -14 -38 
565763264 0 0 0 0 -1 -6 5 -5 -11 -39 -5 -11 -39 
566313118 0 0 0 0 0 -5 3 -5 -11 -39 -5 -10 -39 
568870704 0 0 0 0 3 -4 3 -4 -6 -36 -4 -6 -36 
570917904 0 0 0 0 3 -5 1 -6 -4 -31 -5 -4 -31 
571351898 0 0 0 0 2 -4 1 -6 -4 -30 -6 -3 -30 
573475884 0 0 0 0 2 -5 4 -5 -3 -26 -4 -3 -26 
573829496 0 0 0 0 2 -5 4 -4 -3 -25 -4 -3 -25 
575953082 0 0 0 0 2 -5 0 -2 3 -20 -2 2 -20 
576345876 0 0 0 0 2 -5 1 -1 3 -20 -1 3 -20 
578473076 0 0 0 0 1 -5 2 3 6 -19 3 6 -18 
578867180 0 0 0 0 1 -4 3 4 7 -18 4 7 -18 
581344272 0 0 0 0 -2 -3 -1 3 9 -14 3 9 -14 
583625340 0 0 0 0 -1 -3 2 5 5 -11 5 4 -11 
583900258 0 0 0 0 -1 -3 1 6 4 -11 5 4 -11 
586143452 0 0 0 0 -2 1 1 6 4 -9 6 4 -9 
586379450 0 0 0 0 -2 1 2 6 4 -9 6 4 -9 
588620250 0 0 0 0 -2 -3 -2 0 5 -3 0 4 -3 
588856636 0 0 0 0 -2 -2 -2 -1 5 -3 -1 5 -3 
591139436 0 0 0 0 0 -1 -1 -2 8 2 -2 8 2 
591375442 0 0 0 0 0 -2 -2 -2 8 3 -2 8 2 
593892628 0 0 0 0 -4 -3 -2 -6 8 11 -6 7 11 
596295020 0 0 0 0 -4 -4 -1 -1 6 19 0 6 19 
596491426 0 0 0 0 -5 -4 -1 0 5 20 0 5 19 
598812612 0 0 0 0 -7 -3 0 1 2 26 1 2 25 
599009418 0 0 0 0 -7 -3 0 3 2 26 2 2 26 
601332598 0 0 0 0 -4 -3 1 12 3 32 12 2 32 
601489804 0 0 0 0 -5 -4 0 12 2 33 12 2 32 
603810604 0 0 0 0 -7 0 0 4 -1 37 4 -1 37 
604007402 0 0 0 0 -7 0 1 5 -1 38 4 -1 38 
606406196 0 0 0 0 -5 1 0 7 2 35 7 2 35 
608963780 0 0 0 0 -4 3 4 3 2 32 3 2 32 
609081786 0 0 0 0 -3 3 4 3 2 32 3 2 32 
611444174 0 0 0 0 -4 1 3 1 7 29 1 7 29 
611562172 0 0 0 0 -4 1 2 0 7 29 0 7 29 
613922966 0 0 0 0 -2 2 2 -3 13 26 -3 13 26 
614080696 0 0 0 0 -2 1 2 -3 13 26 -3 13 26 
616441364 0 0 0 0 -6 -2 0 -2 17 23 -2 17 23 
618961350 0 0 0 0 -8 -2 0 -5 14 21 -5 14 21 
619118956 0 0 0 0 -9 -2 1 -4 13 20 -4 13 20 
619276142 0 0 0 0 -9 -2 1 -4 14 20 -4 14 20 
621441342 0 0 0 0 -11 -4 -4 -5 12 18 -5 12 18 
623958934 0 0 0 0 -13 -4 1 -4 7 14 -4 6 14 
624352584 0 0 0 0 -12 -4 1 -3 6 13 -3 6 13 
626476926 0 0 0 0 -13 -5 -3 -4 6 9 -4 6 9 
626870532 0 0 0 0 -15 -7 -3 -4 5 9 -4 5 8 
628954526 0 0 0 0 -15 -4 -1 0 1 1 0 1 1 
629347606 0 0 0 0 -15 -5 -1 0 0 0 0 0 0 
631470992 0 0 0 0 -15 -4 -3 2 -2 -9 2 -2 -8 
631825410 0 0 0 0 -15 -4 -2 2 -2 -10 1 -2 -10 
633990910 0 0 0 0 -12 -3 -1 1 -6 -18 1 -6 -18 
636471290 0 0 0 0 -10 -2 1 -2 -9 -24 -2 -9 -24 
637021688 0 0 0 0 -9 -2 1 -2 -10 -25 -2 -10 -25 
639028888 0 0 0 0 -8 -5 0 -2 -10 -27 -2 -10 -27 
639501286 0 0 0 0 -8 -5 -2 -3 -9 -27 -3 -9 -27 
641508074 0 0 0 0 -8 -4 -1 -6 -10 -31 -6 -9 -31 
642019684 0 0 0 0 -7 -4 -1 -6 -10 -32 -6 -10 -32 
644027784 0 0 0 0 -5 -5 0 -3 -11 -33 -3 -11 -33 
644538478 0 0 0 0 -4 -4 1 -2 -12 -33 -2 -12 -33 
646504464 0 0 0 0 -3 -4 3 0 -13 -31 0 -13 -31 
649021264 0 0 0 0 -1 -5 0 -2 -9 -23 -2 -9 -23 
649689648 0 0 0 0 -1 -5 0 -1 -9 -21 -1 -9 -21 
651540050 0 0 0 0 0 -4 0 1 -4 -17 1 -4 -16 
652208848 0 0 0 0 0 -3 -1 2 -2 -15 2 -2 -15 
654018842 0 0 0 0 -3 -5 0 3 2 -14 3 2 -14 
654687246 0 0 0 0 -2 -3 1 5 3 -14 4 3 -14 
656538840 0 0 0 0 -1 0 1 7 6 -15 7 6 -15 
657246838 0 0 0 0 -1 1 1 7 7 -16 7 7 -16 
659057564 0 0 0 0 -2 3 5 4 8 -16 4 8 -16 
661574818 0 0 0 0 -3 2 1 -1 7 -14 -1 6 -14 
662400816 0 0 0 0 -4 2 2 -2 4 -13 -2 4 -13 
664052810 0 0 0 0 -4 2 3 -3 -1 -11 -3 -1 -11 
664878008 0 0 0 0 -5 0 1 -3 -2 -10 -3 -2 -10 
666608808 0 0 0 0 -4 -1 -1 -6 -3 -9 -6 -2 -9 
667396406 0 0 0 0 -4 -2 -2 -5 -3 -9 -5 -3 -9 
669089320 0 0 0 0 -1 -3 -1 -3 -2 -8 -3 -2 -8 
669876792 0 0 0 0 -2 -2 -2 -2 -1 -7 -2 -1 -7 
671568788 0 0 0 0 -1 -3 -1 -3 -1 -6 -3 0 -6 
674126780 0 0 0 0 0 -2 -2 -5 0 0 -5 0 0 
675071170 0 0 0 0 0 -3 -2 -5 1 2 -5 1 2 
676607190 0 0 0 0 0 -5 -1 -3 2 6 -3 2 6 
677552368 0 0 0 0 -1 -5 -2 -1 3 8 -1 3 8 
679085164 0 0 0 0 -1 -6 -2 2 4 12 2 4 12 
680068424 0 0 0 0 -1 -5 0 4 4 15 3 4 14 
681602356 0 0 0 0 -3 -4 -3 6 6 18 6 6 18 
682586746 0 0 0 0 -3 -2 -1 7 6 19 7 6 19 
684121542 0 0 0 0 -2 1 3 9 4 21 8 4 21 
686639940 0 0 0 0 -4 0 -1 8 7 25 8 7 25 
687780330 0 0 0 0 -4 0 -1 4 7 25 4 7 25 
689117932 0 0 0 0 -5 2 0 4 7 23 4 7 23 
690297936 0 0 0 0 -3 2 -1 6 8 21 6 8 21 
691634726 0 0 0 0 -6 2 -1 4 7 20 4 7 19 
692814722 0 0 0 0 -7 2 2 0 5 18 0 5 18 
694152318 0 0 0 0 -5 3 3 0 2 17 0 2 17 
695333144 0 0 0 0 -4 3 1 0 2 15 0 2 15 
696629504 0 0 0 0 -5 1 0 -4 1 14 -3 1 14 
699147182 0 0 0 0 -4 -1 1 -3 1 11 -3 1 11 
700485098 0 0 0 0 -4 -2 -1 -1 3 10 -1 3 10 
701664294 0 0 0 0 -3 -1 -1 -4 4 11 -3 4 11 
703002684 0 0 0 0 -5 -1 -1 -6 4 13 -6 4 13 
704143886 0 0 0 0 -5 0 1 -5 4 14 -5 4 14 
705481488 0 0 0 0 -6 -1 -2 -5 4 15 -5 4 15 
706662678 0 0 0 0 -6 -1 -1 -7 3 14 -7 3 14 
708000268 0 0 0 0 -6 -1 2 -6 1 13 -6 1 13 
709179970 0 0 0 0 -6 -1 2 -3 1 12 -3 1 12 
711697138 0 0 0 0 -7 -2 0 -1 4 10 -1 3 10 
713153458 0 0 0 0 -6 -2 0 2 5 8 2 5 8 
714176256 0 0 0 0 -5 -1 1 4 6 7 3 6 7 
715669856 0 0 0 0 -6 -3 -3 2 9 8 2 9 8 
716693054 0 0 0 0 -8 0 0 1 10 8 1 9 7 
718150236 0 0 0 0 -10 -1 0 -1 7 6 -1 7 6 
719213840 0 0 0 0 -11 -2 -2 -2 5 4 -2 5 4 
720669436 0 0 0 0 -12 -1 -1 -2 1 -2 -2 1 -2 
721691932 0 0 0 0 -12 -2 -1 -1 -2 -6 -1 -2 -6 
724209430 0 0 0 0 -10 -4 -3 0 -7 -17 0 -7 -17 
725860218 0 0 0 0 -8 -3 -1 0 -11 -22 0 -10 -22 
726726222 0 0 0 0 -7 -2 -1 0 -11 -25 0 -11 -24 
728338212 0 0 0 0 -4 -2 -1 -1 -11 -28 -1 -11 -28 
729244202 0 0 0 0 -2 -2 0 -3 -11 -29 -3 -11 -28 
730859004 0 0 0 0 -1 -1 1 -4 -11 -29 -4 -11 -29 
731723800 0 0 0 0 -1 -2 1 -5 -10 -29 -5 -10 -29 
733375802 0 0 0 0 -1 -4 -1 -9 -10 -28 -9 -10 -28 
734282192 0 0 0 0 -1 -3 0 -10 -10 -27 -10 -10 -27 
736761778 0 0 0 0 2 -4 2 -7 -11 -25 -7 -11 -25 
738492186 0 0 0 0 1 -4 1 -5 -9 -22 -5 -9 -22 
739238978 0 0 0 0 1 -3 1 -5 -9 -22 -4 -8 -22 
741009910 0 0 0 0 4 -4 2 -2 -4 -19 -2 -4 -19 
741758170 0 0 0 0 4 -4 0 -1 0 -18 -1 0 -18 
743528558 0 0 0 0 3 -2 1 0 3 -16 0 3 -16 
744275362 0 0 0 0 3 -3 1 0 4 -14 0 4 -14 
746044950 0 0 0 0 3 -3 0 1 7 -10 1 6 -10 
746753098 0 0 0 0 2 -1 1 1 7 -9 1 7 -9 
749270546 0 0 0 0 2 -3 1 4 6 -3 4 6 -3 
751199334 0 0 0 0 1 0 -1 -1 6 1 -1 6 1 
751789744 0 0 0 0 2 0 -1 -2 5 3 -2 5 3 
753716932 0 0 0 0 1 -3 -3 -7 5 11 -7 4 10 
754267738 0 0 0 0 0 -4 -3 -9 4 13 -9 4 13 
756196350 0 0 0 0 -1 -3 2 -4 3 16 -4 2 16 
756786130 0 0 0 0 -1 -4 2 0 2 16 0 2 16 
758715324 0 0 0 0 -3 -6 0 5 4 19 5 4 18 
759305716 0 0 0 0 -2 -4 0 6 4 19 6 4 19 
761784714 0 0 0 0 1 -3 -1 10 9 21 10 8 20 
763909708 0 0 0 0 -2 0 0 6 8 23 6 8 23 
764303694 0 0 0 0 -2 0 1 5 7 24 5 7 24 
766388774 0 0 0 0 1 0 2 3 6 25 3 6 25 
766821686 0 0 0 0 0 -1 2 3 6 26 3 6 26 
768904892 0 0 0 0 -2 0 2 2 5 25 2 5 25 
769298184 0 0 0 0 -2 0 2 3 6 25 2 5 25 
771423672 0 0 0 0 -2 -4 0 5 11 25 5 11 25 
771817282 0 0 0 0 -3 -3 0 5 12 25 5 12 25 
774373662 0 0 0 0 -3 0 -1 1 15 26 1 15 26 
776578200 0 0 0 0 -9 -2 -1 2 20 27 2 20 27 
776854060 0 0 0 0 -10 -1 -1 2 20 27 2 20 27 
779136454 0 0 0 0 -10 2 0 -2 18 26 -2 18 26 
779332854 0 0 0 0 -9 3 -2 -3 18 26 -3 18 26 
781613246 0 0 0 0 -14 0 2 -6 14 25 -6 14 25 
781849640 0 0 0 0 -15 0 2 -6 14 25 -6 14 25 
784132832 0 0 0 0 -15 0 -1 -6 8 18 -6 8 18 
784368438 0 0 0 0 -16 -1 -1 -6 8 18 -6 8 17 
786847630 0 0 0 0 -17 -2 0 2 4 7 2 3 6 
789287628 0 0 0 0 -16 -5 -4 5 3 -3 5 3 -3 
789445222 0 0 0 0 -16 -5 -4 4 3 -4 4 2 -4 
791764420 0 0 0 0 -15 -2 -5 -1 1 -12 0 1 -12 
791961314 0 0 0 0 -15 -2 -5 -1 0 -12 -1 0 -12 
794282412 0 0 0 0 -15 -3 -2 -2 -6 -19 -2 -6 -19 
794478806 0 0 0 0 -15 -4 -1 -2 -7 -20 -2 -6 -19 
796799998 0 0 0 0 -12 -4 0 -3 -13 -24 -3 -13 -24 
796996804 0 0 0 0 -12 -4 0 -4 -14 -24 -3 -13 -24 
799397190 0 0 0 0 -9 -4 0 -4 -14 -26 -4 -14 -26 
801874790 0 0 0 0 -5 -3 0 -6 -13 -25 -6 -12 -25 
802032264 0 0 0 0 -5 -4 0 -6 -12 -25 -6 -12 -25 
804392650 0 0 0 0 -6 -5 0 -5 -8 -25 -5 -8 -25 
804549974 0 0 0 0 -6 -5 -1 -5 -8 -25 -5 -8 -25 
806909062 0 0 0 0 -4 -4 0 0 -5 -25 0 -5 -25 
807066366 0 0 0 0 -4 -4 0 0 -5 -25 0 -5 -25 
809428766 0 0 0 0 -5 -2 2 4 -5 -24 3 -5 -24 
809546366 0 0 0 0 -4 -3 2 4 -5 -24 4 -5 -24 
811905552 0 0 0 0 -3 -1 -1 4 -4 -21 4 -4 -20 
814461644 0 0 0 0 -2 -1 2 3 -4 -17 3 -4 -17 
814619568 0 0 0 0 -2 -1 2 3 -3 -17 3 -3 -17 
