347336 0 0 0 0 0 0 0 0 0 0 0 108 0 
347386 0 0 0 0 0 0 0 0 0 0 0 108 0 
347436 0 0 0 0 0 0 0 0 0 0 0 108 0 
347486 0 0 0 0 0 0 0 0 0 0 0 108 0 
347536 0 0 0 0 0 0 0 0 0 0 0 108 0 
347586 0 0 0 0 0 0 0 0 0 0 0 108 0 
347636 0 0 0 0 0 0 0 0 0 0 0 108 0 
347687 0 0 0 0 0 0 0 0 0 0 0 108 0 
347737 0 0 0 0 0 0 0 0 0 0 0 108 0 
347787 0 0 0 0 0 0 0 0 0 0 0 108 0 
347837 0 0 0 0 0 0 0 0 0 0 0 108 0 
347887 0 0 0 0 0 0 0 0 0 0 0 108 0 
347937 0 0 0 0 0 0 0 0 0 0 0 108 0 
347987 0 0 0 0 0 0 0 0 0 0 0 108 0 
348037 0 0 0 0 0 0 0 0 0 0 0 108 0 
348087 0 0 0 0 0 0 0 0 0 0 0 108 0 
348137 0 0 0 0 0 0 0 0 0 0 0 108 0 
348187 0 0 0 0 0 0 0 0 0 0 0 108 0 
348238 0 0 0 0 0 0 0 0 0 0 0 108 0 
348288 0 0 0 0 0 0 0 0 0 0 0 108 0 
348338 0 0 0 0 0 0 0 0 0 0 0 108 0 
348388 0 0 0 0 0 0 0 0 0 0 0 108 0 
348438 0 0 0 0 0 0 0 0 0 0 0 108 0 
348488 0 0 0 0 0 0 0 0 0 0 0 108 0 
348538 0 0 0 0 0 0 0 0 0 0 0 108 0 
348588 0 0 0 0 0 0 0 0 0 0 0 108 0 
348638 0 0 0 0 0 0 0 0 0 0 0 108 0 
348688 0 0 0 0 0 0 0 0 0 0 0 108 0 
348738 0 0 0 0 0 0 0 0 0 0 0 108 0 
348789 0 0 0 0 0 0 0 0 0 0 0 108 0 
348839 0 0 0 0 0 0 0 0 0 0 0 108 0 
348889 0 0 0 0 0 0 0 0 0 0 0 108 0 
348939 0 0 0 0 0 0 0 0 0 0 0 108 0 
348989 0 0 0 0 0 0 0 0 0 0 0 108 0 
349039 0 0 0 0 0 0 0 0 0 0 0 108 0 
349089 0 0 0 0 0 0 0 0 0 0 0 108 0 
349139 0 0 0 0 0 0 0 0 0 0 0 108 0 
349189 0 0 0 0 0 0 0 0 0 0 0 108 0 
349239 0 0 0 0 0 0 0 0 0 0 0 108 0 
349290 0 0 0 0 0 0 0 0 0 0 0 108 0 
349340 0 0 0 0 0 0 0 0 0 0 0 108 0 
349390 0 0 0 0 0 0 0 0 0 0 0 108 0 
349440 0 0 0 0 0 0 0 0 0 0 0 108 0 
349490 0 0 0 0 0 0 0 0 0 0 0 108 0 
349540 0 0 0 0 0 0 0 0 0 0 0 108 0 
349590 0 0 0 0 0 0 0 0 0 0 0 108 0 
349640 0 0 0 0 0 0 0 0 0 0 0 108 0 
349690 0 0 0 0 0 0 0 0 0 0 0 108 0 
349740 0 0 0 0 0 0 0 0 0 0 0 108 0 
349790 0 0 0 0 0 0 0 0 0 0 0 108 0 
349841 0 0 0 0 0 0 0 0 0 0 0 108 0 
349891 0 0 0 0 0 0 0 0 0 0 0 108 0 
349941 0 0 0 0 0 0 0 0 0 0 0 108 0 
349991 0 0 0 0 0 0 0 0 0 0 0 108 0 
350041 0 0 0 0 0 0 0 0 0 0 0 108 0 
350091 0 0 0 0 0 0 0 0 0 0 0 108 0 
350141 0 0 0 0 0 0 0 0 0 0 0 108 0 
350191 0 0 0 0 0 0 0 0 0 0 0 108 0 
350241 0 0 0 0 0 0 0 0 0 0 0 108 0 
350291 0 0 0 0 0 0 0 0 0 0 0 108 0 
350341 0 0 0 0 0 0 0 0 0 0 0 108 0 
350391 0 0 0 0 0 0 0 0 0 0 0 108 0 
350442 0 0 0 0 0 0 0 0 0 0 0 108 0 
350492 0 0 0 0 0 0 0 0 0 0 0 108 0 
350542 0 0 0 0 0 0 0 0 0 0 0 108 0 
350592 0 0 0 0 0 0 0 0 0 0 0 108 0 
350642 0 0 0 0 0 0 0 0 0 0 0 108 0 
350692 0 0 0 0 0 0 0 0 0 0 0 108 0 
350742 0 0 0 0 0 0 0 0 0 0 0 108 0 
350792 0 0 0 0 0 0 0 0 0 0 0 108 0 
350842 0 0 0 0 0 0 0 0 0 0 0 108 0 
350892 0 0 0 0 0 0 0 0 0 0 0 108 0 
350943 0 0 0 0 0 0 0 0 0 0 0 108 0 
350993 0 0 0 0 0 0 0 0 0 0 0 108 0 
351043 0 0 0 0 0 0 0 0 0 0 0 108 0 
351093 0 0 0 0 0 0 0 0 0 0 0 108 0 
351143 0 0 0 0 0 0 0 0 0 0 0 108 0 
351193 0 0 0 0 0 0 0 0 0 0 0 108 0 
351243 0 0 0 0 0 0 0 0 0 0 0 108 0 
351293 0 0 0 0 0 0 0 0 0 0 0 108 0 
351343 0 0 0 0 0 0 0 0 0 0 0 108 0 
351393 0 0 0 0 0 0 0 0 0 0 0 108 0 
351443 0 0 0 0 0 0 0 0 0 0 0 108 0 
351494 0 0 0 0 0 0 0 0 0 0 0 108 0 
351544 0 0 0 0 0 0 0 0 0 0 0 108 0 
351594 0 0 0 0 0 0 0 0 0 0 0 108 0 
351644 0 0 0 0 0 0 0 0 0 0 0 108 0 
351694 0 0 0 0 0 0 0 0 0 0 0 108 0 
351744 0 0 0 0 0 0 0 0 0 0 0 108 0 
351794 0 0 0 0 0 0 0 0 0 0 0 108 0 
351844 0 0 0 0 0 0 0 0 0 0 0 108 0 
351894 0 0 0 0 0 0 0 0 0 0 0 108 0 
351944 0 0 0 0 0 0 0 0 0 0 0 108 0 
351994 0 0 0 0 0 0 0 0 0 0 0 108 0 
352045 0 0 0 0 0 0 0 0 0 0 0 108 0 
352095 0 0 0 0 0 0 0 0 0 0 0 108 0 
352145 0 0 0 0 0 0 0 0 0 0 0 108 0 
352195 0 0 0 0 0 0 0 0 0 0 0 108 0 
352245 0 0 0 0 0 0 0 0 0 0 0 108 0 
352295 0 0 0 0 0 0 0 0 0 0 0 108 0 
352345 0 0 0 0 0 0 0 0 0 0 0 108 0 
352395 0 0 0 0 0 0 0 0 0 0 0 108 0 
352445 0 0 0 0 0 0 0 0 0 0 0 108 0 
352495 0 0 0 0 0 0 0 0 0 0 0 108 0 
352546 0 0 0 0 0 0 0 0 0 0 0 108 0 
352596 0 0 0 0 0 0 0 0 0 0 0 108 0 
352646 0 0 0 0 0 0 0 0 0 0 0 108 0 
352696 0 0 0 0 0 0 0 0 0 0 0 108 0 
