1678096410 0 0 0 0 515 503 408 374 308 489 374 307 489 
1680613984 0 0 0 0 515 505 408 375 307 488 375 306 488 
1681361974 0 0 0 0 515 504 408 374 306 488 374 306 487 
1683133576 0 0 0 0 515 503 407 373 305 487 373 305 487 
1683881574 0 0 0 0 516 503 407 372 306 487 372 306 487 
1685612374 0 0 0 0 516 503 407 372 307 487 372 307 487 
1686398766 0 0 0 0 515 503 408 372 307 487 372 307 487 
1688092368 0 0 0 0 515 502 407 375 309 487 375 308 487 
1688917958 0 0 0 0 516 503 406 375 309 487 375 309 487 
1690610354 0 0 0 0 514 503 408 375 309 488 375 309 488 
1693129658 0 0 0 0 514 505 407 376 307 489 375 307 489 
1694033942 0 0 0 0 514 505 406 375 307 489 375 307 489 
1695608338 0 0 0 0 514 504 407 374 305 490 374 305 490 
1696552342 0 0 0 0 515 504 408 374 305 490 374 305 490 
1698125930 0 0 0 0 514 503 407 373 305 490 373 305 490 
1699069934 0 0 0 0 515 504 406 373 306 489 373 306 489 
1700682716 0 0 0 0 516 503 406 374 306 489 374 306 489 
1701587926 0 0 0 0 515 504 407 375 307 489 374 307 489 
1703161560 0 0 0 0 514 502 408 375 307 489 375 307 489 
1705638708 0 0 0 0 515 503 407 378 308 490 377 307 490 
1706740298 0 0 0 0 515 504 407 377 308 490 376 308 490 
1708155106 0 0 0 0 515 505 407 375 308 491 375 308 491 
1709258054 0 0 0 0 514 504 408 374 307 491 374 307 491 
1710674300 0 0 0 0 515 504 407 374 306 491 374 306 491 
1711736696 0 0 0 0 514 503 407 373 306 490 373 306 490 
1713152686 0 0 0 0 515 503 408 374 304 490 374 304 489 
1714255488 0 0 0 0 515 503 407 375 304 489 375 304 489 
1715671072 0 0 0 0 516 504 406 375 305 489 375 304 489 
1718187864 0 0 0 0 517 504 408 374 305 490 374 304 490 
1719407872 0 0 0 0 518 503 407 375 305 490 375 305 490 
1720706656 0 0 0 0 518 502 407 375 306 491 375 306 491 
1721886658 0 0 0 0 517 501 408 375 306 490 375 306 490 
1723223854 0 0 0 0 518 501 409 376 306 490 376 306 490 
1724404652 0 0 0 0 518 503 407 376 306 490 376 306 490 
1725704016 0 0 0 0 517 503 409 376 307 489 376 307 489 
1726921850 0 0 0 0 517 504 409 376 307 488 376 307 488 
1728219440 0 0 0 0 518 505 408 375 308 487 375 308 487 
1730698232 0 0 0 0 517 504 408 373 308 487 373 308 487 
1732075428 0 0 0 0 517 503 408 373 308 487 373 308 487 
1733256630 0 0 0 0 517 504 407 373 309 488 373 308 488 
1734593814 0 0 0 0 516 504 407 374 308 488 374 308 488 
1735734618 0 0 0 0 516 503 407 374 308 488 374 307 487 
1737071888 0 0 0 0 516 503 407 374 307 487 374 307 487 
1738213016 0 0 0 0 516 504 406 375 307 487 374 306 487 
1739550200 0 0 0 0 515 503 407 374 306 487 374 306 487 
1740730658 0 0 0 0 516 504 408 374 306 487 374 306 487 
1743244988 0 0 0 0 516 504 408 374 306 488 374 306 488 
1744700984 0 0 0 0 516 503 407 375 306 488 374 306 487 
1745762594 0 0 0 0 516 504 408 376 307 488 375 306 487 
1747217788 0 0 0 0 516 504 408 375 308 488 375 307 488 
1748241386 0 0 0 0 516 504 408 375 308 489 375 307 488 
1749776180 0 0 0 0 516 504 408 375 307 489 375 307 489 
1750760178 0 0 0 0 516 505 408 375 307 490 375 307 490 
1752254430 0 0 0 0 516 504 408 375 308 490 375 308 490 
1753277358 0 0 0 0 516 504 406 374 309 490 374 308 490 
1755755356 0 0 0 0 516 503 406 375 308 489 375 308 489 
1757406958 0 0 0 0 516 503 407 375 308 489 375 307 489 
1758271756 0 0 0 0 516 503 407 375 306 489 375 306 489 
1759884138 0 0 0 0 516 503 408 377 306 489 376 306 489 
1760828142 0 0 0 0 516 504 408 377 305 489 376 305 489 
1762402136 0 0 0 0 517 505 407 375 305 489 375 305 489 
1763306528 0 0 0 0 517 504 408 375 305 489 375 305 489 
1764917328 0 0 0 0 517 505 408 375 306 488 374 306 488 
1765782532 0 0 0 0 517 505 408 374 306 487 374 306 487 
1768338124 0 0 0 0 517 505 407 373 308 488 373 308 488 
1770029314 0 0 0 0 516 503 408 374 308 488 374 307 488 
1770815712 0 0 0 0 516 504 409 375 307 488 375 307 488 
1772586512 0 0 0 0 516 504 406 375 308 489 375 308 489 
1773334534 0 0 0 0 517 504 407 374 308 489 374 308 489 
1775065298 0 0 0 0 517 505 407 375 309 489 374 309 489 
1775851214 0 0 0 0 516 504 407 374 309 489 374 309 489 
1777579290 0 0 0 0 515 504 407 374 309 489 374 308 489 
1778326482 0 0 0 0 515 504 408 374 307 489 374 307 489 
1780843280 0 0 0 0 516 504 407 374 306 489 374 306 489 
1782730482 0 0 0 0 517 504 406 374 306 489 374 306 488 
1783360866 0 0 0 0 516 503 406 373 306 488 373 306 488 
1785249274 0 0 0 0 516 503 408 374 306 488 374 306 488 
1785839146 0 0 0 0 517 504 408 375 306 488 374 306 488 
1787726060 0 0 0 0 517 504 408 376 306 489 376 306 488 
1788395252 0 0 0 0 517 504 408 376 306 489 376 306 489 
1790244852 0 0 0 0 518 505 408 375 307 489 375 307 489 
1790874844 0 0 0 0 518 505 407 375 308 489 375 308 489 
1793392842 0 0 0 0 516 504 409 375 309 489 375 309 489 
1795399636 0 0 0 0 517 504 408 375 308 489 375 308 489 
1795871642 0 0 0 0 516 505 407 375 308 489 375 308 489 
1797918436 0 0 0 0 516 504 407 375 307 489 375 307 489 
1798390428 0 0 0 0 516 504 407 375 307 489 375 307 489 
1800435696 0 0 0 0 516 505 408 375 306 488 374 306 488 
1800907220 0 0 0 0 517 505 408 374 306 488 374 306 488 
1802952408 0 0 0 0 516 504 407 375 306 488 375 306 488 
1803386006 0 0 0 0 516 504 407 375 305 488 375 305 488 
1805905598 0 0 0 0 517 504 406 374 306 488 374 306 488 
1808105992 0 0 0 0 517 505 409 374 307 488 374 307 488 
1808420798 0 0 0 0 517 505 409 375 307 488 375 307 488 
1810623284 0 0 0 0 517 505 407 374 308 488 374 308 488 
1810937708 0 0 0 0 517 504 408 374 308 488 374 308 488 
1813101582 0 0 0 0 517 504 408 374 307 489 374 307 489 
1813417188 0 0 0 0 517 505 409 375 308 489 375 308 489 
1815621576 0 0 0 0 516 504 407 374 308 489 374 308 488 
1815936380 0 0 0 0 516 504 406 374 308 489 374 308 488 
1818415566 0 0 0 0 516 504 407 375 307 488 375 307 488 
1820816360 0 0 0 0 515 504 407 375 307 488 374 307 488 
1820974360 0 0 0 0 515 504 407 375 306 488 374 306 488 
1823334364 0 0 0 0 516 505 408 375 305 488 375 305 488 
1823491952 0 0 0 0 516 505 409 375 305 488 374 305 488 
1825812870 0 0 0 0 516 504 408 375 307 489 375 306 489 
1826009944 0 0 0 0 516 504 408 375 306 489 375 306 488 
1828328736 0 0 0 0 517 505 407 374 307 489 374 307 489 
1828525980 0 0 0 0 517 505 406 374 307 489 374 307 489 
1830964728 0 0 0 0 516 504 408 374 308 489 374 308 489 
1833440714 0 0 0 0 517 504 409 376 307 489 376 307 489 
1833598720 0 0 0 0 516 504 409 377 307 489 377 307 489 
1835958720 0 0 0 0 516 505 407 375 307 489 375 307 489 
1838477100 0 0 0 0 516 505 408 375 307 488 375 307 488 
1838634306 0 0 0 0 516 505 408 375 307 488 375 307 488 
1840957498 0 0 0 0 516 505 408 374 306 488 374 306 488 
1841154304 0 0 0 0 516 505 408 374 306 488 374 306 488 
1843475090 0 0 0 0 517 505 408 374 306 488 374 306 488 
1843710690 0 0 0 0 517 505 408 374 306 488 374 306 488 
1843828684 0 0 0 0 517 505 407 374 306 488 374 306 488 
1845991090 0 0 0 0 517 504 407 373 308 488 373 308 488 
1848508676 0 0 0 0 516 505 408 374 308 488 374 308 488 
1848902274 0 0 0 0 516 505 408 374 308 488 374 308 488 
1850987468 0 0 0 0 516 505 408 375 307 489 375 307 489 
1851419860 0 0 0 0 516 505 407 375 308 489 375 308 489 
1853501466 0 0 0 0 517 505 406 374 308 489 374 307 489 
1853894660 0 0 0 0 516 505 407 374 308 489 374 308 489 
1856057446 0 0 0 0 516 505 408 374 307 489 374 307 489 
1856411858 0 0 0 0 516 504 408 374 307 488 374 307 488 
1858537852 0 0 0 0 516 505 408 376 306 488 376 306 488 
1861017844 0 0 0 0 517 504 406 375 306 488 375 306 488 
1861608236 0 0 0 0 517 504 406 375 307 488 375 307 488 
1863575036 0 0 0 0 517 505 408 375 307 488 375 307 488 
1864126234 0 0 0 0 517 506 408 375 307 489 374 307 488 
1866054272 0 0 0 0 516 505 409 375 306 488 375 306 488 
1866644620 0 0 0 0 516 505 408 375 306 488 375 306 488 
1868533820 0 0 0 0 517 506 407 375 307 489 375 307 488 
1869123818 0 0 0 0 517 505 407 375 308 488 375 308 488 
1871050212 0 0 0 0 516 505 408 374 307 489 374 307 489 
1873568286 0 0 0 0 516 505 408 376 308 489 376 308 489 
1874277496 0 0 0 0 516 505 407 374 307 488 374 307 488 
1876046472 0 0 0 0 516 505 408 374 308 489 374 307 489 
1876833490 0 0 0 0 516 504 407 374 307 488 374 307 488 
1878603790 0 0 0 0 516 504 408 374 307 489 374 307 488 
1879312982 0 0 0 0 516 505 407 374 307 489 374 307 488 
1881082976 0 0 0 0 516 505 408 374 307 488 374 307 488 
1881829768 0 0 0 0 516 505 408 375 306 488 375 306 488 
1883602574 0 0 0 0 517 505 407 374 308 488 374 307 488 
1886080962 0 0 0 0 516 504 407 374 308 488 373 307 488 
1886986164 0 0 0 0 516 504 408 375 307 488 375 307 488 
1888598154 0 0 0 0 516 504 407 376 307 488 376 307 488 
1889502556 0 0 0 0 516 504 406 376 307 489 376 306 489 
1891115746 0 0 0 0 517 505 406 375 307 489 375 307 489 
1892019342 0 0 0 0 516 505 407 375 307 489 375 307 489 
1893594406 0 0 0 0 516 505 408 375 306 488 375 306 488 
1894498536 0 0 0 0 516 505 408 376 307 488 376 306 488 
1896152136 0 0 0 0 516 505 409 376 306 488 375 306 488 
1898630916 0 0 0 0 517 507 408 375 306 488 375 306 488 
1899692526 0 0 0 0 516 505 407 374 307 488 373 307 488 
1901147714 0 0 0 0 517 505 407 373 307 488 373 307 488 
1902210630 0 0 0 0 516 505 408 373 308 489 373 307 488 
1903627302 0 0 0 0 516 505 408 374 307 488 374 307 488 
1904689310 0 0 0 0 516 505 407 375 307 488 375 307 488 
1906145068 0 0 0 0 516 504 406 375 307 489 375 307 488 
1907205690 0 0 0 0 516 505 406 375 307 489 375 307 489 
1908622086 0 0 0 0 516 506 408 376 307 489 375 307 488 
1911140884 0 0 0 0 516 504 408 374 307 488 374 307 488 
1912360480 0 0 0 0 516 505 408 374 306 488 374 306 488 
1913659284 0 0 0 0 516 505 408 375 307 488 375 306 488 
1914839274 0 0 0 0 516 505 408 375 307 488 375 306 488 
1916177270 0 0 0 0 516 505 408 375 306 488 375 306 488 
1917357266 0 0 0 0 516 505 408 375 307 489 375 306 488 
1918654868 0 0 0 0 516 505 406 374 307 489 374 307 488 
1919874058 0 0 0 0 517 505 407 374 307 489 374 307 489 
1921212054 0 0 0 0 516 504 408 374 307 489 374 307 489 
1923689652 0 0 0 0 516 505 408 375 307 488 375 307 488 
1924987648 0 0 0 0 516 505 408 376 307 488 375 307 488 
1926205632 0 0 0 0 516 505 408 376 306 488 376 306 488 
1927503640 0 0 0 0 517 506 408 375 307 488 375 307 488 
1928682024 0 0 0 0 516 506 407 373 307 488 373 307 488 
1930019634 0 0 0 0 516 505 408 373 307 489 373 307 489 
1931199618 0 0 0 0 516 505 408 373 307 489 373 307 489 
1932535850 0 0 0 0 516 505 407 373 307 489 373 307 489 
1933714704 0 0 0 0 516 504 408 373 307 489 373 307 489 
1936232808 0 0 0 0 516 505 408 376 307 489 376 307 489 
1937686410 0 0 0 0 516 505 407 376 307 489 376 307 489 
1938710800 0 0 0 0 516 505 407 375 307 489 375 307 489 
1940206390 0 0 0 0 516 505 407 374 307 489 374 307 489 
1941269592 0 0 0 0 516 505 407 374 307 489 374 307 489 
1942685988 0 0 0 0 516 505 408 375 306 489 375 306 489 
1943748792 0 0 0 0 517 505 409 375 306 489 375 306 488 
1945203580 0 0 0 0 517 506 408 376 307 488 375 306 488 
1946226378 0 0 0 0 517 505 407 375 307 488 375 307 488 
1948745570 0 0 0 0 517 505 408 374 307 488 374 307 488 
1950359158 0 0 0 0 516 505 408 374 307 488 374 307 488 
1951263968 0 0 0 0 516 505 408 374 307 488 374 307 488 
1952878250 0 0 0 0 516 504 407 374 307 489 374 307 489 
1953742748 0 0 0 0 516 505 407 375 307 489 374 306 489 
1955393156 0 0 0 0 516 505 408 375 307 489 375 307 489 
1956297946 0 0 0 0 517 505 408 375 308 489 375 307 488 
1957912348 0 0 0 0 516 505 408 375 307 488 375 307 488 
1958816014 0 0 0 0 517 506 408 375 307 488 375 307 488 
1961295932 0 0 0 0 516 504 406 373 307 488 373 307 488 
1963063926 0 0 0 0 516 505 408 373 307 488 373 307 488 
1963773118 0 0 0 0 516 504 408 374 307 488 374 307 488 
1965542718 0 0 0 0 516 504 407 375 307 489 374 307 488 
1966329116 0 0 0 0 516 504 406 374 307 489 374 307 489 
1968060316 0 0 0 0 516 504 406 375 308 489 375 307 489 
1968808578 0 0 0 0 516 505 406 375 307 489 375 307 489 
1970540296 0 0 0 0 516 505 408 375 307 489 375 307 489 
1971287100 0 0 0 0 516 505 409 376 307 489 375 306 488 
1973807094 0 0 0 0 516 505 409 376 306 488 376 305 488 
1975693888 0 0 0 0 517 506 407 374 307 488 374 307 488 
1976324292 0 0 0 0 516 506 407 374 308 488 373 307 488 
1978211074 0 0 0 0 516 505 408 373 308 488 373 308 488 
1978840284 0 0 0 0 516 505 408 374 309 488 373 309 488 
1980728672 0 0 0 0 516 505 408 374 308 489 374 308 489 
1981358670 0 0 0 0 517 504 407 374 308 489 374 308 489 
1983208002 0 0 0 0 516 505 406 375 308 489 375 308 489 
1983837882 0 0 0 0 515 504 406 374 307 489 374 307 489 
1986352254 0 0 0 0 516 505 407 376 307 489 375 307 488 
1988438254 0 0 0 0 516 505 408 376 306 489 375 306 488 
1988870654 0 0 0 0 515 505 407 375 306 488 375 306 488 
1990916648 0 0 0 0 516 506 408 375 306 488 375 306 488 
1991389040 0 0 0 0 517 506 408 375 306 488 375 306 488 
1993395834 0 0 0 0 517 506 409 374 307 489 374 307 488 
1993828638 0 0 0 0 517 506 409 374 307 489 374 306 489 
1995911826 0 0 0 0 518 505 407 373 309 489 373 309 489 
1996383830 0 0 0 0 517 504 406 373 309 489 373 309 489 
1998862222 0 0 0 0 516 504 407 374 310 488 374 310 488 
2001064610 0 0 0 0 515 505 407 375 309 488 375 309 488 
2001379002 0 0 0 0 515 505 407 375 309 488 375 309 487 
2003583402 0 0 0 0 515 505 407 375 306 488 375 306 488 
2003859394 0 0 0 0 515 505 407 375 307 488 375 307 488 
2006062714 0 0 0 0 514 505 406 374 306 488 374 306 488 
2006377394 0 0 0 0 515 505 407 374 306 488 374 306 488 
2008581392 0 0 0 0 515 505 408 375 305 488 375 305 488 
2008895792 0 0 0 0 516 505 407 375 305 488 374 305 488 
2011376178 0 0 0 0 515 505 407 374 306 488 374 306 488 
2013737378 0 0 0 0 516 505 407 375 307 489 374 307 488 
2013934564 0 0 0 0 515 504 407 375 307 489 375 307 489 
2016294170 0 0 0 0 515 505 408 375 307 489 375 307 489 
2016451368 0 0 0 0 515 505 408 376 307 489 376 307 489 
2018771836 0 0 0 0 516 506 408 376 307 489 376 307 489 
2018968554 0 0 0 0 516 506 407 376 307 489 375 307 489 
2021288154 0 0 0 0 516 506 408 375 307 489 374 307 489 
2021485348 0 0 0 0 515 506 407 374 307 489 374 307 489 
2023924146 0 0 0 0 517 506 407 374 307 488 374 307 488 
2026403732 0 0 0 0 516 504 408 374 307 489 374 307 489 
2026600126 0 0 0 0 516 504 407 375 307 489 374 307 489 
2028960524 0 0 0 0 515 505 407 376 306 489 376 306 489 
2029117742 0 0 0 0 515 505 407 376 306 489 375 306 489 
2031440916 0 0 0 0 516 505 406 375 305 489 375 305 489 
2031637504 0 0 0 0 516 505 407 376 306 489 376 306 489 
2033957702 0 0 0 0 517 505 408 375 306 489 374 306 489 
2034115702 0 0 0 0 516 505 407 375 306 489 375 306 489 
2036437876 0 0 0 0 516 506 408 376 307 488 375 307 488 
2038958632 0 0 0 0 516 506 408 375 306 489 375 306 489 
2039116150 0 0 0 0 516 506 408 376 306 489 375 306 489 
2041477692 0 0 0 0 516 506 408 374 307 489 374 307 489 
2041634892 0 0 0 0 516 506 408 374 307 489 374 307 489 
2043995278 0 0 0 0 516 506 408 374 308 489 374 308 489 
2044113272 0 0 0 0 516 506 408 374 308 489 374 308 489 
2046512864 0 0 0 0 516 505 407 375 308 488 374 308 488 
2046631176 0 0 0 0 516 505 406 374 307 489 374 307 489 
2048991262 0 0 0 0 516 505 406 375 306 489 375 306 489 
2051508462 0 0 0 0 516 506 408 376 305 489 376 305 488 
2051783248 0 0 0 0 516 506 408 376 305 488 376 305 488 
2053987654 0 0 0 0 517 507 407 374 306 488 374 306 488 
2054263652 0 0 0 0 517 507 407 375 306 488 375 306 488 
2056507246 0 0 0 0 517 507 410 373 307 489 373 307 488 
2056782032 0 0 0 0 516 506 410 373 307 489 373 307 488 
2059025526 0 0 0 0 517 506 408 374 308 489 374 308 489 
2059300438 0 0 0 0 516 505 407 374 308 489 374 308 488 
2061543230 0 0 0 0 516 505 406 374 308 489 374 308 489 
2064020810 0 0 0 0 515 505 408 375 307 489 375 307 489 
2064452696 0 0 0 0 515 505 408 375 307 489 375 307 489 
