907422 0 0 0 0 0 0 0 0 0 0 0 28816 16618 
907472 0 0 0 0 0 0 0 0 0 0 0 28816 16618 
907522 0 0 0 0 0 0 0 0 0 0 0 28816 16618 
907572 0 0 0 0 0 0 0 0 0 0 0 28816 16618 
907622 0 0 0 0 0 0 0 0 0 0 0 28816 16618 
907672 0 0 0 0 0 0 0 0 0 0 0 28816 16618 
907722 0 0 0 0 0 0 0 0 0 0 0 28816 16618 
907772 0 0 0 0 0 0 0 0 0 0 0 28816 16618 
907823 0 0 0 0 0 0 0 0 0 0 0 28816 16618 
907873 0 0 0 0 0 0 0 0 0 0 0 28816 16618 
907923 0 0 0 0 0 0 0 0 0 0 0 28816 16618 
907973 0 0 0 0 0 0 0 0 0 0 0 28816 16618 
908023 0 0 0 0 0 0 0 0 0 0 0 28816 16618 
908073 0 0 0 0 0 0 0 0 0 0 0 28816 16618 
908123 0 0 0 0 0 0 0 0 0 0 0 28816 16618 
908173 0 0 0 0 0 0 0 0 0 0 0 28816 16618 
908223 0 0 0 0 0 0 0 0 0 0 0 28816 16618 
908273 0 0 0 0 0 0 0 0 0 0 0 28816 16618 
908323 0 0 0 0 0 0 0 0 0 0 0 28816 16618 
908374 0 0 0 0 0 0 0 0 0 0 0 28816 16618 
908424 0 0 0 0 0 0 0 0 0 0 0 28816 16618 
908474 0 0 0 0 0 0 0 0 0 0 0 28816 16618 
908524 0 0 0 0 0 0 0 0 0 0 0 28816 16618 
908574 0 0 0 0 0 0 0 0 0 0 0 28816 16618 
908624 0 0 0 0 0 0 0 0 0 0 0 28816 16618 
908674 0 0 0 0 0 0 0 0 0 0 0 28816 16618 
908724 0 0 0 0 0 0 0 0 0 0 0 28816 16618 
908774 0 0 0 0 0 0 0 0 0 0 0 28816 16618 
908824 0 0 0 0 0 0 0 0 0 0 0 28816 16618 
908874 0 0 0 0 0 0 0 0 0 0 0 28816 16618 
908925 0 0 0 0 0 0 0 0 0 0 0 28816 16618 
908975 0 0 0 0 0 0 0 0 0 0 0 28816 16618 
909025 0 0 0 0 0 0 0 0 0 0 0 28816 16618 
909075 0 0 0 0 0 0 0 0 0 0 0 28816 16618 
909125 0 0 0 0 0 0 0 0 0 0 0 28816 16618 
909175 0 0 0 0 0 0 0 0 0 0 0 28816 16618 
909225 0 0 0 0 0 0 0 0 0 0 0 28816 16618 
909275 0 0 0 0 0 0 0 0 0 0 0 28816 16618 
909325 0 0 0 0 0 0 0 0 0 0 0 28816 16618 
909375 0 0 0 0 0 0 0 0 0 0 0 28816 16618 
909426 0 0 0 0 0 0 0 0 0 0 0 28816 16618 
909476 0 0 0 0 0 0 0 0 0 0 0 28816 16618 
909526 0 0 0 0 0 0 0 0 0 0 0 28816 16618 
909576 0 0 0 0 0 0 0 0 0 0 0 28816 16618 
909626 0 0 0 0 0 0 0 0 0 0 0 28816 16618 
909676 0 0 0 0 0 0 0 0 0 0 0 28816 16618 
909726 0 0 0 0 0 0 0 0 0 0 0 28816 16618 
909776 0 0 0 0 0 0 0 0 0 0 0 28816 16618 
909826 0 0 0 0 0 0 0 0 0 0 0 28816 16618 
909876 0 0 0 0 0 0 0 0 0 0 0 28816 16618 
909927 0 0 0 0 0 0 0 0 0 0 0 28816 16618 
909977 0 0 0 0 0 0 0 0 0 0 0 28816 16618 
910027 0 0 0 0 0 0 0 0 0 0 0 28816 16618 
910077 0 0 0 0 0 0 0 0 0 0 0 28816 16618 
910127 0 0 0 0 0 0 0 0 0 0 0 28816 16618 
910177 0 0 0 0 0 0 0 0 0 0 0 28816 16618 
910227 0 0 0 0 0 0 0 0 0 0 0 28816 16618 
910277 0 0 0 0 0 0 0 0 0 0 0 28816 16618 
910327 0 0 0 0 0 0 0 0 0 0 0 28816 16618 
910377 0 0 0 0 0 0 0 0 0 0 0 28816 16618 
910428 0 0 0 0 0 0 0 0 0 0 0 28816 16618 
910478 0 0 0 0 0 0 0 0 0 0 0 28816 16618 
910528 0 0 0 0 0 0 0 0 0 0 0 28816 16618 
910578 0 0 0 0 0 0 0 0 0 0 0 28816 16618 
910628 0 0 0 0 0 0 0 0 0 0 0 28816 16618 
910678 0 0 0 0 0 0 0 0 0 0 0 28816 16618 
910728 0 0 0 0 0 0 0 0 0 0 0 28816 16618 
910778 0 0 0 0 0 0 0 0 0 0 0 28816 16618 
910828 0 0 0 0 0 0 0 0 0 0 0 28816 16618 
910878 0 0 0 0 0 0 0 0 0 0 0 28816 16618 
910929 0 0 0 0 0 0 0 0 0 0 0 28816 16618 
910979 0 0 0 0 0 0 0 0 0 0 0 28816 16618 
911029 0 0 0 0 0 0 0 0 0 0 0 28816 16618 
911079 0 0 0 0 0 0 0 0 0 0 0 28816 16618 
911129 0 0 0 0 0 0 0 0 0 0 0 28816 16618 
911179 0 0 0 0 0 0 0 0 0 0 0 28816 16618 
911229 0 0 0 0 0 0 0 0 0 0 0 28816 16618 
911279 0 0 0 0 0 0 0 0 0 0 0 28816 16618 
911329 0 0 0 0 0 0 0 0 0 0 0 28816 16618 
911379 0 0 0 0 0 0 0 0 0 0 0 28816 16618 
911429 0 0 0 0 0 0 0 0 0 0 0 28816 16618 
911480 0 0 0 0 0 0 0 0 0 0 0 28816 16618 
911530 0 0 0 0 0 0 0 0 0 0 0 28816 16618 
911580 0 0 0 0 0 0 0 0 0 0 0 28816 16618 
911630 0 0 0 0 0 0 0 0 0 0 0 28816 16618 
911680 0 0 0 0 0 0 0 0 0 0 0 28816 16618 
911730 0 0 0 0 0 0 0 0 0 0 0 28816 16618 
911780 0 0 0 0 0 0 0 0 0 0 0 28816 16618 
911830 0 0 0 0 0 0 0 0 0 0 0 28816 16618 
911880 0 0 0 0 0 0 0 0 0 0 0 28816 16618 
911930 0 0 0 0 0 0 0 0 0 0 0 28816 16618 
911981 0 0 0 0 0 0 0 0 0 0 0 28816 16618 
912031 0 0 0 0 0 0 0 0 0 0 0 28816 16618 
912081 0 0 0 0 0 0 0 0 0 0 0 28816 16618 
912131 0 0 0 0 0 0 0 0 0 0 0 28816 16618 
912181 0 0 0 0 0 0 0 0 0 0 0 28816 16618 
912231 0 0 0 0 0 0 0 0 0 0 0 28816 16618 
912282 0 0 0 0 0 0 0 0 0 0 0 28816 16618 
912332 0 0 0 0 0 0 0 0 0 0 0 28816 16618 
912382 0 0 0 0 0 0 0 0 0 0 0 28816 16618 
912433 0 0 0 0 0 0 0 0 0 0 0 28816 16618 
912483 0 0 0 0 0 0 0 0 0 0 0 28816 16618 
912533 0 0 0 0 0 0 0 0 0 0 0 28816 16618 
912583 0 0 0 0 0 0 0 0 0 0 0 28816 16618 
912633 0 0 0 0 0 0 0 0 0 0 0 28816 16618 
912683 0 0 0 0 0 0 0 0 0 0 0 28816 16618 
912733 0 0 0 0 0 0 0 0 0 0 0 28816 16618 
912783 0 0 0 0 0 0 0 0 0 0 0 28816 16618 
