614454 0 0 0 0 0 0 0 0 0 0 0 28816 16618 
614504 0 0 0 0 0 0 0 0 0 0 0 28816 16618 
614554 0 0 0 0 0 0 0 0 0 0 0 28816 16618 
614604 0 0 0 0 0 0 0 0 0 0 0 28816 16618 
614654 0 0 0 0 0 0 0 0 0 0 0 28816 16618 
614705 0 0 0 0 0 0 0 0 0 0 0 28816 16618 
614755 0 0 0 0 0 0 0 0 0 0 0 28816 16618 
614805 0 0 0 0 0 0 0 0 0 0 0 28816 16618 
614855 0 0 0 0 0 0 0 0 0 0 0 28816 16618 
614905 0 0 0 0 0 0 0 0 0 0 0 28816 16618 
614955 0 0 0 0 0 0 0 0 0 0 0 28816 16618 
615005 0 0 0 0 0 0 0 0 0 0 0 28816 16618 
615055 0 0 0 0 0 0 0 0 0 0 0 28816 16618 
615105 0 0 0 0 0 0 0 0 0 0 0 28816 16618 
615156 0 0 0 0 0 0 0 0 0 0 0 28816 16618 
615206 0 0 0 0 0 0 0 0 0 0 0 28816 16618 
615256 0 0 0 0 0 0 0 0 0 0 0 28816 16618 
615306 0 0 0 0 0 0 0 0 0 0 0 28816 16618 
615356 0 0 0 0 0 0 0 0 0 0 0 28816 16618 
615406 0 0 0 0 0 0 0 0 0 0 0 28816 16618 
615456 0 0 0 0 0 0 0 0 0 0 0 28816 16618 
615506 0 0 0 0 0 0 0 0 0 0 0 28816 16618 
615556 0 0 0 0 0 0 0 0 0 0 0 28816 16618 
615606 0 0 0 0 0 0 0 0 0 0 0 28816 16618 
615656 0 0 0 0 0 0 0 0 0 0 0 28816 16618 
615707 0 0 0 0 0 0 0 0 0 0 0 28816 16618 
615757 0 0 0 0 0 0 0 0 0 0 0 28816 16618 
615807 0 0 0 0 0 0 0 0 0 0 0 28816 16618 
615857 0 0 0 0 0 0 0 0 0 0 0 28816 16618 
615907 0 0 0 0 0 0 0 0 0 0 0 28816 16618 
615957 0 0 0 0 0 0 0 0 0 0 0 28816 16618 
616007 0 0 0 0 0 0 0 0 0 0 0 28816 16618 
616057 0 0 0 0 0 0 0 0 0 0 0 28816 16618 
616107 0 0 0 0 0 0 0 0 0 0 0 28816 16618 
616157 0 0 0 0 0 0 0 0 0 0 0 28816 16618 
616207 0 0 0 0 0 0 0 0 0 0 0 28816 16618 
616257 0 0 0 0 0 0 0 0 0 0 0 28816 16618 
616308 0 0 0 0 0 0 0 0 0 0 0 28816 16618 
616358 0 0 0 0 0 0 0 0 0 0 0 28816 16618 
616408 0 0 0 0 0 0 0 0 0 0 0 28816 16618 
616458 0 0 0 0 0 0 0 0 0 0 0 28816 16618 
616508 0 0 0 0 0 0 0 0 0 0 0 28816 16618 
616558 0 0 0 0 0 0 0 0 0 0 0 28816 16618 
616608 0 0 0 0 0 0 0 0 0 0 0 28816 16618 
616658 0 0 0 0 0 0 0 0 0 0 0 28816 16618 
616708 0 0 0 0 0 0 0 0 0 0 0 28816 16618 
616758 0 0 0 0 0 0 0 0 0 0 0 28816 16618 
616809 0 0 0 0 0 0 0 0 0 0 0 28816 16618 
616859 0 0 0 0 0 0 0 0 0 0 0 28816 16618 
616909 0 0 0 0 0 0 0 0 0 0 0 28816 16618 
616959 0 0 0 0 0 0 0 0 0 0 0 28816 16618 
617009 0 0 0 0 0 0 0 0 0 0 0 28816 16618 
617059 0 0 0 0 0 0 0 0 0 0 0 28816 16618 
617109 0 0 0 0 0 0 0 0 0 0 0 28816 16618 
617159 0 0 0 0 0 0 0 0 0 0 0 28816 16618 
617209 0 0 0 0 0 0 0 0 0 0 0 28816 16618 
617259 0 0 0 0 0 0 0 0 0 0 0 28816 16618 
617310 0 0 0 0 0 0 0 0 0 0 0 28816 16618 
617360 0 0 0 0 0 0 0 0 0 0 0 28816 16618 
617410 0 0 0 0 0 0 0 0 0 0 0 28816 16618 
617460 0 0 0 0 0 0 0 0 0 0 0 28816 16618 
617510 0 0 0 0 0 0 0 0 0 0 0 28816 16618 
617560 0 0 0 0 0 0 0 0 0 0 0 28816 16618 
617610 0 0 0 0 0 0 0 0 0 0 0 28816 16618 
617660 0 0 0 0 0 0 0 0 0 0 0 28816 16618 
617710 0 0 0 0 0 0 0 0 0 0 0 28816 16618 
617761 0 0 0 0 0 0 0 0 0 0 0 28816 16618 
617811 0 0 0 0 0 0 0 0 0 0 0 28816 16618 
617861 0 0 0 0 0 0 0 0 0 0 0 28816 16618 
617911 0 0 0 0 0 0 0 0 0 0 0 28816 16618 
617961 0 0 0 0 0 0 0 0 0 0 0 28816 16618 
618011 0 0 0 0 0 0 0 0 0 0 0 28816 16618 
618061 0 0 0 0 0 0 0 0 0 0 0 28816 16618 
618111 0 0 0 0 0 0 0 0 0 0 0 28816 16618 
618161 0 0 0 0 0 0 0 0 0 0 0 28816 16618 
618211 0 0 0 0 0 0 0 0 0 0 0 28816 16618 
618261 0 0 0 0 0 0 0 0 0 0 0 28816 16618 
618312 0 0 0 0 0 0 0 0 0 0 0 28816 16618 
618362 0 0 0 0 0 0 0 0 0 0 0 28816 16618 
618412 0 0 0 0 0 0 0 0 0 0 0 28816 16618 
618462 0 0 0 0 0 0 0 0 0 0 0 28816 16618 
618512 0 0 0 0 0 0 0 0 0 0 0 28816 16618 
618562 0 0 0 0 0 0 0 0 0 0 0 28816 16618 
618612 0 0 0 0 0 0 0 0 0 0 0 28816 16618 
618662 0 0 0 0 0 0 0 0 0 0 0 28816 16618 
618712 0 0 0 0 0 0 0 0 0 0 0 28816 16618 
618762 0 0 0 0 0 0 0 0 0 0 0 28816 16618 
618812 0 0 0 0 0 0 0 0 0 0 0 28816 16618 
618863 0 0 0 0 0 0 0 0 0 0 0 28816 16618 
618913 0 0 0 0 0 0 0 0 0 0 0 28816 16618 
618963 0 0 0 0 0 0 0 0 0 0 0 28816 16618 
619013 0 0 0 0 0 0 0 0 0 0 0 28816 16618 
619063 0 0 0 0 0 0 0 0 0 0 0 28816 16618 
619113 0 0 0 0 0 0 0 0 0 0 0 28816 16618 
619163 0 0 0 0 0 0 0 0 0 0 0 28816 16618 
619213 0 0 0 0 0 0 0 0 0 0 0 28816 16618 
619263 0 0 0 0 0 0 0 0 0 0 0 28816 16618 
619313 0 0 0 0 0 0 0 0 0 0 0 28816 16618 
619364 0 0 0 0 0 0 0 0 0 0 0 28816 16618 
619414 0 0 0 0 0 0 0 0 0 0 0 28816 16618 
619464 0 0 0 0 0 0 0 0 0 0 0 28816 16618 
619514 0 0 0 0 0 0 0 0 0 0 0 28816 16618 
619564 0 0 0 0 0 0 0 0 0 0 0 28816 16618 
619614 0 0 0 0 0 0 0 0 0 0 0 28816 16618 
619664 0 0 0 0 0 0 0 0 0 0 0 28816 16618 
619714 0 0 0 0 0 0 0 0 0 0 0 28816 16618 
619764 0 0 0 0 0 0 0 0 0 0 0 28816 16618 
619814 0 0 0 0 0 0 0 0 0 0 0 28816 16618 
