757528140 0 0 0 0 2 -1 2 0 0 0 0 0 0 
760005770 0 0 0 0 2 0 1 -1 2 0 0 2 0 
760910822 0 0 0 0 2 0 2 0 3 0 0 3 0 
762523800 0 0 0 0 0 0 3 1 2 0 1 2 0 
763389734 0 0 0 0 0 1 2 1 2 1 0 2 0 
765004128 0 0 0 0 -1 0 2 0 1 1 0 1 1 
765907714 0 0 0 0 -1 1 1 0 1 0 0 0 0 
767520114 0 0 0 0 0 2 0 -2 1 0 -1 1 0 
768424118 0 0 0 0 -1 0 0 -2 1 -1 -2 1 0 
770035712 0 0 0 0 -1 0 1 -2 1 0 -2 1 0 
772552498 0 0 0 0 -1 0 2 0 0 1 0 0 1 
773613696 0 0 0 0 -1 -1 1 0 0 1 0 0 1 
775068496 0 0 0 0 0 0 0 -1 1 1 -1 1 1 
776091682 0 0 0 0 1 0 -1 -1 2 2 -1 2 2 
777585682 0 0 0 0 -1 -1 0 -1 2 2 -1 2 2 
778609610 0 0 0 0 -1 -2 1 0 2 2 0 2 2 
780064482 0 0 0 0 -1 -2 2 2 1 2 1 1 2 
781087672 0 0 0 0 0 -1 0 2 1 2 2 1 1 
782544460 0 0 0 0 0 0 1 2 1 2 1 1 2 
785064066 0 0 0 0 0 0 0 1 1 2 0 0 2 
786243842 0 0 0 0 -1 -1 1 0 0 1 0 0 1 
787581138 0 0 0 0 -1 -1 2 0 0 0 0 0 0 
788760848 0 0 0 0 1 -1 1 0 -1 1 0 -1 0 
790097650 0 0 0 0 1 -2 1 0 0 0 0 0 0 
791238714 0 0 0 0 0 -2 1 1 -1 0 0 0 0 
792615242 0 0 0 0 0 -1 2 1 -1 0 1 -1 0 
793794038 0 0 0 0 1 1 2 3 -1 0 2 -1 0 
795092434 0 0 0 0 0 0 1 2 -1 0 1 -1 0 
797608820 0 0 0 0 -1 0 2 -2 1 1 -2 0 0 
798946814 0 0 0 0 -2 1 3 -2 1 1 -2 0 0 
800085618 0 0 0 0 -1 0 3 -2 -1 1 -2 -1 0 
801463608 0 0 0 0 0 1 1 -1 -2 1 -1 -2 0 
802605198 0 0 0 0 1 0 2 -2 -3 1 -1 -2 1 
803940806 0 0 0 0 1 -1 2 -1 -2 1 -1 -2 1 
805122002 0 0 0 0 1 -1 1 -1 -1 1 -1 0 1 
806498484 0 0 0 0 1 -3 1 -1 1 1 0 1 1 
807600794 0 0 0 0 2 -1 1 0 2 1 0 2 1 
810158380 0 0 0 0 1 -2 1 0 2 3 0 2 3 
811613582 0 0 0 0 -1 -3 2 1 3 4 1 3 3 
812635566 0 0 0 0 -1 -2 1 0 2 3 0 2 3 
814128366 0 0 0 0 0 -2 1 1 1 2 1 1 2 
815152644 0 0 0 0 0 -1 2 1 1 1 1 0 1 
816605952 0 0 0 0 0 -1 2 1 -1 0 1 -1 0 
817667162 0 0 0 0 1 -2 1 1 -1 0 1 -1 0 
819123152 0 0 0 0 1 -3 1 -1 -2 0 -1 -2 0 
820144754 0 0 0 0 1 -2 1 0 -2 -1 0 -2 -1 
822662034 0 0 0 0 1 -2 1 2 0 -2 2 0 -2 
824314340 0 0 0 0 1 -2 2 3 1 -1 3 1 -1 
825180406 0 0 0 0 1 -1 2 3 1 0 3 1 0 
826831132 0 0 0 0 0 0 1 3 0 1 2 0 1 
827695530 0 0 0 0 0 0 2 3 0 1 2 0 1 
829310324 0 0 0 0 -1 0 2 2 0 1 1 0 1 
830176716 0 0 0 0 0 1 3 2 0 0 2 0 0 
831827104 0 0 0 0 0 2 2 1 0 -1 1 0 0 
832692714 0 0 0 0 0 1 2 1 1 -1 0 0 -1 
835171094 0 0 0 0 1 1 2 -1 0 0 -1 0 0 
836980700 0 0 0 0 1 -1 1 -2 1 1 -2 0 1 
837687142 0 0 0 0 1 -2 2 -2 0 1 -2 0 1 
839497574 0 0 0 0 0 -2 2 0 1 1 0 1 0 
840205084 0 0 0 0 1 -1 0 1 1 0 0 1 0 
842014672 0 0 0 0 0 -1 2 2 2 0 2 1 0 
842723082 0 0 0 0 0 0 2 2 1 -1 2 1 0 
844495340 0 0 0 0 1 1 1 2 1 0 2 1 0 
845203462 0 0 0 0 1 1 0 2 1 0 1 1 0 
847720660 0 0 0 0 0 1 3 1 0 -1 0 0 0 
849609860 0 0 0 0 0 1 1 -1 2 -2 -1 2 -1 
850239452 0 0 0 0 0 1 1 -1 2 -1 -1 2 -1 
852167452 0 0 0 0 -1 0 3 0 1 -1 0 1 -1 
852718650 0 0 0 0 -1 0 2 1 0 -1 1 0 -1 
854645838 0 0 0 0 -1 0 1 0 0 -1 0 0 -1 
855237042 0 0 0 0 -1 0 0 0 0 -1 0 0 -1 
857165030 0 0 0 0 -1 1 1 0 0 -1 0 0 0 
857753822 0 0 0 0 -1 0 1 0 1 0 0 0 0 
860269020 0 0 0 0 -2 0 1 -1 1 0 -1 1 0 
862314608 0 0 0 0 -1 -1 2 1 0 1 1 0 0 
862747012 0 0 0 0 -1 0 2 2 -1 1 1 -1 0 
864831406 0 0 0 0 0 0 1 1 -1 2 1 -1 1 
865263410 0 0 0 0 0 0 1 1 -1 2 1 -1 2 
867347810 0 0 0 0 0 1 1 0 1 1 0 0 1 
867741802 0 0 0 0 0 1 1 0 1 1 0 1 1 
869825390 0 0 0 0 0 0 2 0 1 0 0 1 0 
870258808 0 0 0 0 0 0 2 0 1 0 0 1 0 
872775380 0 0 0 0 -1 0 1 0 1 1 0 0 0 
875018568 0 0 0 0 -1 0 1 0 0 0 0 0 0 
875254966 0 0 0 0 -1 0 2 0 -1 0 0 0 0 
877495110 0 0 0 0 0 1 1 0 0 1 0 0 1 
877809758 0 0 0 0 0 0 1 0 0 1 0 0 1 
880013758 0 0 0 0 0 0 1 0 0 1 0 0 1 
880289356 0 0 0 0 0 1 1 0 0 1 0 0 1 
882532156 0 0 0 0 0 0 1 1 0 1 1 0 0 
882768556 0 0 0 0 0 0 1 2 0 0 1 0 0 
885286940 0 0 0 0 1 1 2 2 0 1 1 0 1 
887724926 0 0 0 0 -1 0 1 0 1 1 0 1 1 
887882408 0 0 0 0 -1 0 1 0 1 1 0 1 1 
890206132 0 0 0 0 0 1 2 1 1 1 1 0 1 
890403062 0 0 0 0 1 1 2 2 1 1 1 0 1 
892726924 0 0 0 0 -1 1 1 0 0 1 0 0 1 
892923722 0 0 0 0 0 2 2 1 0 1 0 0 1 
895244516 0 0 0 0 0 1 1 0 0 0 0 0 0 
895441314 0 0 0 0 0 0 1 0 0 1 0 0 1 
897842508 0 0 0 0 0 1 2 0 -1 0 0 -1 0 
900359292 0 0 0 0 0 0 2 0 0 1 0 0 0 
900477698 0 0 0 0 0 1 2 1 0 0 0 0 0 
902876592 0 0 0 0 1 1 1 -1 1 0 0 1 0 
902994890 0 0 0 0 1 1 1 -1 1 1 -1 1 1 
905354776 0 0 0 0 1 0 2 -1 2 1 -1 1 1 
905472482 0 0 0 0 1 0 2 -1 2 1 -1 1 1 
907834870 0 0 0 0 0 -1 1 0 2 1 0 1 0 
907953268 0 0 0 0 0 0 2 0 1 1 0 1 1 
910391336 0 0 0 0 -1 0 1 1 0 0 1 0 0 
912869396 0 0 0 0 -1 0 1 1 0 0 1 0 0 
913065740 0 0 0 0 -1 0 1 1 -1 0 1 -1 0 
915386870 0 0 0 0 0 1 1 1 -1 0 1 -1 0 
915544050 0 0 0 0 0 1 1 1 -1 0 1 -1 0 
917864438 0 0 0 0 0 1 1 0 -1 -1 0 -1 -1 
918060924 0 0 0 0 0 1 1 1 -1 0 0 -1 0 
920382430 0 0 0 0 1 2 2 0 -1 0 0 0 0 
920618428 0 0 0 0 1 2 1 0 -1 0 0 -1 0 
922900078 0 0 0 0 0 1 1 0 1 0 0 1 0 
925416500 0 0 0 0 0 1 1 1 1 0 1 1 0 
925731606 0 0 0 0 0 1 1 1 1 1 1 1 1 
927934398 0 0 0 0 0 1 2 0 1 1 0 0 1 
928249210 0 0 0 0 0 1 2 1 0 2 0 0 1 
930412790 0 0 0 0 0 1 1 0 1 1 0 1 1 
930767202 0 0 0 0 -1 1 2 0 1 1 0 1 1 
932929590 0 0 0 0 -1 1 3 1 1 0 0 1 0 
933283482 0 0 0 0 0 1 2 1 1 0 1 1 0 
935445082 0 0 0 0 -1 1 1 -1 0 0 -1 0 0 
937923048 0 0 0 0 1 1 0 -2 0 1 -2 0 1 
938433796 0 0 0 0 1 1 1 -1 0 1 -1 0 1 
940479164 0 0 0 0 0 0 2 0 -1 0 0 -1 0 
940951564 0 0 0 0 0 0 2 1 0 0 1 0 0 
942997550 0 0 0 0 0 1 2 1 0 1 1 0 0 
943430624 0 0 0 0 0 1 1 0 0 1 0 0 1 
945475156 0 0 0 0 0 2 2 -1 1 1 -1 1 1 
945947542 0 0 0 0 0 2 2 -1 1 1 -1 0 1 
947955148 0 0 0 0 -1 0 2 -1 0 0 -1 0 0 
950473934 0 0 0 0 0 1 1 -1 0 0 0 0 0 
951141932 0 0 0 0 0 1 0 -1 1 0 -1 0 0 
952991118 0 0 0 0 0 0 0 -1 0 1 -1 0 1 
953619930 0 0 0 0 0 0 1 -1 1 1 -1 1 1 
955507110 0 0 0 0 -1 0 1 0 1 1 0 1 1 
956136316 0 0 0 0 -1 0 2 0 0 1 0 0 1 
957985516 0 0 0 0 0 1 2 2 0 1 2 0 1 
958615508 0 0 0 0 -1 0 1 1 0 1 1 0 1 
960503382 0 0 0 0 0 1 1 0 0 0 0 0 0 
963020686 0 0 0 0 0 1 1 -1 0 1 -1 0 1 
963808172 0 0 0 0 0 0 1 -2 1 0 -1 1 0 
965498286 0 0 0 0 0 0 2 0 0 0 0 0 0 
966323488 0 0 0 0 -1 -1 3 1 0 0 1 0 0 
968056678 0 0 0 0 0 0 2 2 0 0 2 0 0 
968804280 0 0 0 0 0 1 2 1 0 1 0 0 0 
970534670 0 0 0 0 0 1 1 0 1 1 0 1 1 
971360272 0 0 0 0 0 1 1 -1 1 1 -1 1 1 
973012654 0 0 0 0 0 0 1 -1 2 1 0 2 1 
975572652 0 0 0 0 -1 0 2 1 1 0 1 1 0 
976478256 0 0 0 0 -1 0 1 1 1 0 1 1 0 
978053038 0 0 0 0 -1 1 0 1 1 0 1 1 0 
979036642 0 0 0 0 -1 1 1 0 1 0 0 1 0 
980529038 0 0 0 0 -1 2 2 -1 0 0 -1 0 0 
981512228 0 0 0 0 -1 1 2 0 0 0 0 0 0 
983047436 0 0 0 0 -1 0 3 0 -1 0 0 -1 0 
984031426 0 0 0 0 -1 0 2 0 -1 0 0 -1 0 
985564228 0 0 0 0 0 2 2 0 0 0 0 0 0 
988081020 0 0 0 0 0 0 2 -2 2 1 -2 1 0 
989221416 0 0 0 0 -1 0 1 -2 1 1 -2 1 1 
990560600 0 0 0 0 -1 -1 0 -1 1 1 -1 1 1 
991702208 0 0 0 0 -2 -1 0 0 1 1 0 1 1 
993116998 0 0 0 0 -1 -1 0 1 0 1 1 0 1 
994219668 0 0 0 0 -1 -1 0 2 0 1 2 0 1 
995594182 0 0 0 0 -1 -1 1 3 0 1 2 0 0 
996696274 0 0 0 0 0 1 2 3 -1 1 2 -1 1 
998112982 0 0 0 0 0 1 2 3 -1 0 2 -1 0 
1000630254 0 0 0 0 0 2 3 0 0 0 0 0 0 
1001888976 0 0 0 0 0 1 3 0 -1 0 0 -1 0 
1003109546 0 0 0 0 1 1 1 0 0 0 0 0 0 
1004369754 0 0 0 0 1 0 2 -1 1 0 -1 1 0 
1005629750 0 0 0 0 1 0 1 -1 2 0 -1 2 0 
1006848546 0 0 0 0 0 0 0 -1 2 1 -1 2 1 
1008108556 0 0 0 0 0 0 1 -1 2 1 -1 2 1 
1009367746 0 0 0 0 -1 -1 2 1 1 1 1 1 1 
1010666540 0 0 0 0 -1 0 2 2 1 1 2 0 1 
1013144008 0 0 0 0 -1 1 1 1 1 1 1 0 0 
1014521734 0 0 0 0 -1 1 2 1 0 0 0 0 0 
1015663326 0 0 0 0 -1 2 2 -1 0 0 -1 0 0 
1017040514 0 0 0 0 -1 1 3 -1 0 0 -1 0 0 
1018141160 0 0 0 0 -1 1 3 -1 -1 0 -1 -1 0 
1019556568 0 0 0 0 0 1 1 -1 -1 0 -1 0 0 
1020658516 0 0 0 0 0 0 -1 -2 0 0 -2 0 0 
1022074110 0 0 0 0 0 0 0 -2 0 1 -1 0 1 
1023135708 0 0 0 0 0 0 1 0 0 0 0 0 0 
1025653294 0 0 0 0 -1 -1 2 1 0 1 1 0 1 
1027187688 0 0 0 0 0 0 1 0 0 2 0 0 1 
1028170892 0 0 0 0 0 1 2 1 0 1 0 0 1 
1029744312 0 0 0 0 0 1 2 0 1 1 0 1 1 
1030688084 0 0 0 0 -1 0 2 0 1 1 0 1 1 
1032222472 0 0 0 0 -1 -1 2 -1 1 1 -1 1 1 
1033166982 0 0 0 0 0 0 1 -1 1 1 -1 1 1 
1034701670 0 0 0 0 -1 0 2 -1 1 0 -1 1 0 
1035686068 0 0 0 0 -1 0 2 0 0 0 0 0 0 
1038204054 0 0 0 0 0 0 0 -1 0 1 -1 0 0 
1039856542 0 0 0 0 0 0 1 -1 0 1 -1 0 0 
1040722452 0 0 0 0 0 0 1 0 0 0 0 0 0 
1042412840 0 0 0 0 -1 0 1 0 0 1 0 0 1 
1043238430 0 0 0 0 -1 -1 1 0 0 1 0 0 1 
1044930832 0 0 0 0 -1 0 2 2 0 1 1 0 1 
1045717636 0 0 0 0 -1 0 2 2 0 1 2 0 1 
1047410692 0 0 0 0 0 0 1 1 1 1 1 1 0 
1048236822 0 0 0 0 0 1 1 0 1 1 0 1 1 
1050718014 0 0 0 0 -1 1 3 0 1 1 0 1 1 
1052564408 0 0 0 0 -1 0 3 0 0 1 0 0 1 
1053232812 0 0 0 0 -1 0 1 0 0 0 0 0 0 
1055042000 0 0 0 0 0 0 0 0 -1 0 0 0 0 
1055750798 0 0 0 0 0 1 0 0 0 0 0 0 0 
1057599992 0 0 0 0 -1 0 1 0 0 0 0 0 0 
1058228796 0 0 0 0 -1 0 1 0 0 -1 0 0 -1 
1060078384 0 0 0 0 -1 0 2 1 -1 0 1 -1 0 
1060745988 0 0 0 0 -1 0 2 1 -1 0 1 -1 0 
1063265580 0 0 0 0 0 1 1 1 -1 1 1 -1 1 
1065271966 0 0 0 0 0 1 2 1 -1 1 1 0 1 
1065744760 0 0 0 0 0 1 2 1 0 1 1 0 1 
1067750758 0 0 0 0 0 1 2 1 1 1 0 1 1 
1068262364 0 0 0 0 0 2 3 0 1 1 0 1 1 
1070267544 0 0 0 0 0 2 2 0 1 1 0 1 1 
1070778350 0 0 0 0 0 2 1 -1 0 1 -1 0 1 
1072746042 0 0 0 0 0 1 2 -1 1 1 -1 0 1 
1073296342 0 0 0 0 0 1 2 -2 1 1 -2 0 1 
1075775140 0 0 0 0 0 0 1 -1 1 0 -1 1 0 
1077899132 0 0 0 0 0 -1 0 0 1 1 0 1 1 
1078332332 0 0 0 0 0 0 0 0 1 1 0 1 1 
1080417912 0 0 0 0 -1 -1 1 1 0 1 1 0 1 
1080811524 0 0 0 0 -1 -1 0 2 0 0 2 0 0 
1082935904 0 0 0 0 0 1 1 2 -1 0 1 -1 0 
1083290310 0 0 0 0 -1 1 1 2 -1 0 1 -1 0 
1085451908 0 0 0 0 0 1 2 1 -1 0 1 -1 0 
1085805894 0 0 0 0 0 1 3 1 -1 0 1 -1 0 
1088324300 0 0 0 0 0 2 3 1 -1 0 0 0 0 
1090605374 0 0 0 0 0 1 2 -1 1 0 -1 1 0 
1090801886 0 0 0 0 0 1 2 -1 1 0 0 1 0 
1093123078 0 0 0 0 -1 -1 1 0 2 1 0 2 1 
1093319472 0 0 0 0 -1 0 1 0 2 1 0 2 0 
1095603476 0 0 0 0 -1 0 1 1 0 0 1 0 0 
1095839870 0 0 0 0 -1 0 0 2 1 1 2 1 1 
1098122268 0 0 0 0 -1 1 1 1 -1 1 1 0 1 
1098357498 0 0 0 0 -1 1 1 1 0 1 1 0 1 
1100873454 0 0 0 0 0 2 1 0 0 1 0 0 1 
1103272252 0 0 0 0 0 0 1 -1 0 0 -1 0 0 
1103469052 0 0 0 0 0 0 2 0 0 0 0 0 0 
1105791444 0 0 0 0 0 1 2 0 1 1 0 0 0 
1105987830 0 0 0 0 0 1 3 0 1 1 0 0 0 
1108308636 0 0 0 0 0 1 1 0 0 1 0 0 1 
1108505436 0 0 0 0 0 0 1 0 1 0 0 1 0 
1110788222 0 0 0 0 0 1 0 -1 2 1 -1 1 1 
1110985708 0 0 0 0 0 0 0 -1 1 1 -1 1 1 
1113383406 0 0 0 0 -2 -1 2 1 1 1 1 1 0 
1115901956 0 0 0 0 -1 0 2 2 -1 0 2 -1 0 
1116020086 0 0 0 0 -1 0 2 2 -1 0 2 -1 0 
1118419804 0 0 0 0 0 2 0 1 0 0 1 0 0 
1118537440 0 0 0 0 0 2 0 1 0 0 0 0 0 
1120898182 0 0 0 0 -1 1 3 -1 0 0 -1 0 0 
1121055394 0 0 0 0 0 2 3 -1 0 0 -1 0 0 
1123378582 0 0 0 0 0 0 3 -1 0 0 -1 0 0 
1123536468 0 0 0 0 0 1 2 -1 0 0 -1 0 0 
1125894642 0 0 0 0 0 0 0 -1 1 1 -1 1 1 
1128452558 0 0 0 0 -1 0 1 1 2 1 0 2 1 
1128649770 0 0 0 0 -1 0 1 1 2 1 0 2 1 
1130930952 0 0 0 0 -1 0 1 1 0 1 1 0 1 
1131127756 0 0 0 0 -1 0 1 1 0 1 1 0 1 
1133410150 0 0 0 0 -1 1 1 0 0 1 0 0 1 
1133646142 0 0 0 0 -1 1 1 1 0 1 0 0 1 
1135929228 0 0 0 0 0 1 1 0 0 0 0 0 0 
1136164946 0 0 0 0 0 1 1 0 0 0 0 0 0 
1138445328 0 0 0 0 -1 0 2 0 0 0 0 0 0 
1140965732 0 0 0 0 0 1 1 0 0 0 0 0 0 
1141320118 0 0 0 0 -1 1 1 0 0 0 0 0 0 
1143444512 0 0 0 0 -1 0 2 0 -1 0 0 0 0 
1143838392 0 0 0 0 -1 0 1 0 -1 0 0 -1 0 
