5792823 0 0 0 0 0 0 0 0 0 0 0 0 0 
5792872 0 0 0 0 0 0 0 0 0 0 0 0 0 
5792922 0 0 0 0 0 0 0 0 0 0 0 0 0 
5792972 0 0 0 0 0 0 0 0 0 0 0 0 0 
5793022 0 0 0 0 0 0 0 0 0 0 0 0 0 
5793073 0 0 0 0 0 0 0 0 0 0 0 0 0 
5793123 0 0 0 0 0 0 0 0 0 0 0 0 0 
5793173 0 0 0 0 0 0 0 0 0 0 0 0 0 
5793223 0 0 0 0 0 0 0 0 0 0 0 0 0 
5793273 0 0 0 0 0 0 0 0 0 0 0 0 0 
5793323 0 0 0 0 0 0 0 0 0 0 0 0 0 
5793373 0 0 0 0 0 0 0 0 0 0 0 0 0 
5793423 0 0 0 0 0 0 0 0 0 0 0 0 0 
5793473 0 0 0 0 0 0 0 0 0 0 0 0 0 
5793524 0 0 0 0 0 0 0 0 0 0 0 0 0 
5793574 0 0 0 0 0 0 0 0 0 0 0 0 0 
5793625 0 0 0 0 0 0 0 0 0 0 0 0 0 
5793675 0 0 0 0 0 0 0 0 0 0 0 0 0 
5793725 0 0 0 0 0 0 0 0 0 0 0 0 0 
5793775 0 0 0 0 0 0 0 0 0 0 0 0 0 
5793825 0 0 0 0 0 0 0 0 0 0 0 0 0 
5793875 0 0 0 0 0 0 0 0 0 0 0 0 0 
5793925 0 0 0 0 0 0 0 0 0 0 0 0 0 
5793975 0 0 0 0 0 0 0 0 0 0 0 0 0 
5794025 0 0 0 0 0 0 0 0 0 0 0 0 0 
5794075 0 0 0 0 0 0 0 0 0 0 0 0 0 
5794125 0 0 0 0 0 0 0 0 0 0 0 0 0 
5794176 0 0 0 0 0 0 0 0 0 0 0 0 0 
5794226 0 0 0 0 0 0 0 0 0 0 0 0 0 
5794276 0 0 0 0 0 0 0 0 0 0 0 0 0 
5794326 0 0 0 0 0 0 0 0 0 0 0 0 0 
5794376 0 0 0 0 0 0 0 0 0 0 0 0 0 
5794427 0 0 0 0 0 0 0 0 0 0 0 0 0 
5794477 0 0 0 0 0 0 0 0 0 0 0 0 0 
5794527 0 0 0 0 0 0 0 0 0 0 0 0 0 
5794577 0 0 0 0 0 0 0 0 0 0 0 0 0 
5794627 0 0 0 0 0 0 0 0 0 0 0 0 0 
5794677 0 0 0 0 0 0 0 0 0 0 0 0 0 
5794727 0 0 0 0 0 0 0 0 0 0 0 0 0 
5794777 0 0 0 0 0 0 0 0 0 0 0 0 0 
5794827 0 0 0 0 0 0 0 0 0 0 0 0 0 
5794877 0 0 0 0 0 0 0 0 0 0 0 0 0 
5794927 0 0 0 0 0 0 0 0 0 0 0 0 0 
5794978 0 0 0 0 0 0 0 0 0 0 0 0 0 
5795028 0 0 0 0 0 0 0 0 0 0 0 0 0 
5795078 0 0 0 0 0 0 0 0 0 0 0 0 0 
5795128 0 0 0 0 0 0 0 0 0 0 0 0 0 
5795178 0 0 0 0 0 0 0 0 0 0 0 0 0 
5795228 0 0 0 0 0 0 0 0 0 0 0 0 0 
5795278 0 0 0 0 0 0 0 0 0 0 0 0 0 
5795328 0 0 0 0 0 0 0 0 0 0 0 0 0 
5795378 0 0 0 0 0 0 0 0 0 0 0 0 0 
5795428 0 0 0 0 0 0 0 0 0 0 0 0 0 
5795479 0 0 0 0 0 0 0 0 0 0 0 0 0 
5795529 0 0 0 0 0 0 0 0 0 0 0 0 0 
5795579 0 0 0 0 0 0 0 0 0 0 0 0 0 
5795629 0 0 0 0 0 0 0 0 0 0 0 0 0 
5795679 0 0 0 0 0 0 0 0 0 0 0 0 0 
5795729 0 0 0 0 0 0 0 0 0 0 0 0 0 
5795779 0 0 0 0 0 0 0 0 0 0 0 0 0 
5795829 0 0 0 0 0 0 0 0 0 0 0 0 0 
5795879 0 0 0 0 0 0 0 0 0 0 0 0 0 
5795929 0 0 0 0 0 0 0 0 0 0 0 0 0 
5795979 0 0 0 0 0 0 0 0 0 0 0 0 0 
5796030 0 0 0 0 0 0 0 0 0 0 0 0 0 
5796080 0 0 0 0 0 0 0 0 0 0 0 0 0 
5796130 0 0 0 0 0 0 0 0 0 0 0 0 0 
5796180 0 0 0 0 0 0 0 0 0 0 0 0 0 
5796230 0 0 0 0 0 0 0 0 0 0 0 0 0 
5796280 0 0 0 0 0 0 0 0 0 0 0 0 0 
5796330 0 0 0 0 0 0 0 0 0 0 0 0 0 
5796380 0 0 0 0 0 0 0 0 0 0 0 0 0 
5796430 0 0 0 0 0 0 0 0 0 0 0 0 0 
5796480 0 0 0 0 0 0 0 0 0 0 0 0 0 
5796530 0 0 0 0 0 0 0 0 0 0 0 0 0 
5796581 0 0 0 0 0 0 0 0 0 0 0 0 0 
5796631 0 0 0 0 0 0 0 0 0 0 0 0 0 
5796681 0 0 0 0 0 0 0 0 0 0 0 0 0 
5796731 0 0 0 0 0 0 0 0 0 0 0 0 0 
5796781 0 0 0 0 0 0 0 0 0 0 0 0 0 
5796831 0 0 0 0 0 0 0 0 0 0 0 0 0 
5796881 0 0 0 0 0 0 0 0 0 0 0 0 0 
5796931 0 0 0 0 0 0 0 0 0 0 0 0 0 
5796981 0 0 0 0 0 0 0 0 0 0 0 0 0 
5797031 0 0 0 0 0 0 0 0 0 0 0 0 0 
5797081 0 0 0 0 0 0 0 0 0 0 0 0 0 
5797132 0 0 0 0 0 0 0 0 0 0 0 0 0 
5797182 0 0 0 0 0 0 0 0 0 0 0 0 0 
5797232 0 0 0 0 0 0 0 0 0 0 0 0 0 
5797282 0 0 0 0 0 0 0 0 0 0 0 0 0 
5797332 0 0 0 0 0 0 0 0 0 0 0 0 0 
5797382 0 0 0 0 0 0 0 0 0 0 0 0 0 
5797432 0 0 0 0 0 0 0 0 0 0 0 0 0 
5797482 0 0 0 0 0 0 0 0 0 0 0 0 0 
5797532 0 0 0 0 0 0 0 0 0 0 0 0 0 
5797582 0 0 0 0 0 0 0 0 0 0 0 0 0 
5797632 0 0 0 0 0 0 0 0 0 0 0 0 0 
5797683 0 0 0 0 0 0 0 0 0 0 0 0 0 
5797733 0 0 0 0 0 0 0 0 0 0 0 0 0 
5797783 0 0 0 0 0 0 0 0 0 0 0 0 0 
5797833 0 0 0 0 0 0 0 0 0 0 0 0 0 
5797883 0 0 0 0 0 0 0 0 0 0 0 0 0 
5797933 0 0 0 0 0 0 0 0 0 0 0 0 0 
5797983 0 0 0 0 0 0 0 0 0 0 0 0 0 
5798033 0 0 0 0 0 0 0 0 0 0 0 0 0 
5798083 0 0 0 0 0 0 0 0 0 0 0 0 0 
5798133 0 0 0 0 0 0 0 0 0 0 0 0 0 
5798184 0 0 0 0 0 0 0 0 0 0 0 0 0 
