1247639658 0 0 0 0 515 495 407 375 311 491 15 12 20 
1250117264 0 0 0 0 516 495 408 375 310 491 15 12 20 
1252634460 0 0 0 0 516 494 407 376 312 490 15 13 19 
1255154054 0 0 0 0 516 494 408 376 313 489 14 11 19 
1257672042 0 0 0 0 514 493 407 377 312 489 15 12 20 
1260150036 0 0 0 0 514 494 406 378 312 488 15 12 20 
1262669638 0 0 0 0 515 495 407 378 312 487 15 12 19 
1265186032 0 0 0 0 513 495 406 378 312 488 14 12 19 
1267663496 0 0 0 0 515 495 406 378 313 489 14 11 19 
1270182414 0 0 0 0 515 495 406 378 313 489 15 12 20 
1272698816 0 0 0 0 515 496 407 377 313 488 15 13 19 
1275177486 0 0 0 0 514 496 406 376 313 487 15 13 19 
1277695998 0 0 0 0 514 496 407 375 310 486 14 11 19 
1280214800 0 0 0 0 514 495 406 375 310 487 15 11 20 
1282692788 0 0 0 0 515 496 407 377 312 488 15 11 20 
1285209976 0 0 0 0 515 495 407 377 313 488 15 12 19 
1287729064 0 0 0 0 515 496 408 377 314 489 14 12 19 
1290207564 0 0 0 0 514 495 407 376 315 489 14 12 19 
1292723960 0 0 0 0 514 495 407 375 313 488 15 12 20 
1295240842 0 0 0 0 514 495 407 376 313 487 15 12 19 
1297759162 0 0 0 0 514 494 408 375 313 487 14 12 19 
1300237550 0 0 0 0 514 493 408 373 314 488 15 12 19 
1302755150 0 0 0 0 511 495 406 373 314 486 13 12 20 
1305271938 0 0 0 0 512 496 408 374 313 484 15 12 19 
1307751134 0 0 0 0 509 495 405 372 308 485 14 12 19 
1310270334 0 0 0 0 512 493 404 371 308 486 14 12 19 
1312785528 0 0 0 0 510 492 404 372 307 487 14 12 19 
1315264710 0 0 0 0 511 490 406 375 306 488 15 11 19 
1317782318 0 0 0 0 513 489 408 379 304 488 15 11 20 
1320298580 0 0 0 0 516 487 408 381 307 486 14 11 19 
1322779656 0 0 0 0 517 490 410 383 309 483 14 11 19 
1325296338 0 0 0 0 514 491 410 381 310 481 15 11 19 
1327813890 0 0 0 0 514 492 409 378 312 482 15 10 19 
1330291878 0 0 0 0 513 493 411 377 311 484 15 12 19 
1332809478 0 0 0 0 517 492 412 376 308 487 14 12 19 
1335328716 0 0 0 0 515 494 407 395 307 488 15 12 20 
1337808356 0 0 0 0 516 499 408 393 304 491 15 12 20 
1340325468 0 0 0 0 515 505 401 388 305 494 15 12 19 
1342804720 0 0 0 0 518 504 401 385 313 491 15 12 19 
1345322258 0 0 0 0 517 505 403 382 314 488 15 12 19 
1347840246 0 0 0 0 516 505 401 377 316 486 14 12 20 
1350319046 0 0 0 0 516 504 400 372 318 485 13 12 19 
1352834642 0 0 0 0 518 505 403 369 321 481 14 12 19 
1355351836 0 0 0 0 515 502 406 365 320 478 15 12 19 
1357831242 0 0 0 0 510 503 405 363 318 476 15 12 19 
1360350218 0 0 0 0 513 500 408 364 313 475 13 12 19 
1362869420 0 0 0 0 512 501 404 367 313 473 13 12 18 
1365348208 0 0 0 0 514 498 407 371 320 471 13 12 18 
1367865840 0 0 0 0 515 496 409 371 321 474 15 12 18 
1370384190 0 0 0 0 511 496 408 370 322 479 14 12 19 
1372862598 0 0 0 0 509 496 408 369 320 483 14 12 19 
1375382586 0 0 0 0 510 494 409 370 317 484 13 12 19 
1377901774 0 0 0 0 511 490 407 372 312 484 14 12 19 
1380380580 0 0 0 0 512 487 407 374 313 484 15 11 19 
1382898050 0 0 0 0 514 485 406 373 318 487 14 12 19 
1385412558 0 0 0 0 511 485 406 374 321 491 15 13 19 
1387891758 0 0 0 0 509 486 405 375 316 493 15 13 19 
1390410158 0 0 0 0 506 485 405 376 313 494 15 11 20 
1392926546 0 0 0 0 503 486 404 377 316 494 14 12 19 
1395405742 0 0 0 0 504 483 404 377 323 497 14 12 19 
1397922536 0 0 0 0 505 483 406 375 326 499 15 13 19 
1400442530 0 0 0 0 501 486 404 373 331 499 15 13 20 
1402920932 0 0 0 0 498 489 408 372 327 498 15 13 20 
1405438858 0 0 0 0 493 487 407 352 325 491 14 13 19 
1407918120 0 0 0 0 493 484 412 355 324 490 13 13 19 
1410433364 0 0 0 0 492 475 413 359 328 496 13 13 19 
1412950496 0 0 0 0 492 476 416 364 331 494 13 13 20 
1415468104 0 0 0 0 488 475 415 368 339 496 14 13 19 
1417946492 0 0 0 0 483 474 416 370 342 494 14 14 19 
1420466086 0 0 0 0 479 475 416 371 346 498 15 14 19 
1422945688 0 0 0 0 474 477 417 376 347 498 15 14 19 
1425465670 0 0 0 0 469 478 418 376 344 499 15 14 20 
1427982476 0 0 0 0 466 475 419 377 344 500 14 14 19 
1430460470 0 0 0 0 462 476 419 379 344 499 14 13 19 
1432977546 0 0 0 0 458 481 420 374 344 496 15 13 19 
1435494854 0 0 0 0 455 477 423 377 345 495 14 13 20 
1437974048 0 0 0 0 452 482 426 373 344 491 14 13 20 
1440492048 0 0 0 0 449 478 428 373 349 489 13 13 19 
1443011638 0 0 0 0 446 480 433 373 352 488 15 13 19 
1445490912 0 0 0 0 442 476 435 373 355 490 15 14 19 
1448009220 0 0 0 0 439 477 439 373 359 494 13 14 20 
1450526020 0 0 0 0 432 477 445 375 358 494 15 14 19 
1453005216 0 0 0 0 426 478 448 372 356 495 13 14 19 
1455524410 0 0 0 0 423 476 453 377 350 495 15 14 19 
1458042436 0 0 0 0 419 478 455 373 339 495 14 14 20 
1460520798 0 0 0 0 418 476 457 378 331 493 15 12 20 
1463038794 0 0 0 0 416 479 458 375 323 494 14 12 19 
1465556388 0 0 0 0 414 478 459 379 316 493 15 12 19 
1468036382 0 0 0 0 416 478 460 380 312 494 15 12 19 
1470555582 0 0 0 0 416 481 458 382 310 493 15 13 20 
1473069578 0 0 0 0 417 478 457 381 311 492 14 10 19 
1475548772 0 0 0 0 417 483 459 380 311 490 14 10 19 
1478064360 0 0 0 0 416 480 458 380 313 491 15 11 19 
1480580748 0 0 0 0 417 484 461 379 309 489 15 10 20 
1483059556 0 0 0 0 417 481 459 383 305 488 15 10 20 
1485575144 0 0 0 0 420 483 457 382 301 490 14 12 19 
1488092344 0 0 0 0 420 483 455 384 300 491 15 13 19 
1490570734 0 0 0 0 422 485 454 382 299 492 15 13 19 
1493087528 0 0 0 0 421 485 452 384 300 492 15 10 20 
1495605122 0 0 0 0 423 485 452 382 298 493 14 12 19 
1498121910 0 0 0 0 422 488 450 383 297 494 15 13 19 
1500600318 0 0 0 0 425 487 449 382 295 494 15 13 19 
1503117906 0 0 0 0 426 490 447 383 295 493 15 10 20 
1505635594 0 0 0 0 427 489 445 384 298 494 14 12 19 
1508112288 0 0 0 0 426 491 445 384 294 494 14 12 19 
1510710290 0 0 0 0 428 490 441 384 288 496 14 12 19 
1513227878 0 0 0 0 431 493 439 385 284 496 15 11 19 
1515707878 0 0 0 0 434 493 436 384 281 495 15 11 19 
1518225480 0 0 0 0 437 495 433 385 281 496 14 10 20 
1520743868 0 0 0 0 440 498 430 386 283 495 15 12 19 
1523221862 0 0 0 0 443 498 430 386 285 493 16 12 19 
1525739862 0 0 0 0 445 499 426 385 287 492 15 12 19 
1528257044 0 0 0 0 445 498 424 384 284 491 14 11 20 
1530735852 0 0 0 0 447 501 423 383 279 490 14 11 20 
1533254246 0 0 0 0 452 502 420 383 278 491 15 12 19 
1535773834 0 0 0 0 457 505 419 382 278 488 15 12 19 
1538252622 0 0 0 0 459 503 416 382 282 488 15 11 19 
1540772624 0 0 0 0 465 504 415 380 285 488 14 10 20 
1543251494 0 0 0 0 465 504 414 379 288 489 14 13 20 
1545768726 0 0 0 0 469 504 413 379 287 489 15 12 19 
1548286614 0 0 0 0 471 506 411 378 284 490 15 10 19 
1550807002 0 0 0 0 476 505 410 379 283 489 15 10 19 
1553283396 0 0 0 0 479 506 408 376 285 491 14 11 20 
1555800192 0 0 0 0 483 506 409 376 287 490 15 11 19 
1558319786 0 0 0 0 484 505 409 376 293 490 15 11 19 
1560798980 0 0 0 0 488 506 410 374 293 490 15 11 19 
1563314974 0 0 0 0 490 505 410 377 293 491 14 11 20 
1565830170 0 0 0 0 493 505 412 377 291 491 15 11 19 
1568306976 0 0 0 0 494 503 410 378 293 490 15 12 19 
1570827652 0 0 0 0 498 505 411 381 296 491 15 12 19 
1573344560 0 0 0 0 500 508 410 375 302 492 14 12 20 
1575823748 0 0 0 0 500 506 408 381 307 494 14 12 20 
1578341616 0 0 0 0 501 509 408 375 305 494 15 12 19 
1580858936 0 0 0 0 500 504 405 382 305 491 15 12 19 
1583335724 0 0 0 0 501 510 405 386 302 493 15 11 19 
1585852926 0 0 0 0 505 510 404 380 300 494 15 11 20 
1588368126 0 0 0 0 504 508 406 378 303 493 15 11 19 
1590884108 0 0 0 0 506 501 405 378 307 492 15 11 19 
1593363702 0 0 0 0 504 509 404 375 304 487 14 11 19 
1595882398 0 0 0 0 507 506 406 377 302 487 15 11 20 
1598358098 0 0 0 0 506 509 406 377 303 487 15 12 20 
1600878086 0 0 0 0 510 509 407 378 304 486 15 12 19 
1603395174 0 0 0 0 510 510 407 375 306 486 14 12 19 
1605872888 0 0 0 0 510 507 407 377 307 486 14 12 19 
1608391776 0 0 0 0 511 509 406 375 303 489 15 12 19 
1610911664 0 0 0 0 512 507 407 375 302 487 15 12 20 
1613390072 0 0 0 0 513 507 407 373 300 490 15 11 20 
1615906866 0 0 0 0 514 507 407 374 297 490 15 11 19 
1618424060 0 0 0 0 514 506 407 376 291 491 15 11 19 
1620900856 0 0 0 0 518 508 409 377 287 491 15 11 19 
1623416918 0 0 0 0 522 509 409 379 287 489 14 12 20 
1625932032 0 0 0 0 526 509 410 380 289 488 15 12 19 
1628410432 0 0 0 0 531 509 411 380 294 490 15 11 19 
1630928834 0 0 0 0 532 510 410 381 298 491 15 11 19 
1633447228 0 0 0 0 532 510 410 380 298 491 14 11 20 
1635926010 0 0 0 0 530 509 411 381 291 491 14 11 20 
1638444810 0 0 0 0 533 510 409 378 280 490 15 10 19 
1640961598 0 0 0 0 539 509 411 376 270 489 15 11 19 
1643440394 0 0 0 0 545 511 413 376 267 489 15 11 19 
1645957200 0 0 0 0 553 509 416 375 274 488 14 11 20 
1648474388 0 0 0 0 557 509 418 373 284 488 14 10 19 
1650954384 0 0 0 0 559 509 422 372 290 490 14 12 19 
1653471866 0 0 0 0 560 510 424 371 292 489 14 13 19 
1655989578 0 0 0 0 560 508 424 371 293 489 14 10 20 
1658467966 0 0 0 0 562 507 424 371 293 489 14 10 20 
1660985568 0 0 0 0 563 505 426 372 293 488 14 12 19 
1663501962 0 0 0 0 566 506 429 373 293 488 14 13 19 
1665980744 0 0 0 0 567 504 429 374 294 489 14 13 19 
1668499564 0 0 0 0 571 505 430 375 298 488 14 10 20 
1671018214 0 0 0 0 572 506 431 376 302 488 15 12 19 
1673495534 0 0 0 0 571 505 431 377 300 488 15 12 19 
1676011934 0 0 0 0 572 504 432 378 297 488 15 13 19 
1678531128 0 0 0 0 573 505 432 380 296 488 14 10 20 
1681010324 0 0 0 0 574 507 432 381 298 488 14 10 20 
1683527518 0 0 0 0 576 507 435 381 294 488 15 12 19 
1686047512 0 0 0 0 577 507 435 379 291 488 15 13 19 
1688525100 0 0 0 0 580 507 437 379 290 488 15 13 19 
1691042302 0 0 0 0 584 508 437 379 293 488 14 10 20 
1693559896 0 0 0 0 585 507 438 375 299 489 15 12 19 
1696036284 0 0 0 0 587 507 441 373 303 489 13 12 19 
1698554278 0 0 0 0 587 506 443 371 306 490 15 13 19 
1701071348 0 0 0 0 587 506 445 372 307 490 13 10 20 
1703550274 0 0 0 0 587 506 446 373 311 489 13 10 20 
1706067468 0 0 0 0 586 507 446 373 314 489 13 12 19 
1708583856 0 0 0 0 585 506 446 372 316 489 15 12 19 
1711061050 0 0 0 0 584 506 444 374 318 490 15 12 19 
1713579046 0 0 0 0 583 506 444 374 317 489 15 12 20 
1716095046 0 0 0 0 583 506 443 375 315 489 14 12 19 
1718574166 0 0 0 0 582 504 442 375 314 490 14 12 19 
1721091828 0 0 0 0 583 507 442 377 310 490 15 11 19 
1723610216 0 0 0 0 582 506 442 376 306 490 15 11 20 
1726089418 0 0 0 0 583 506 443 376 304 490 15 12 20 
1728608612 0 0 0 0 584 505 442 376 302 490 14 12 19 
1731125044 0 0 0 0 585 504 444 375 301 490 15 12 19 
1733600994 0 0 0 0 586 505 445 377 300 489 15 12 19 
1736119002 0 0 0 0 587 505 444 374 298 488 15 12 20 
1738638196 0 0 0 0 588 506 445 374 298 489 15 12 19 
1741116190 0 0 0 0 589 505 447 371 294 491 15 11 19 
1743633784 0 0 0 0 591 506 451 369 293 493 13 11 19 
1746150966 0 0 0 0 594 500 454 369 299 492 13 11 20 
1748629768 0 0 0 0 595 499 455 371 308 491 13 11 20 
1751147368 0 0 0 0 594 499 459 373 316 491 14 11 19 
1753664962 0 0 0 0 593 499 458 375 321 491 14 12 19 
1756141758 0 0 0 0 590 500 457 376 325 490 14 13 19 
1758659676 0 0 0 0 591 502 452 379 328 489 15 13 20 
1761176534 0 0 0 0 587 500 450 379 328 488 15 13 19 
1763654928 0 0 0 0 587 500 448 377 325 488 15 13 19 
1766173336 0 0 0 0 588 503 444 380 329 488 14 13 19 
1768692936 0 0 0 0 586 502 444 379 333 490 15 13 20 
1771171318 0 0 0 0 585 504 442 374 336 492 15 13 20 
1773690906 0 0 0 0 584 500 439 377 345 492 15 13 19 
1776208112 0 0 0 0 579 500 438 374 353 493 14 13 19 
1778688108 0 0 0 0 573 500 433 376 355 493 14 14 19 
1781204502 0 0 0 0 567 500 429 373 354 492 14 14 20 
1783722896 0 0 0 0 563 499 425 374 352 491 14 14 19 
1786199028 0 0 0 0 559 497 422 371 348 490 14 14 19 
1788715678 0 0 0 0 558 498 420 371 344 490 14 14 19 
1791234880 0 0 0 0 554 497 415 369 343 490 14 14 20 
1793714468 0 0 0 0 550 494 414 369 344 489 14 13 20 
1796234868 0 0 0 0 546 494 413 369 345 489 14 13 19 
1798752050 0 0 0 0 541 495 412 368 344 489 14 13 19 
1801230858 0 0 0 0 537 492 412 370 342 490 14 13 19 
1803748452 0 0 0 0 533 493 412 370 341 490 14 13 20 
1806266840 0 0 0 0 528 491 411 373 340 490 14 13 19 
1808745634 0 0 0 0 527 491 413 375 335 489 14 14 19 
1811264590 0 0 0 0 521 490 409 378 327 490 15 13 19 
1813780422 0 0 0 0 519 491 407 378 317 489 15 12 20 
1816260918 0 0 0 0 520 493 401 373 317 484 15 12 19 
1818779142 0 0 0 0 537 509 393 348 346 482 13 13 19 
1821259206 0 0 0 0 539 495 394 310 440 488 12 17 19 
1823779100 0 0 0 0 536 471 422 303 551 512 12 22 19 
1826295588 0 0 0 0 501 454 458 332 602 528 14 23 21 
1828774790 0 0 0 0 457 476 495 366 623 520 13 25 20 
1831291578 0 0 0 0 434 486 520 369 593 527 14 22 21 
1833809984 0 0 0 0 408 479 544 372 521 529 15 20 21 
1836288254 0 0 0 0 388 491 550 366 429 528 15 18 21 
1838806772 0 0 0 0 373 486 557 368 314 516 13 12 19 
1841323568 0 0 0 0 373 487 549 378 229 505 15 9 19 
1843802762 0 0 0 0 375 485 531 390 189 512 15 7 20 
1846321556 0 0 0 0 387 489 509 388 170 506 15 6 19 
1848839544 0 0 0 0 398 494 492 385 169 505 15 6 20 
1851318344 0 0 0 0 404 499 467 381 183 498 15 7 20 
1853837126 0 0 0 0 420 503 463 378 199 494 14 7 19 
1856355934 0 0 0 0 427 504 447 372 208 495 15 8 19 
1858835528 0 0 0 0 434 501 438 372 220 490 15 7 19 
1861355004 0 0 0 0 445 500 433 373 230 487 14 9 20 
1863871910 0 0 0 0 451 500 425 372 232 490 13 9 19 
1866352712 0 0 0 0 459 496 423 373 233 492 13 9 19 
1868870694 0 0 0 0 469 499 417 374 240 492 15 10 19 
1871349500 0 0 0 0 473 493 417 374 245 493 15 10 19 
1873866294 0 0 0 0 478 497 413 376 247 490 15 10 20 
1876385882 0 0 0 0 481 501 411 376 242 483 15 10 19 
1878865876 0 0 0 0 501 500 412 375 239 481 15 10 19 
1881383064 0 0 0 0 518 493 415 377 269 483 14 10 19 
1883898266 0 0 0 0 524 495 409 380 310 489 15 12 20 
1886376266 0 0 0 0 509 494 409 375 334 490 15 14 20 
1888895386 0 0 0 0 505 497 408 383 330 490 15 13 19 
1891415048 0 0 0 0 498 501 407 378 316 487 14 12 19 
1893892638 0 0 0 0 502 497 403 380 298 487 14 11 19 
1896411038 0 0 0 0 508 499 405 381 292 488 15 11 20 
1898927038 0 0 0 0 507 504 410 363 301 482 14 11 19 
1901404626 0 0 0 0 512 495 408 379 311 490 14 11 19 
1903922002 0 0 0 0 511 502 413 368 315 490 14 12 20 
1906441022 0 0 0 0 508 499 407 361 313 495 14 12 19 
1908919810 0 0 0 0 505 492 408 380 311 501 15 12 19 
1911437404 0 0 0 0 510 499 411 383 311 494 14 12 19 
1913955798 0 0 0 0 504 478 407 385 309 500 15 12 20 
1916432194 0 0 0 0 507 506 401 381 303 489 14 11 20 
1918950594 0 0 0 0 502 502 400 379 281 491 15 12 19 
1921466982 0 0 0 0 510 498 408 379 236 487 15 9 19 
1923944582 0 0 0 0 521 506 412 386 178 496 15 7 19 
1926462164 0 0 0 0 523 499 419 386 151 483 15 5 19 
1928980972 0 0 0 0 542 506 432 389 139 485 15 6 19 
1931461760 0 0 0 0 567 508 445 383 145 487 15 6 19 
1933980572 0 0 0 0 581 506 463 383 162 479 14 6 19 
1936497748 0 0 0 0 603 507 474 373 185 471 14 7 18 
1939014150 0 0 0 0 618 508 486 369 222 471 15 8 17 
1941490938 0 0 0 0 627 517 501 364 260 475 15 10 19 
1944009732 0 0 0 0 633 516 507 362 303 479 13 12 19 
1946529332 0 0 0 0 632 511 508 370 341 488 14 13 20 
1949008920 0 0 0 0 625 510 498 374 371 499 14 15 20 
1951528114 0 0 0 0 614 508 483 375 390 504 15 15 19 
1954044340 0 0 0 0 610 514 465 371 399 512 14 15 20 
1956522904 0 0 0 0 598 507 455 368 410 511 14 15 19 
1959038498 0 0 0 0 590 498 452 360 406 511 13 15 20 
1961555298 0 0 0 0 579 501 441 364 394 510 13 15 20 
1964033694 0 0 0 0 569 492 434 361 389 502 14 15 20 
1966550482 0 0 0 0 568 499 433 359 388 504 13 15 19 
1969068082 0 0 0 0 560 490 428 361 389 499 13 15 19 
1971584476 0 0 0 0 550 484 425 364 390 494 14 15 20 
1974064464 0 0 0 0 543 488 420 368 393 497 14 15 20 
1976584058 0 0 0 0 530 484 419 368 392 490 14 15 19 
1979098460 0 0 0 0 525 485 419 373 388 491 14 15 19 
1981578848 0 0 0 0 510 481 417 372 386 481 15 15 19 
1984098842 0 0 0 0 504 482 419 381 372 484 15 15 19 
1986578036 0 0 0 0 495 482 416 384 358 482 15 12 19 
1989097236 0 0 0 0 485 485 409 391 342 499 15 15 19 
1991613282 0 0 0 0 485 489 408 384 327 490 15 13 19 
1994091226 0 0 0 0 481 489 401 385 314 489 15 12 19 
1996610414 0 0 0 0 486 486 405 382 304 488 14 12 20 
1999126814 0 0 0 0 490 487 406 381 298 491 15 12 19 
2001605610 0 0 0 0 494 490 407 379 295 490 15 11 19 
2004124804 0 0 0 0 495 491 408 380 297 497 15 11 19 
2006643998 0 0 0 0 495 490 407 380 303 490 14 11 20 
2009122674 0 0 0 0 497 493 407 383 306 495 14 11 20 
2011639580 0 0 0 0 499 493 408 380 310 490 15 11 19 
2014157982 0 0 0 0 495 494 404 380 314 492 15 12 19 
2016636776 0 0 0 0 499 499 406 374 314 486 15 12 19 
2019151958 0 0 0 0 492 492 405 374 312 488 14 12 20 
2021671164 0 0 0 0 498 494 409 373 305 496 15 12 19 
2024149952 0 0 0 0 494 491 405 378 305 492 15 12 19 
2026669946 0 0 0 0 495 488 409 382 305 492 15 12 19 
2029184410 0 0 0 0 498 493 407 383 300 491 14 12 20 
2031663136 0 0 0 0 498 496 405 383 304 486 14 11 20 
2034181536 0 0 0 0 503 497 406 378 309 483 15 11 19 
2036698318 0 0 0 0 501 496 408 378 312 487 15 11 19 
2039176726 0 0 0 0 502 499 407 375 313 491 15 13 19 
2041693920 0 0 0 0 501 495 407 375 315 495 14 11 19 
2044211108 0 0 0 0 500 496 408 377 316 494 15 12 20 
2046690708 0 0 0 0 499 493 407 378 315 493 15 12 20 
2049209502 0 0 0 0 497 495 407 382 315 493 15 13 19 
2051726298 0 0 0 0 497 496 408 381 312 494 14 11 19 
2054205486 0 0 0 0 495 497 406 381 311 491 14 11 19 
2056721880 0 0 0 0 497 497 408 380 308 491 15 11 20 
2059241474 0 0 0 0 496 497 405 376 306 488 15 11 19 
2061719600 0 0 0 0 499 496 407 372 303 482 14 11 19 
2064237862 0 0 0 0 497 494 405 366 303 480 15 11 19 
2066755864 0 0 0 0 500 493 406 366 305 476 13 11 19 
2069236290 0 0 0 0 500 492 405 369 307 475 13 12 19 
2071754264 0 0 0 0 504 491 408 377 305 477 15 12 19 
2074271446 0 0 0 0 507 493 407 382 307 482 15 12 19 
2076750642 0 0 0 0 505 495 405 385 311 484 15 12 19 
2079269836 0 0 0 0 508 500 405 388 315 482 15 12 19 
2081785418 0 0 0 0 503 499 407 384 320 481 14 13 19 
2084265012 0 0 0 0 503 502 407 383 319 480 14 13 19 
2086783450 0 0 0 0 499 500 406 377 319 482 15 11 19 
2089300608 0 0 0 0 499 496 403 378 317 482 15 12 19 
2091777796 0 0 0 0 493 497 406 382 318 485 15 12 19 
2094296202 0 0 0 0 493 491 403 389 312 472 15 13 18 
2096814590 0 0 0 0 496 499 406 380 310 469 14 12 18 
2099294584 0 0 0 0 496 500 404 376 309 465 14 11 18 
2101812986 0 0 0 0 498 501 405 372 309 473 14 11 18 
2104331454 0 0 0 0 497 501 406 372 313 471 14 12 17 
2106808974 0 0 0 0 497 494 404 370 316 465 14 12 17 
2109324988 0 0 0 0 499 500 407 366 312 469 14 12 18 
2111843764 0 0 0 0 500 494 407 367 309 472 14 11 18 
2114320182 0 0 0 0 500 495 407 367 311 471 14 12 18 
2116839752 0 0 0 0 501 493 408 367 312 474 14 12 19 
2119358972 0 0 0 0 495 493 408 370 316 475 14 13 19 
2121836540 0 0 0 0 493 492 412 374 323 472 14 13 18 
2124352530 0 0 0 0 489 490 409 375 318 470 15 11 18 
2126869318 0 0 0 0 493 489 410 377 314 471 15 12 17 
2129346800 0 0 0 0 492 484 416 378 307 467 15 13 17 
2131864918 0 0 0 0 500 484 413 382 302 474 14 10 18 
2134383312 0 0 0 0 498 485 406 384 308 477 15 12 19 
2136860382 0 0 0 0 503 498 407 382 323 477 15 12 19 
2139379696 0 0 0 0 500 501 403 377 343 475 15 13 19 
2141897802 0 0 0 0 495 494 412 380 350 482 14 13 19 
2144374490 0 0 0 0 479 487 406 379 331 485 14 12 19 
2146890078 0 0 0 0 477 486 408 377 310 485 15 11 19 
1922432 0 0 0 0 479 488 410 378 290 485 15 11 19 
4440426 0 0 0 0 486 493 406 375 286 484 14 10 19 
6920814 0 0 0 0 492 493 407 377 297 481 14 11 19 
9440008 0 0 0 0 497 492 407 376 306 478 15 11 19 
11918804 0 0 0 0 495 493 411 380 309 478 15 12 19 
14437204 0 0 0 0 495 491 407 380 307 474 15 12 19 
16955598 0 0 0 0 498 492 414 383 304 477 14 12 19 
19434254 0 0 0 0 499 493 409 384 306 477 14 12 19 
21951294 0 0 0 0 495 492 410 383 312 477 15 13 19 
24470774 0 0 0 0 491 500 404 382 321 474 15 11 19 
26946376 0 0 0 0 490 497 404 379 324 469 15 13 17 
29465564 0 0 0 0 488 497 399 378 315 467 14 13 18 
31984352 0 0 0 0 480 489 411 378 281 464 15 12 18 
34464346 0 0 0 0 488 491 399 375 262 459 15 10 18 
36981548 0 0 0 0 508 485 402 371 266 460 13 10 17 
39498748 0 0 0 0 519 491 402 368 294 463 13 11 18 
41976336 0 0 0 0 518 492 412 370 310 467 13 11 18 
44493424 0 0 0 0 514 491 415 374 319 469 16 12 18 
47011532 0 0 0 0 512 488 412 379 330 471 14 13 17 
49490712 0 0 0 0 504 490 418 378 326 469 14 13 17 
52007114 0 0 0 0 502 489 410 380 322 471 15 12 18 
54524714 0 0 0 0 499 492 408 380 320 470 15 12 18 
57002702 0 0 0 0 497 493 407 379 317 468 15 12 18 
59520704 0 0 0 0 499 491 403 378 314 469 14 12 17 
62036698 0 0 0 0 501 490 405 378 313 472 15 12 18 
64553886 0 0 0 0 502 494 406 377 312 473 15 12 17 
67032686 0 0 0 0 498 488 403 376 314 474 15 12 19 
69552668 0 0 0 0 502 495 408 379 316 478 14 12 19 
72032676 0 0 0 0 498 487 406 383 316 475 14 12 19 
74552270 0 0 0 0 501 499 404 383 323 478 15 12 19 
77070652 0 0 0 0 495 492 408 375 324 479 15 14 19 
79551058 0 0 0 0 493 498 406 375 319 478 15 12 19 
82067052 0 0 0 0 489 494 406 371 312 476 14 12 19 
84586240 0 0 0 0 494 489 407 375 299 478 15 11 19 
87065836 0 0 0 0 501 490 404 376 294 483 15 12 19 
89585824 0 0 0 0 505 492 408 373 302 485 15 12 19 
92103824 0 0 0 0 504 491 406 374 311 486 14 12 19 
94583424 0 0 0 0 503 485 411 373 307 486 14 11 19 
97102220 0 0 0 0 504 489 408 372 299 481 15 11 19 
99619014 0 0 0 0 507 487 408 374 299 477 14 11 19 
102097008 0 0 0 0 504 486 406 370 307 477 13 11 19 
104613434 0 0 0 0 506 490 407 371 309 479 14 11 19 
107132190 0 0 0 0 500 488 406 368 307 482 15 11 19 
109609392 0 0 0 0 501 487 409 368 304 485 15 12 19 
112124580 0 0 0 0 500 487 406 373 305 484 13 12 19 
114642224 0 0 0 0 503 487 408 375 308 485 15 12 19 
117121368 0 0 0 0 506 486 407 375 311 488 15 12 20 
119640962 0 0 0 0 507 484 407 375 314 493 15 12 19 
122158164 0 0 0 0 506 484 405 375 317 497 14 13 19 
124638952 0 0 0 0 505 481 406 377 320 498 14 13 19 
127155034 0 0 0 0 502 483 406 380 320 495 15 11 20 
129673340 0 0 0 0 503 485 407 384 316 489 15 12 19 
132152142 0 0 0 0 503 485 405 387 314 482 15 12 19 
134669730 0 0 0 0 502 486 406 386 313 478 15 13 19 
137186580 0 0 0 0 502 490 404 382 310 479 15 11 19 
139665324 0 0 0 0 502 489 405 376 310 483 15 12 19 
142185320 0 0 0 0 500 492 405 372 311 483 14 11 19 
144702508 0 0 0 0 502 490 407 374 306 484 15 11 19 
147183708 0 0 0 0 500 489 406 372 305 487 13 12 20 
149700496 0 0 0 0 503 490 408 373 306 487 14 12 19 
152178884 0 0 0 0 503 485 405 372 309 487 14 12 19 
154697684 0 0 0 0 502 486 410 371 307 487 15 12 19 
157213280 0 0 0 0 505 487 409 372 306 486 13 12 20 
159694474 0 0 0 0 505 487 409 372 308 485 13 11 19 
162210474 0 0 0 0 507 486 410 372 310 485 13 11 20 
164728468 0 0 0 0 506 486 407 371 314 489 15 11 19 
167207264 0 0 0 0 505 488 407 369 319 494 15 11 19 
169724458 0 0 0 0 503 486 409 368 321 502 14 12 19 
172243246 0 0 0 0 497 482 410 367 318 508 13 13 20 
174720840 0 0 0 0 498 481 409 369 310 511 13 13 20 
177240040 0 0 0 0 501 482 410 371 307 521 14 10 19 
179754430 0 0 0 0 505 478 408 373 308 531 15 12 21 
182233224 0 0 0 0 498 480 409 374 304 534 15 12 21 
184751218 0 0 0 0 498 476 407 373 307 532 14 13 21 
187268812 0 0 0 0 501 477 408 374 309 534 15 10 21 
189747482 0 0 0 0 498 477 409 378 311 534 15 13 21 
192264000 0 0 0 0 498 475 406 382 316 537 14 11 21 
194783470 0 0 0 0 495 477 408 382 320 540 15 12 22 
197262434 0 0 0 0 491 481 407 383 323 541 15 12 22 
199779190 0 0 0 0 488 487 395 387 320 537 15 13 21 
202297972 0 0 0 0 490 487 404 382 317 533 15 11 21 
204776366 0 0 0 0 491 489 403 375 310 526 15 10 21 
207294774 0 0 0 0 489 488 400 359 306 518 13 12 19 
209812768 0 0 0 0 490 483 404 341 302 512 13 13 20 
212292362 0 0 0 0 491 485 412 325 302 507 13 13 20 
214811156 0 0 0 0 488 476 420 308 306 504 11 10 19 
217326338 0 0 0 0 490 471 425 300 312 500 11 11 19 
219807146 0 0 0 0 490 462 428 301 319 496 11 11 19 
222325128 0 0 0 0 492 452 425 309 323 493 11 12 20 
224843128 0 0 0 0 484 444 428 325 324 490 13 13 19 
227319922 0 0 0 0 484 437 429 343 314 491 14 13 19 
229838316 0 0 0 0 483 432 426 365 311 495 14 12 19 
232357518 0 0 0 0 482 427 431 380 307 502 15 12 20 
234836300 0 0 0 0 484 427 429 394 303 504 15 11 20 
237353900 0 0 0 0 485 430 432 400 303 508 15 11 19 
239872788 0 0 0 0 487 438 428 399 302 511 15 11 20 
242390688 0 0 0 0 483 445 427 395 305 513 15 11 20 
244867476 0 0 0 0 484 451 425 388 307 515 15 11 20 
247384678 0 0 0 0 480 453 426 383 308 513 15 11 19 
249903378 0 0 0 0 482 454 422 380 308 511 14 11 20 
252381466 0 0 0 0 478 445 419 381 311 507 14 12 20 
254898654 0 0 0 0 477 441 417 388 309 494 15 12 19 
257415736 0 0 0 0 476 444 417 396 308 488 15 13 19 
259894256 0 0 0 0 478 450 419 401 304 489 15 13 20 
262413844 0 0 0 0 478 458 418 399 300 494 15 10 19 
264929432 0 0 0 0 476 455 414 400 297 498 15 12 19 
267409826 0 0 0 0 480 466 418 407 291 496 15 12 19 
269927432 0 0 0 0 481 473 415 404 285 503 15 10 20 
272444046 0 0 0 0 485 484 415 406 274 511 15 12 20 
274923016 0 0 0 0 491 469 411 407 269 493 15 10 19 
277439016 0 0 0 0 495 489 408 414 270 491 16 11 20 
279955004 0 0 0 0 505 491 401 398 274 490 15 11 19 
282434198 0 0 0 0 508 488 401 386 288 488 15 12 19 
284953792 0 0 0 0 511 488 402 374 304 490 15 12 19 
287470986 0 0 0 0 510 487 403 371 310 490 15 12 20 
289948582 0 0 0 0 509 486 409 372 312 491 15 13 20 
292466014 0 0 0 0 508 488 407 375 312 490 15 13 19 
294983376 0 0 0 0 508 486 411 384 312 486 15 12 19 
297462564 0 0 0 0 507 485 410 389 313 485 15 12 19 
299979364 0 0 0 0 506 492 411 393 308 485 15 11 20 
302496946 0 0 0 0 505 495 407 389 302 484 15 11 19 
304976148 0 0 0 0 508 495 407 384 296 485 14 12 18 
307493736 0 0 0 0 510 496 403 376 296 485 15 12 19 
310012830 0 0 0 0 514 495 404 375 299 486 15 12 19 
312490536 0 0 0 0 518 496 404 373 306 486 13 12 19 
315008606 0 0 0 0 519 493 409 372 314 486 14 12 20 
317524926 0 0 0 0 516 495 412 374 319 488 15 13 19 
320042520 0 0 0 0 513 492 410 378 322 489 14 11 19 
322520108 0 0 0 0 511 495 412 379 322 488 14 11 19 
325036896 0 0 0 0 509 489 407 378 322 487 15 12 20 
327554502 0 0 0 0 510 496 403 371 323 487 14 13 19 
330031284 0 0 0 0 507 491 403 366 324 483 14 13 19 
332546878 0 0 0 0 506 493 398 357 329 480 13 13 19 
335065680 0 0 0 0 503 486 403 354 328 482 13 13 19 
337546468 0 0 0 0 500 484 404 351 328 480 13 13 19 
340063268 0 0 0 0 497 481 406 347 327 482 13 13 19 
342580462 0 0 0 0 495 478 411 347 321 481 13 11 19 
345059662 0 0 0 0 494 473 410 344 316 483 14 11 19 
347576450 0 0 0 0 494 471 412 341 315 481 14 12 19 
350092046 0 0 0 0 496 468 414 337 315 482 14 13 19 
352568620 0 0 0 0 496 463 414 333 317 483 13 13 19 
355088302 0 0 0 0 494 457 417 334 321 484 13 11 19 
357605634 0 0 0 0 494 449 420 333 325 485 13 13 19 
360084428 0 0 0 0 493 445 425 336 324 488 13 13 19 
362602024 0 0 0 0 490 441 425 335 323 488 13 11 20 
365120818 0 0 0 0 488 441 430 333 322 488 13 11 20 
367600812 0 0 0 0 489 434 433 332 321 487 13 12 19 
370119606 0 0 0 0 485 428 438 332 320 489 13 13 19 
372599994 0 0 0 0 486 425 442 334 321 490 13 13 19 
375115188 0 0 0 0 485 420 447 335 321 492 13 11 20 
377630782 0 0 0 0 485 418 450 339 319 491 14 12 19 
380149170 0 0 0 0 482 416 455 338 315 494 14 13 19 
382626258 0 0 0 0 480 408 459 342 310 492 14 12 19 
385140766 0 0 0 0 480 407 460 342 304 494 14 12 20 
387658766 0 0 0 0 477 408 462 343 299 491 14 12 19 
390138754 0 0 0 0 480 406 465 339 297 490 13 11 19 
392657348 0 0 0 0 481 401 468 337 297 492 13 11 19 
395174748 0 0 0 0 482 403 475 337 300 493 13 11 20 
397652338 0 0 0 0 483 400 481 339 303 492 13 11 20 
400169532 0 0 0 0 484 398 487 342 305 493 13 11 19 
402684332 0 0 0 0 484 399 491 346 307 491 13 11 19 
405164602 0 0 0 0 484 397 490 347 308 491 14 12 19 
407682982 0 0 0 0 482 395 497 350 309 493 14 12 20 
410200746 0 0 0 0 481 395 497 353 309 493 14 12 19 
412678708 0 0 0 0 481 395 500 358 309 492 14 12 19 
415195496 0 0 0 0 481 396 502 364 309 493 14 12 19 
417711498 0 0 0 0 480 394 504 367 309 490 13 12 20 
420189492 0 0 0 0 480 399 502 369 309 490 13 11 20 
422708286 0 0 0 0 481 391 505 368 308 492 14 11 19 
425222674 0 0 0 0 479 396 503 369 308 492 15 11 19 
427739124 0 0 0 0 477 394 506 372 308 491 13 11 20 
430216668 0 0 0 0 478 397 506 374 308 490 14 11 20 
432735064 0 0 0 0 478 396 509 377 306 487 15 11 19 
435253720 0 0 0 0 480 396 506 379 306 485 15 11 19 
437730252 0 0 0 0 480 395 506 381 306 484 15 12 19 
440248114 0 0 0 0 481 395 503 380 306 484 14 12 19 
442765840 0 0 0 0 483 394 503 381 307 485 15 12 19 
445243834 0 0 0 0 484 395 503 382 307 487 15 12 20 
447759428 0 0 0 0 482 395 502 382 308 487 15 12 19 
450280222 0 0 0 0 483 395 502 383 308 490 15 11 19 
452758610 0 0 0 0 481 396 504 388 308 489 15 11 19 
455277806 0 0 0 0 480 394 499 392 308 489 15 11 20 
457756206 0 0 0 0 482 396 496 396 307 488 15 11 20 
460274200 0 0 0 0 483 397 493 398 306 486 15 11 19 
462791406 0 0 0 0 483 396 488 399 304 485 15 11 19 
465271388 0 0 0 0 483 399 484 399 304 485 15 12 19 
467789782 0 0 0 0 485 398 482 400 302 484 15 12 19 
470308564 0 0 0 0 485 397 480 399 300 484 15 12 19 
472786958 0 0 0 0 487 399 477 401 298 485 15 12 18 
475306158 0 0 0 0 487 402 475 400 296 484 15 12 19 
477823758 0 0 0 0 488 400 471 402 296 486 15 12 19 
480301340 0 0 0 0 488 406 468 402 297 486 15 11 19 
482822542 0 0 0 0 491 404 465 405 295 485 15 11 19 
485340130 0 0 0 0 493 408 462 407 297 485 15 11 19 
487820136 0 0 0 0 493 409 459 409 299 484 15 11 19 
490338124 0 0 0 0 494 412 456 412 300 484 16 11 19 
492856512 0 0 0 0 495 413 452 415 299 484 16 11 19 
495335306 0 0 0 0 497 418 446 419 297 484 16 12 19 
497853588 0 0 0 0 499 423 442 420 297 483 16 12 19 
500370500 0 0 0 0 502 424 435 421 301 480 16 12 19 
502846496 0 0 0 0 502 429 434 420 306 480 16 12 19 
505364882 0 0 0 0 504 428 431 423 309 483 16 12 19 
507881564 0 0 0 0 502 437 427 424 313 487 17 12 19 
510358528 0 0 0 0 501 443 424 425 315 490 17 12 19 
512876066 0 0 0 0 500 452 419 421 315 491 16 12 19 
515393810 0 0 0 0 498 455 413 415 313 491 16 12 20 
517871654 0 0 0 0 498 459 414 413 311 492 16 11 20 
520386448 0 0 0 0 499 465 411 410 306 490 15 11 19 
522904330 0 0 0 0 499 470 408 400 304 489 15 11 19 
525381644 0 0 0 0 503 467 409 401 299 487 15 12 19 
527899112 0 0 0 0 504 474 406 398 299 485 15 12 19 
530416844 0 0 0 0 507 473 407 398 299 487 15 12 20 
532894832 0 0 0 0 509 476 411 402 296 488 15 12 20 
535413620 0 0 0 0 509 483 409 404 296 488 15 12 19 
537931214 0 0 0 0 512 486 412 406 296 487 15 12 19 
540409208 0 0 0 0 513 489 409 408 298 488 15 11 19 
542929596 0 0 0 0 515 493 410 407 302 485 15 11 19 
545447202 0 0 0 0 516 497 408 408 304 486 15 11 20 
547927598 0 0 0 0 515 501 408 407 306 485 15 11 19 
550446378 0 0 0 0 516 504 409 412 306 485 16 11 19 
552965186 0 0 0 0 517 511 410 417 305 484 16 11 19 
555445168 0 0 0 0 519 515 409 420 305 481 16 12 19 
557963974 0 0 0 0 520 521 409 421 306 482 16 12 19 
560481962 0 0 0 0 520 527 410 420 310 481 16 12 19 
562962644 0 0 0 0 520 532 412 420 311 478 16 12 19 
565480356 0 0 0 0 516 538 412 414 313 480 16 13 19 
567997150 0 0 0 0 516 543 415 416 313 484 16 11 19 
570474382 0 0 0 0 516 546 416 413 314 487 16 11 19 
572993140 0 0 0 0 515 552 419 408 315 486 15 12 19 
575509920 0 0 0 0 514 554 421 402 313 487 15 13 19 
577986728 0 0 0 0 516 560 422 403 312 487 15 13 19 
580506722 0 0 0 0 516 560 425 397 311 487 15 12 20 
583026316 0 0 0 0 517 564 427 400 310 487 15 12 19 
585502710 0 0 0 0 516 565 429 397 309 488 15 12 19 
588021504 0 0 0 0 517 570 432 399 308 488 15 12 19 
590539892 0 0 0 0 516 569 436 400 306 488 15 12 20 
593017480 0 0 0 0 517 573 435 404 305 488 15 11 20 
595534286 0 0 0 0 517 571 440 402 305 488 15 11 19 
598051874 0 0 0 0 519 575 438 404 307 484 15 11 19 
600531076 0 0 0 0 517 578 445 403 308 485 15 11 19 
603046670 0 0 0 0 519 578 443 403 310 480 15 11 19 
605565250 0 0 0 0 514 585 447 404 312 482 15 10 19 
608044146 0 0 0 0 517 584 450 399 313 487 15 13 20 
610561446 0 0 0 0 514 589 452 410 312 485 15 13 19 
613076920 0 0 0 0 515 589 456 403 311 491 15 11 19 
615557440 0 0 0 0 517 592 458 407 309 488 15 12 19 
618076116 0 0 0 0 515 591 463 406 311 487 15 12 19 
620594622 0 0 0 0 516 594 466 404 312 488 15 12 20 
623073010 0 0 0 0 512 597 472 403 311 486 15 12 19 
625591410 0 0 0 0 513 600 473 393 307 496 15 11 19 
628109412 0 0 0 0 516 601 472 390 307 494 15 11 20 
630586436 0 0 0 0 517 598 472 380 307 492 15 12 20 
633104994 0 0 0 0 518 599 473 377 308 488 14 12 19 
635584982 0 0 0 0 517 596 475 370 308 484 14 12 19 
638102182 0 0 0 0 518 597 474 369 307 485 14 12 19 
640619770 0 0 0 0 517 597 474 364 307 484 14 12 19 
643137376 0 0 0 0 517 596 473 362 306 487 14 12 19 
645616564 0 0 0 0 517 595 471 361 306 484 13 11 19 
648135252 0 0 0 0 518 597 468 359 308 485 13 11 19 
650649758 0 0 0 0 515 596 466 357 310 486 13 11 19 
653127740 0 0 0 0 517 594 463 354 310 486 14 11 18 
655644554 0 0 0 0 515 593 460 351 311 487 14 12 20 
658163328 0 0 0 0 515 590 457 344 310 489 14 12 19 
660641416 0 0 0 0 514 589 455 344 309 487 14 12 19 
663158130 0 0 0 0 516 587 451 340 309 489 14 13 19 
665675324 0 0 0 0 516 584 448 343 310 489 14 10 20 
668152912 0 0 0 0 515 580 443 340 313 490 13 12 20 
670671312 0 0 0 0 515 577 441 344 314 494 13 12 19 
673189394 0 0 0 0 516 575 438 344 315 494 13 12 19 
675704494 0 0 0 0 515 571 435 347 315 495 13 12 20 
678184896 0 0 0 0 515 567 430 344 317 496 13 12 20 
680700482 0 0 0 0 514 564 429 343 318 495 13 12 19 
683218470 0 0 0 0 514 561 424 337 320 494 13 12 19 
685696466 0 0 0 0 514 556 422 334 320 493 13 12 19 
688214134 0 0 0 0 512 553 419 326 322 492 12 12 20 
690731266 0 0 0 0 509 545 417 320 324 491 12 12 19 
693209654 0 0 0 0 511 542 415 317 326 491 12 12 19 
695729654 0 0 0 0 510 527 413 329 326 485 14 14 19 
698246836 0 0 0 0 506 527 412 352 323 483 13 12 19 
700725362 0 0 0 0 504 522 409 358 318 489 13 12 19 
703243230 0 0 0 0 500 520 411 361 313 483 14 12 19 
705761312 0 0 0 0 499 520 408 335 310 481 13 12 19 
708238826 0 0 0 0 502 517 404 328 308 479 13 12 19 
710757220 0 0 0 0 504 519 407 333 309 488 13 12 19 
713272414 0 0 0 0 511 489 410 353 317 489 14 11 20 
715750802 0 0 0 0 507 493 408 372 327 484 14 13 19 
718270796 0 0 0 0 501 497 414 379 326 491 15 13 20 
720789490 0 0 0 0 497 496 413 380 323 489 15 12 19 
723268716 0 0 0 0 493 500 407 381 315 489 15 12 19 
725784384 0 0 0 0 493 507 402 373 310 490 14 11 19 
728302380 0 0 0 0 498 510 386 354 312 490 14 11 20 
730782704 0 0 0 0 502 511 383 314 321 492 12 12 20 
733299962 0 0 0 0 504 503 404 242 329 489 10 14 19 
735817962 0 0 0 0 495 470 428 179 337 484 8 13 19 
738295950 0 0 0 0 497 463 437 147 351 484 5 13 19 
740812750 0 0 0 0 480 413 463 178 356 483 7 12 19 
743330738 0 0 0 0 484 471 473 198 356 506 7 15 19 
745808326 0 0 0 0 476 396 513 226 342 498 10 15 19 
748326382 0 0 0 0 455 379 528 271 325 498 10 13 20 
750843526 0 0 0 0 463 367 541 323 303 501 12 11 19 
753320770 0 0 0 0 469 392 530 354 293 499 15 12 19 
755838714 0 0 0 0 472 393 519 369 300 491 14 12 19 
758356602 0 0 0 0 474 392 518 384 311 475 15 12 19 
760835504 0 0 0 0 469 384 520 397 304 472 15 12 17 
763353898 0 0 0 0 476 395 520 415 290 466 16 13 18 
765871880 0 0 0 0 478 389 511 435 277 469 17 10 18 
768350010 0 0 0 0 488 411 501 443 275 463 18 10 18 
770867074 0 0 0 0 490 385 491 460 276 465 17 11 17 
773385062 0 0 0 0 498 414 479 465 283 455 17 12 18 
775864262 0 0 0 0 496 394 470 468 284 465 17 12 18 
778383482 0 0 0 0 500 421 459 474 288 472 19 11 18 
780901444 0 0 0 0 506 418 447 476 296 480 19 11 19 
783376250 0 0 0 0 503 429 440 484 303 482 19 12 19 
785895838 0 0 0 0 502 437 432 486 308 487 19 12 19 
788412238 0 0 0 0 502 449 423 489 308 494 19 12 20 
790889514 0 0 0 0 506 478 413 461 309 493 17 12 20 
793406622 0 0 0 0 505 468 408 424 310 495 18 12 19 
795923822 0 0 0 0 504 467 404 405 309 491 15 12 19 
798401410 0 0 0 0 499 469 406 408 309 489 15 11 19 
800920204 0 0 0 0 500 470 410 429 305 484 17 11 19 
803437404 0 0 0 0 509 479 417 456 300 486 18 11 19 
805914242 0 0 0 0 514 486 418 491 294 482 19 11 19 
808431380 0 0 0 0 514 522 429 524 287 479 21 11 19 
810950986 0 0 0 0 518 537 423 541 289 488 21 11 19 
813428180 0 0 0 0 522 577 445 547 291 477 21 12 19 
815946176 0 0 0 0 519 571 433 534 295 473 21 12 18 
818464170 0 0 0 0 521 594 454 519 300 466 19 12 18 
820943350 0 0 0 0 524 601 459 488 303 487 19 12 19 
823460944 0 0 0 0 519 610 466 473 310 499 17 12 20 
825976396 0 0 0 0 512 625 488 443 312 509 17 12 19 
828455340 0 0 0 0 509 628 498 417 300 512 16 12 19 
830974928 0 0 0 0 515 614 495 389 288 502 15 13 19 
833491334 0 0 0 0 520 608 492 352 289 479 14 11 19 
835968922 0 0 0 0 515 599 483 315 304 462 11 12 18 
838485322 0 0 0 0 513 604 478 287 310 466 12 12 18 
841003304 0 0 0 0 513 604 468 268 312 471 10 13 17 
843478104 0 0 0 0 514 608 463 240 306 474 10 11 19 
845995704 0 0 0 0 514 601 448 224 304 476 8 11 19 
848513698 0 0 0 0 518 584 436 217 310 484 8 11 19 
851030880 0 0 0 0 523 567 429 221 317 496 8 12 19 
853511150 0 0 0 0 520 546 422 233 330 498 9 13 19 
856028076 0 0 0 0 515 536 431 224 336 507 8 13 19 
858546462 0 0 0 0 512 489 425 250 335 514 10 13 20 
861024500 0 0 0 0 502 481 427 291 339 509 10 13 20 
863541264 0 0 0 0 495 436 420 347 344 501 13 13 19 
866058852 0 0 0 0 489 459 420 427 343 478 17 13 19 
868535658 0 0 0 0 489 491 421 429 340 488 17 14 20 
871054446 0 0 0 0 480 494 414 420 328 495 16 12 19 
873572028 0 0 0 0 479 504 410 402 315 493 15 12 19 
876049634 0 0 0 0 481 498 401 389 305 492 15 11 19 
878566422 0 0 0 0 484 497 399 380 304 488 14 11 20 
881083222 0 0 0 0 485 498 398 376 300 495 15 11 19 
883561618 0 0 0 0 486 496 398 370 298 497 15 11 19 
886079604 0 0 0 0 489 495 402 368 293 498 13 11 19 
888597206 0 0 0 0 490 498 403 363 287 497 13 11 20 
891076800 0 0 0 0 495 492 405 360 285 496 13 10 20 
893594388 0 0 0 0 498 490 403 368 283 493 14 12 19 
896113182 0 0 0 0 502 492 410 370 284 491 13 12 19 
898593970 0 0 0 0 509 488 412 368 287 490 13 12 19 
901111576 0 0 0 0 509 487 412 369 295 492 14 13 20 
903628770 0 0 0 0 512 489 413 371 304 490 15 10 19 
906107158 0 0 0 0 512 483 410 375 314 488 15 12 19 
908623152 0 0 0 0 509 486 411 382 322 487 14 12 19 
911139546 0 0 0 0 505 488 410 385 318 487 15 12 20 
913618428 0 0 0 0 504 490 408 384 314 489 14 12 20 
916176328 0 0 0 0 504 491 405 382 311 489 15 11 19 
918693922 0 0 0 0 506 492 406 381 311 489 14 11 20 
921212716 0 0 0 0 506 492 405 377 313 489 15 12 19 
923693918 0 0 0 0 505 491 407 379 313 489 15 12 19 
926209536 0 0 0 0 504 492 406 377 314 491 15 13 19 
928725506 0 0 0 0 504 493 406 378 313 491 14 11 20 
931203530 0 0 0 0 503 492 406 378 312 489 14 11 20 
933720294 0 0 0 0 503 494 405 376 311 490 15 12 19 
936236682 0 0 0 0 503 493 406 375 307 489 15 12 19 
938716282 0 0 0 0 504 492 405 373 308 490 14 12 19 
941233476 0 0 0 0 505 491 406 375 308 491 15 12 20 
943753070 0 0 0 0 505 490 405 375 310 489 14 12 19 
946228658 0 0 0 0 506 492 406 376 314 486 14 12 19 
948747464 0 0 0 0 502 493 406 377 317 485 15 12 19 
951264260 0 0 0 0 503 492 407 370 317 478 14 12 19 
953742648 0 0 0 0 501 490 406 369 318 475 14 12 19 
956261048 0 0 0 0 501 489 406 373 319 475 14 12 19 
958779436 0 0 0 0 500 488 409 374 318 474 14 12 19 
961258104 0 0 0 0 500 488 407 377 317 471 14 12 18 
963775430 0 0 0 0 498 491 406 374 318 464 15 12 18 
966294218 0 0 0 0 498 490 406 374 316 460 15 12 18 
968772218 0 0 0 0 497 490 406 373 317 454 13 12 18 
971290212 0 0 0 0 497 488 405 369 319 450 14 12 17 
973808076 0 0 0 0 496 482 405 372 321 448 15 12 17 
976325000 0 0 0 0 496 484 407 371 329 448 15 12 17 
978802994 0 0 0 0 495 472 411 376 323 456 15 12 18 
981322976 0 0 0 0 493 488 412 379 319 457 14 12 17 
983800578 0 0 0 0 487 490 409 379 324 456 14 13 17 
986318814 0 0 0 0 491 485 409 384 321 457 15 12 17 
988837366 0 0 0 0 491 483 405 380 319 457 15 12 18 
991314954 0 0 0 0 495 478 404 379 316 463 15 12 18 
993833354 0 0 0 0 489 481 407 378 314 466 14 12 17 
996352154 0 0 0 0 488 481 410 377 312 464 15 10 18 
998829754 0 0 0 0 486 486 410 380 314 464 15 13 18 
1001349210 0 0 0 0 490 485 412 382 316 463 15 11 18 
1003869330 0 0 0 0 486 487 410 375 317 465 14 12 17 
1006348118 0 0 0 0 491 485 413 378 315 469 14 12 17 
1008866912 0 0 0 0 492 484 412 377 312 473 15 13 18 
1011345332 0 0 0 0 493 481 412 379 309 474 15 12 19 
1013864512 0 0 0 0 490 484 410 377 310 473 15 12 18 
1016381700 0 0 0 0 492 484 410 376 310 472 14 12 18 
1018899694 0 0 0 0 493 482 410 373 310 472 15 12 18 
1021376896 0 0 0 0 491 483 408 370 310 471 13 12 17 
1023893684 0 0 0 0 490 482 409 372 307 470 13 12 18 
1026372878 0 0 0 0 488 480 408 377 299 471 14 11 18 
1028891408 0 0 0 0 494 481 407 380 295 471 15 11 18 
1031410060 0 0 0 0 498 479 407 380 293 472 15 11 17 
1033888348 0 0 0 0 501 479 406 379 296 472 15 11 17 
1036403942 0 0 0 0 504 480 408 378 301 471 14 11 18 
1038923642 0 0 0 0 503 477 411 378 305 469 15 11 18 
1041403124 0 0 0 0 501 478 411 378 307 466 15 12 18 
1043921636 0 0 0 0 506 477 411 379 309 464 15 12 17 
1046441230 0 0 0 0 503 478 408 376 311 463 14 12 18 
1048922030 0 0 0 0 507 479 409 379 310 461 14 12 19 
1051439218 0 0 0 0 506 480 408 382 310 460 15 12 18 
1053954420 0 0 0 0 507 479 406 382 312 461 15 12 18 
1056433214 0 0 0 0 507 479 406 380 312 465 15 13 18 
1058949994 0 0 0 0 509 480 406 375 312 470 14 12 18 
1061467996 0 0 0 0 506 480 408 372 313 472 14 12 17 
1063945996 0 0 0 0 505 482 408 372 313 471 14 12 17 
1066464258 0 0 0 0 503 483 409 371 311 468 14 11 18 
1068981978 0 0 0 0 503 481 406 370 309 466 14 11 18 
1071461572 0 0 0 0 502 480 407 369 307 467 14 11 18 
1073979160 0 0 0 0 504 479 407 371 302 470 14 11 17 
1076496360 0 0 0 0 506 478 407 373 297 474 14 11 19 
1078977160 0 0 0 0 509 477 406 370 295 477 14 12 19 
1081494154 0 0 0 0 511 478 409 371 297 477 14 12 19 
1084011342 0 0 0 0 515 476 408 373 298 476 14 12 19 
1086488730 0 0 0 0 516 477 409 375 302 474 15 12 19 
1089008338 0 0 0 0 519 477 410 375 306 471 14 12 18 
1091525806 0 0 0 0 523 479 410 375 311 468 15 12 17 
1094004414 0 0 0 0 522 479 412 375 314 464 15 11 17 
1096520314 0 0 0 0 520 478 411 373 316 462 14 12 18 
1099039120 0 0 0 0 520 479 411 373 315 461 14 13 18 
1101557896 0 0 0 0 520 479 411 372 312 462 14 11 17 
1104036690 0 0 0 0 519 479 410 370 310 464 14 12 17 
1106554296 0 0 0 0 518 476 409 366 309 467 14 12 18 
1109071890 0 0 0 0 519 477 410 366 307 467 14 12 18 
1111551878 0 0 0 0 521 477 410 367 307 465 14 12 18 
1114070560 0 0 0 0 521 474 409 365 310 465 14 12 17 
1116550666 0 0 0 0 522 474 410 366 311 466 14 11 17 
1119069862 0 0 0 0 522 473 410 370 313 467 14 13 18 
1121587056 0 0 0 0 523 472 411 370 314 469 14 11 18 
1124063850 0 0 0 0 521 474 412 372 314 470 14 11 18 
1126582638 0 0 0 0 522 474 410 374 313 471 15 12 17 
1129097438 0 0 0 0 522 473 409 373 313 471 14 13 18 
1131613426 0 0 0 0 524 474 409 371 313 469 14 11 18 
1134092220 0 0 0 0 524 474 411 368 312 465 14 11 18 
1136608476 0 0 0 0 525 474 411 368 307 462 14 11 17 
1139126620 0 0 0 0 526 474 411 366 302 460 14 11 18 
1141605808 0 0 0 0 527 472 412 367 300 459 14 12 18 
1144124202 0 0 0 0 528 471 412 370 296 460 14 12 17 
1146640996 0 0 0 0 533 470 413 375 295 463 14 12 17 
1149119396 0 0 0 0 535 471 412 380 296 467 14 12 17 
1151633890 0 0 0 0 538 475 414 382 298 470 15 12 18 
1154154036 0 0 0 0 542 477 413 383 301 474 15 12 18 
1156632972 0 0 0 0 545 481 416 381 306 478 15 11 19 
1159150218 0 0 0 0 543 482 415 380 313 479 14 12 19 
1161664562 0 0 0 0 543 482 416 379 322 483 15 12 19 
1164141356 0 0 0 0 540 479 416 384 327 488 15 14 19 
1166659424 0 0 0 0 538 479 415 388 330 497 15 13 19 
1169174944 0 0 0 0 532 484 414 388 336 501 15 12 20 
1171652938 0 0 0 0 529 486 411 385 337 500 15 14 20 
1174169726 0 0 0 0 524 487 410 387 332 496 15 13 19 
1176686132 0 0 0 0 523 487 410 391 321 489 15 11 19 
1179164914 0 0 0 0 524 491 407 397 313 484 15 11 19 
1181680120 0 0 0 0 523 495 410 374 308 485 14 12 19 
1184199708 0 0 0 0 523 493 413 380 309 489 14 13 19 
1186678502 0 0 0 0 524 490 408 378 314 494 14 12 19 
1189193302 0 0 0 0 522 494 407 378 319 496 15 12 19 
1191713560 0 0 0 0 523 489 406 378 322 499 15 12 20 
1194229284 0 0 0 0 521 488 406 379 322 499 15 12 20 
1196706872 0 0 0 0 522 488 407 380 322 496 14 12 19 
1199226478 0 0 0 0 521 490 408 380 318 490 15 12 19 
1201703930 0 0 0 0 516 494 408 376 316 482 15 12 19 
1204222110 0 0 0 0 519 495 409 375 314 482 15 12 19 
1206739654 0 0 0 0 517 493 406 373 313 487 15 12 19 
1209220056 0 0 0 0 517 488 405 373 316 492 15 12 19 
1211738900 0 0 0 0 516 491 406 375 318 495 14 12 20 
1214257788 0 0 0 0 514 489 405 377 319 496 15 12 19 
1216737106 0 0 0 0 512 491 406 382 319 498 15 12 19 
1219254432 0 0 0 0 511 491 408 383 320 501 15 12 19 
1221772426 0 0 0 0 510 494 407 384 319 503 14 12 20 
1224250820 0 0 0 0 508 493 406 386 315 506 15 12 20 
1226768076 0 0 0 0 509 495 407 387 311 508 15 11 19 
1229286002 0 0 0 0 506 498 406 387 309 511 15 11 20 
1231764284 0 0 0 0 508 499 407 385 307 515 14 11 20 
1234280796 0 0 0 0 509 501 406 382 307 519 15 11 19 
1236797184 0 0 0 0 510 500 407 377 307 521 15 11 20 
1239275984 0 0 0 0 511 501 407 374 310 524 15 12 21 
1241794766 0 0 0 0 509 500 408 372 312 525 15 12 21 
1244310766 0 0 0 0 509 497 406 370 313 522 14 13 20 
1246788366 0 0 0 0 509 495 406 371 314 520 14 13 20 
1249305772 0 0 0 0 508 496 406 373 313 517 13 11 19 
1251823954 0 0 0 0 508 495 406 374 312 512 15 12 20 
1254302348 0 0 0 0 511 495 405 375 310 508 15 13 20 
1256819536 0 0 0 0 509 495 404 373 311 506 15 10 19 
1259337536 0 0 0 0 511 493 406 372 314 509 13 12 19 
1261817018 0 0 0 0 510 495 407 374 316 512 14 12 19 
1264333518 0 0 0 0 507 492 406 377 319 516 15 13 20 
1266849112 0 0 0 0 506 493 405 381 321 520 15 11 20 
1269326706 0 0 0 0 502 495 407 386 321 521 15 11 20 
1271844138 0 0 0 0 500 497 407 390 321 522 15 12 19 
1274363102 0 0 0 0 500 500 406 391 321 524 15 13 21 
1276841490 0 0 0 0 500 505 407 393 323 526 15 13 21 
1279359090 0 0 0 0 500 506 407 389 327 528 15 13 21 
1281878684 0 0 0 0 497 509 407 384 330 528 15 13 21 
1284355072 0 0 0 0 492 509 409 378 333 526 15 13 21 
1286874360 0 0 0 0 489 508 409 375 330 522 15 13 20 
1289393460 0 0 0 0 486 509 409 373 324 517 13 13 20 
1291869848 0 0 0 0 486 509 410 373 316 510 13 11 20 
1294389454 0 0 0 0 484 508 407 376 310 506 15 11 19 
1296905042 0 0 0 0 488 508 407 377 310 503 14 11 20 
1299382630 0 0 0 0 488 507 407 378 311 504 14 11 20 
1301902236 0 0 0 0 488 506 408 378 312 506 15 12 19 
1304418112 0 0 0 0 491 506 410 380 312 508 15 12 19 
1306898224 0 0 0 0 488 508 410 382 315 509 15 12 19 
1309416212 0 0 0 0 490 511 411 382 318 508 14 12 20 
1311934206 0 0 0 0 489 509 411 379 321 506 15 12 19 
1314411406 0 0 0 0 488 510 411 374 324 503 15 14 19 
1316929138 0 0 0 0 489 511 411 373 319 501 13 12 19 
1319448994 0 0 0 0 487 515 411 371 314 497 14 12 20 
1321927408 0 0 0 0 487 515 408 372 311 493 14 12 20 
1324444576 0 0 0 0 485 515 409 374 312 490 15 13 19 
1326962570 0 0 0 0 486 516 405 378 313 490 15 11 19 
1329440958 0 0 0 0 484 515 404 374 304 492 15 11 19 
1331961490 0 0 0 0 486 524 412 375 302 496 14 11 20 
1334479346 0 0 0 0 485 523 407 374 304 500 15 11 19 
1336959348 0 0 0 0 486 525 415 374 307 505 15 12 19 
1339476142 0 0 0 0 487 522 415 375 321 514 15 12 19 
1341995142 0 0 0 0 487 505 397 368 329 523 13 13 21 
1344473780 0 0 0 0 490 508 417 362 325 534 13 13 21 
1346992930 0 0 0 0 489 510 403 361 324 546 13 12 21 
1349511318 0 0 0 0 481 517 409 359 327 552 13 13 22 
1351988512 0 0 0 0 499 514 418 358 323 547 13 12 22 
1354506512 0 0 0 0 478 514 419 361 315 538 13 12 21 
1357022100 0 0 0 0 475 509 413 364 307 530 13 12 21 
1359500500 0 0 0 0 472 508 416 368 300 526 13 12 21 
1362016088 0 0 0 0 484 508 413 377 287 521 15 12 20 
1364532882 0 0 0 0 488 511 411 391 273 517 15 10 19 
1367012482 0 0 0 0 511 517 393 397 302 510 15 11 18 
1369530076 0 0 0 0 501 519 414 391 320 503 15 12 19 
1372046864 0 0 0 0 489 527 404 375 309 502 15 10 20 
1374565666 0 0 0 0 497 524 403 366 299 501 13 12 19 
1377042060 0 0 0 0 503 518 403 361 291 501 12 12 19 
1379559784 0 0 0 0 500 516 406 362 292 503 14 13 19 
1382078616 0 0 0 0 498 521 406 365 301 501 14 10 20 
1384558042 0 0 0 0 503 512 406 373 316 496 14 11 20 
1387075530 0 0 0 0 503 515 408 373 328 490 14 13 19 
1389593624 0 0 0 0 498 520 403 370 331 489 13 13 19 
1392073224 0 0 0 0 488 519 408 361 330 490 13 13 19 
1394591618 0 0 0 0 488 515 410 355 316 493 13 11 20 
1397109612 0 0 0 0 500 509 408 351 305 502 14 11 20 
1399591200 0 0 0 0 495 498 414 358 289 511 14 11 20 
1402110788 0 0 0 0 501 493 406 373 286 517 14 12 20 
1404589594 0 0 0 0 508 497 407 390 296 511 15 12 20 
1407107588 0 0 0 0 510 508 406 398 304 501 15 13 19 
1409626970 0 0 0 0 507 507 409 390 307 499 15 10 19 
1412104890 0 0 0 0 504 507 406 379 308 504 14 10 19 
1414621564 0 0 0 0 503 507 405 384 308 513 15 12 20 
1417139558 0 0 0 0 506 507 407 393 302 523 15 13 21 
1419617960 0 0 0 0 507 514 411 395 296 536 15 13 21 
1422135140 0 0 0 0 512 518 412 390 291 544 15 10 21 
1424652748 0 0 0 0 517 522 411 382 293 544 15 12 22 
1427132230 0 0 0 0 520 524 409 375 300 539 15 12 22 
1429650330 0 0 0 0 523 517 409 367 308 533 13 13 21 
1432166318 0 0 0 0 526 514 408 366 317 528 15 12 21 
1434644718 0 0 0 0 527 508 407 370 322 524 15 12 21 
1437161918 0 0 0 0 518 511 407 375 331 521 15 12 20 
1439679526 0 0 0 0 516 512 407 369 336 521 15 14 20 
1442195506 0 0 0 0 518 512 403 371 335 526 15 13 21 
1444675900 0 0 0 0 510 506 403 371 330 528 14 13 21 
1447195088 0 0 0 0 511 507 400 374 330 527 15 13 21 
1449673890 0 0 0 0 508 506 405 377 327 528 15 13 21 
1452192302 0 0 0 0 506 505 407 379 330 529 14 13 21 
1454711478 0 0 0 0 506 507 410 382 332 528 15 13 21 
1457188660 0 0 0 0 504 507 411 387 334 528 15 13 21 
1459705466 0 0 0 0 501 511 411 391 338 520 15 13 19 
1462221860 0 0 0 0 493 514 414 394 339 508 15 13 19 
1464702254 0 0 0 0 488 518 415 393 326 499 15 13 19 
1467218648 0 0 0 0 487 517 414 391 312 491 15 12 20 
1469735842 0 0 0 0 494 517 408 390 294 490 15 12 19 
1472213836 0 0 0 0 493 521 404 387 289 496 15 12 19 
1474733024 0 0 0 0 494 525 404 381 295 504 15 12 19 
1477250618 0 0 0 0 492 530 403 371 307 513 15 12 20 
1479768220 0 0 0 0 496 532 405 368 314 517 13 13 20 
1482247676 0 0 0 0 498 524 410 368 312 515 13 13 20 
1484763396 0 0 0 0 499 524 411 372 309 510 13 11 19 
1487281396 0 0 0 0 501 521 410 376 305 503 14 11 19 
1489760590 0 0 0 0 505 521 413 377 298 499 14 12 19 
1492278472 0 0 0 0 499 528 414 369 293 497 14 12 20 
1494793784 0 0 0 0 519 533 408 368 291 501 15 12 19 
1497310972 0 0 0 0 505 517 405 356 293 504 14 12 19 
1499789372 0 0 0 0 515 508 405 353 297 506 14 12 19 
1502306560 0 0 0 0 524 509 404 358 310 517 14 12 20 
1504824548 0 0 0 0 507 514 412 374 311 518 15 12 20 
1507304954 0 0 0 0 508 510 407 382 323 517 15 11 20 
1509822748 0 0 0 0 511 510 408 381 333 514 15 13 19 
1512302130 0 0 0 0 512 506 405 382 328 516 15 13 19 
1514820924 0 0 0 0 502 511 409 383 315 515 14 11 20 
1517338806 0 0 0 0 511 511 412 384 312 513 15 12 20 
1519818120 0 0 0 0 510 515 409 387 313 510 15 12 20 
1522375720 0 0 0 0 507 511 415 393 323 504 15 11 19 
1524891108 0 0 0 0 511 511 417 398 342 495 15 14 20 
1527408508 0 0 0 0 501 526 392 394 352 486 15 14 19 
1529888496 0 0 0 0 508 528 417 384 336 485 14 14 19 
1532405290 0 0 0 0 492 525 419 371 320 487 14 12 19 
1534924490 0 0 0 0 480 524 408 368 314 493 14 12 20 
1537404484 0 0 0 0 488 517 409 368 309 499 14 12 20 
1539922766 0 0 0 0 499 513 415 374 301 506 15 12 19 
1542440072 0 0 0 0 498 515 411 381 290 509 15 12 19 
1544919266 0 0 0 0 494 518 415 381 277 510 15 11 18 
1547436454 0 0 0 0 498 521 410 382 274 511 14 11 20 
1549953248 0 0 0 0 505 524 412 379 286 512 15 11 20 
1552429718 0 0 0 0 514 526 410 370 302 511 13 12 20 
1554947644 0 0 0 0 516 527 407 364 313 512 15 13 19 
1557466430 0 0 0 0 515 519 408 364 313 515 14 11 20 
1559944262 0 0 0 0 514 517 405 365 309 520 14 12 20 
1562463212 0 0 0 0 516 514 408 364 305 523 13 12 21 
1564980806 0 0 0 0 519 516 407 364 304 525 14 12 21 
1567459608 0 0 0 0 521 512 409 363 303 528 14 12 21 
1569977208 0 0 0 0 525 510 409 364 305 531 15 12 21 
1572493196 0 0 0 0 522 507 408 366 308 531 13 12 21 
1574969858 0 0 0 0 528 505 408 369 309 530 13 11 21 
1577487184 0 0 0 0 528 504 408 371 312 528 13 12 21 
1580007178 0 0 0 0 529 503 406 373 314 524 15 13 21 
1582485710 0 0 0 0 524 505 406 375 313 523 15 13 21 
1585004234 0 0 0 0 524 503 407 375 312 525 14 12 21 
1587523560 0 0 0 0 517 504 410 372 312 532 14 11 21 
1590001160 0 0 0 0 518 503 411 368 313 537 14 11 22 
1592519148 0 0 0 0 517 501 412 359 307 541 13 11 21 
1595036342 0 0 0 0 515 497 411 354 307 543 13 11 21 
1597514336 0 0 0 0 519 492 409 351 309 542 13 11 21 
1600030736 0 0 0 0 522 484 407 352 315 530 13 12 21 
1602547930 0 0 0 0 522 476 406 359 321 507 13 13 20 
1605025126 0 0 0 0 518 473 404 373 324 481 14 13 19 
1607543112 0 0 0 0 513 473 404 392 322 459 15 12 17 
1610059514 0 0 0 0 513 477 405 409 316 444 15 13 17 
1612538888 0 0 0 0 512 488 405 419 312 441 16 11 17 
1615054614 0 0 0 0 518 492 405 419 309 439 16 12 18 
1617570690 0 0 0 0 520 503 403 411 310 437 16 13 17 
1620049484 0 0 0 0 519 506 404 402 313 433 15 11 16 
1622568284 0 0 0 0 514 510 404 394 319 432 15 12 17 
1625087478 0 0 0 0 513 512 405 386 320 432 15 13 18 
1627567472 0 0 0 0 507 516 407 386 323 434 15 13 18 
1630084254 0 0 0 0 504 515 408 386 321 437 16 13 17 
1632603454 0 0 0 0 500 518 410 388 320 443 15 11 18 
1635080242 0 0 0 0 497 516 414 388 316 447 15 11 18 
1637598242 0 0 0 0 497 519 415 387 311 451 15 11 17 
1640116236 0 0 0 0 496 523 413 386 305 453 15 12 17 
1642594636 0 0 0 0 495 522 414 385 298 452 15 12 17 
1645111824 0 0 0 0 499 527 411 385 289 450 14 12 18 
1647629812 0 0 0 0 498 523 412 390 282 445 15 12 17 
1650107812 0 0 0 0 500 523 414 394 278 438 15 12 17 
1652625412 0 0 0 0 503 529 414 399 282 429 15 11 16 
1655142194 0 0 0 0 508 534 412 399 285 420 15 10 16 
1657621794 0 0 0 0 508 535 412 393 292 413 15 13 16 
1660141388 0 0 0 0 504 536 410 383 297 408 15 10 15 
1662657788 0 0 0 0 505 538 408 372 299 406 14 12 15 
1665138582 0 0 0 0 501 538 407 368 302 404 14 12 15 
1667656970 0 0 0 0 500 532 406 371 305 405 14 13 15 
1670174658 0 0 0 0 499 531 410 374 308 410 14 10 15 
1672654958 0 0 0 0 496 529 411 377 307 419 14 10 16 
1675173384 0 0 0 0 494 528 411 376 308 432 15 12 17 
1677691752 0 0 0 0 496 535 413 379 309 443 15 13 17 
1680168672 0 0 0 0 493 532 415 379 312 450 15 12 17 
1682687334 0 0 0 0 492 533 417 380 316 456 14 13 17 
1685206522 0 0 0 0 486 532 417 380 320 458 15 11 18 
1687685728 0 0 0 0 482 519 416 375 326 463 15 13 18 
1690205466 0 0 0 0 474 520 417 372 336 462 13 13 17 
1692684904 0 0 0 0 475 515 415 371 326 458 13 13 18 
1695204380 0 0 0 0 461 518 404 366 323 454 15 12 17 
1697722104 0 0 0 0 481 520 419 368 314 450 14 13 17 
1700202098 0 0 0 0 472 507 402 367 316 453 14 13 17 
1702720486 0 0 0 0 466 506 411 366 325 456 13 13 18 
1705239686 0 0 0 0 478 520 425 367 319 459 14 11 17 
1707718474 0 0 0 0 480 506 422 365 307 461 14 12 18 
1710236076 0 0 0 0 456 497 416 363 298 457 14 12 17 
1712753662 0 0 0 0 486 511 411 376 298 461 15 12 17 
1715232138 0 0 0 0 463 502 411 385 293 470 15 11 17 
1717747652 0 0 0 0 465 497 418 387 289 478 15 11 19 
1720266702 0 0 0 0 465 494 412 380 290 489 15 11 19 
1722748846 0 0 0 0 466 512 412 376 292 507 15 11 19 
1725266440 0 0 0 0 478 498 415 373 287 516 14 11 19 
1727786834 0 0 0 0 481 499 413 372 281 516 13 10 20 
1730266428 0 0 0 0 477 502 416 375 276 514 15 10 20 
1732784010 0 0 0 0 484 506 411 385 276 507 15 11 20 
1735263616 0 0 0 0 522 517 384 394 296 503 15 12 20 
1737781598 0 0 0 0 496 505 413 398 318 498 15 12 19 
1740298004 0 0 0 0 499 520 413 403 326 482 15 14 19 
1742778798 0 0 0 0 492 522 418 405 337 460 15 15 17 
1745295992 0 0 0 0 477 514 412 397 332 435 15 13 16 
1747813974 0 0 0 0 483 510 403 387 312 412 15 12 16 
1750292374 0 0 0 0 492 503 418 397 277 373 15 12 15 
1752809568 0 0 0 0 478 506 404 405 251 318 15 10 12 
1755328768 0 0 0 0 483 481 397 390 255 267 15 10 10 
1757806756 0 0 0 0 442 479 423 388 306 219 15 12 8 
1760325144 0 0 0 0 438 453 413 403 345 181 15 13 7 
1762843200 0 0 0 0 471 472 408 407 343 211 15 13 8 
1765321138 0 0 0 0 465 487 415 393 292 294 15 11 13 
1767836738 0 0 0 0 472 497 413 380 256 393 14 10 15 
1770355126 0 0 0 0 482 515 407 390 266 459 15 10 18 
1772834328 0 0 0 0 487 521 405 400 290 483 15 12 19 
1775351114 0 0 0 0 490 520 400 408 311 488 15 13 19 
1777870316 0 0 0 0 477 515 403 402 311 493 15 12 20 
1780350696 0 0 0 0 485 512 406 385 299 506 15 12 20 
1782867498 0 0 0 0 487 517 401 370 298 512 15 12 20 
1785384292 0 0 0 0 493 510 414 361 301 519 13 12 20 
1787861486 0 0 0 0 492 504 408 362 303 528 14 11 21 
1790379074 0 0 0 0 498 496 415 369 297 560 13 11 22 
1792898674 0 0 0 0 503 496 411 381 295 594 15 11 23 
1795377474 0 0 0 0 510 500 413 390 303 611 15 11 23 
1797893356 0 0 0 0 504 517 399 406 336 597 15 13 22 
1800407462 0 0 0 0 491 492 408 409 366 539 15 14 21 
1802925856 0 0 0 0 473 496 413 379 332 580 14 14 23 
1805403744 0 0 0 0 484 515 396 373 308 598 13 12 22 
1807920638 0 0 0 0 490 518 403 382 295 582 15 12 23 
1810436638 0 0 0 0 503 516 405 378 298 567 15 12 21 
1812914626 0 0 0 0 503 520 405 371 308 562 15 12 21 
1815433820 0 0 0 0 505 515 405 360 312 561 14 11 21 
1817950214 0 0 0 0 503 510 407 346 318 565 14 12 22 
1820427678 0 0 0 0 502 507 406 338 319 567 14 12 22 
1822945796 0 0 0 0 498 496 409 337 316 562 14 13 22 
1825463002 0 0 0 0 502 497 407 346 310 564 14 11 21 
1827942996 0 0 0 0 497 489 405 364 309 561 15 12 21 
1830459390 0 0 0 0 500 489 413 383 317 557 15 12 22 
1832976804 0 0 0 0 500 496 404 391 330 559 15 13 21 
1835454178 0 0 0 0 501 502 411 390 331 568 15 13 22 
1837973430 0 0 0 0 496 497 413 386 328 582 15 12 22 
1840490560 0 0 0 0 494 503 409 389 321 594 15 12 23 
1842971186 0 0 0 0 493 504 410 402 310 603 15 12 23 
1845486962 0 0 0 0 502 516 408 416 295 603 16 12 23 
1848005736 0 0 0 0 511 531 406 427 290 590 17 12 23 
1850483268 0 0 0 0 512 542 407 434 283 591 17 11 23 
1853001338 0 0 0 0 517 549 404 415 303 622 16 11 23 
1855517732 0 0 0 0 525 540 405 413 316 656 16 11 26 
1857995326 0 0 0 0 535 542 415 400 336 680 15 13 26 
1860511908 0 0 0 0 520 524 413 380 341 688 14 14 26 
1863029708 0 0 0 0 531 520 416 385 325 680 15 14 27 
1865510102 0 0 0 0 530 509 424 393 319 665 15 12 26 
1868027034 0 0 0 0 548 504 423 396 325 648 15 12 25 
1870545290 0 0 0 0 553 503 419 383 340 628 14 14 25 
1873022910 0 0 0 0 547 506 412 366 335 600 15 13 23 
1875538472 0 0 0 0 537 505 413 356 317 558 13 12 21 
1878055154 0 0 0 0 538 488 413 352 310 516 12 10 20 
1880532866 0 0 0 0 534 495 413 356 307 476 12 10 19 
1883050460 0 0 0 0 539 494 416 371 312 441 14 11 17 
1885571142 0 0 0 0 537 503 412 388 313 402 15 12 15 
1888050848 0 0 0 0 541 506 407 387 307 356 15 12 12 
1890569248 0 0 0 0 539 516 408 369 303 307 14 13 11 
1893089642 0 0 0 0 544 511 418 350 298 272 13 10 11 
1895569100 0 0 0 0 537 519 411 350 314 247 14 11 10 
1898085630 0 0 0 0 536 513 416 359 329 234 14 13 9 
1900604682 0 0 0 0 525 518 412 369 354 222 14 14 8 
1903081218 0 0 0 0 521 521 415 396 370 214 15 13 8 
1905597606 0 0 0 0 474 516 405 431 368 195 17 13 8 
1908114806 0 0 0 0 477 522 422 451 344 179 17 14 7 
1910593988 0 0 0 0 439 507 424 463 303 188 17 11 7 
1913111188 0 0 0 0 457 501 438 445 260 224 17 10 9 
1915629576 0 0 0 0 443 506 429 427 230 287 17 9 11 
1918145584 0 0 0 0 448 502 412 391 189 335 15 8 12 
1920623614 0 0 0 0 477 481 388 364 189 363 15 8 15 
1923141572 0 0 0 0 491 486 390 367 241 369 13 10 13 
1925659560 0 0 0 0 524 493 406 378 264 394 14 11 15 
1928138746 0 0 0 0 535 509 408 405 271 428 15 11 17 
1930655954 0 0 0 0 528 505 413 416 295 471 16 12 18 
1933173016 0 0 0 0 524 503 415 409 312 511 15 13 19 
1935650736 0 0 0 0 527 509 413 400 318 531 15 13 21 
1938165530 0 0 0 0 527 511 419 390 325 533 15 13 21 
1940684018 0 0 0 0 524 510 409 385 330 539 15 13 21 
1943162318 0 0 0 0 518 508 410 375 340 557 15 13 21 
1945680318 0 0 0 0 513 506 416 370 326 585 13 12 23 
1948197512 0 0 0 0 512 507 411 381 319 603 15 12 24 
1950676306 0 0 0 0 512 527 402 411 348 574 15 14 24 
1953233900 0 0 0 0 511 502 416 427 363 528 17 15 21 
1955712694 0 0 0 0 493 520 416 415 336 563 16 13 21 
1958229482 0 0 0 0 502 528 405 401 343 599 15 13 23 
1960747108 0 0 0 0 508 532 401 382 346 611 15 13 24 
1963226270 0 0 0 0 503 538 406 368 343 598 13 13 24 
1965744670 0 0 0 0 490 535 407 357 338 575 14 13 21 
1968261108 0 0 0 0 492 526 410 345 319 555 14 12 21 
1970738564 0 0 0 0 494 521 413 332 304 544 13 12 21 
1973256652 0 0 0 0 493 518 409 322 293 543 11 13 21 
1975775434 0 0 0 0 502 504 413 306 288 554 12 10 22 
1978255060 0 0 0 0 512 499 411 305 281 561 11 10 22 
1980773034 0 0 0 0 520 487 413 320 273 558 12 11 21 
1983289828 0 0 0 0 524 482 412 346 272 547 14 10 21 
1985766216 0 0 0 0 525 479 415 376 278 526 15 11 21 
1988282618 0 0 0 0 528 475 413 400 292 507 15 11 19 
1990799412 0 0 0 0 527 478 413 408 312 499 15 12 19 
1993279406 0 0 0 0 525 490 405 409 331 495 15 12 19 
1995796200 0 0 0 0 523 490 410 403 341 495 15 14 20 
1998314988 0 0 0 0 514 493 403 390 341 495 15 14 19 
2000793782 0 0 0 0 510 495 403 379 335 494 15 13 19 
2003312170 0 0 0 0 506 495 403 375 324 487 15 12 19 
2005830444 0 0 0 0 505 494 401 375 316 477 14 12 19 
2008309364 0 0 0 0 505 495 403 377 310 465 14 11 18 
2010826952 0 0 0 0 504 495 404 376 308 453 15 11 17 
2013346152 0 0 0 0 503 492 405 378 313 448 15 13 17 
2015823346 0 0 0 0 505 495 403 376 317 450 15 13 17 
2018339740 0 0 0 0 504 493 407 373 320 463 14 11 18 
2020856940 0 0 0 0 506 495 402 370 314 474 14 12 19 
2023373322 0 0 0 0 508 494 407 373 310 483 14 12 19 
2025851322 0 0 0 0 507 491 405 378 306 489 15 11 20 
2028370916 0 0 0 0 509 495 407 382 305 492 15 11 19 
2030886904 0 0 0 0 505 495 407 385 304 491 14 11 19 
2033367698 0 0 0 0 507 496 405 386 305 489 15 11 19 
2035886492 0 0 0 0 507 499 405 386 308 486 15 11 20 
2038364100 0 0 0 0 509 501 407 383 309 484 15 12 19 
2040884088 0 0 0 0 509 500 405 379 308 483 15 12 19 
2043401276 0 0 0 0 509 502 406 375 308 482 14 12 19 
2045881820 0 0 0 0 511 499 407 373 308 482 14 12 19 
2048397270 0 0 0 0 511 498 406 373 310 482 14 12 19 
2050913952 0 0 0 0 511 500 406 376 312 483 14 12 19 
2053393664 0 0 0 0 510 498 406 377 315 484 14 12 19 
2055911158 0 0 0 0 508 500 406 376 316 486 15 12 19 
2058428140 0 0 0 0 508 500 407 375 312 486 15 12 20 
2060905646 0 0 0 0 506 498 406 374 310 487 15 12 20 
2063422040 0 0 0 0 507 499 407 374 309 487 16 12 19 
2065939236 0 0 0 0 506 499 408 376 309 486 14 12 19 
2068417216 0 0 0 0 506 498 407 376 311 485 14 12 20 
2070934818 0 0 0 0 508 498 407 376 311 484 15 13 19 
2073452842 0 0 0 0 508 498 406 377 311 482 15 11 19 
2075932674 0 0 0 0 507 499 406 377 313 483 15 12 19 
2078450800 0 0 0 0 506 497 406 375 314 484 14 12 19 
2080968800 0 0 0 0 506 499 406 374 313 485 15 12 19 
2083445876 0 0 0 0 505 498 405 374 313 487 15 12 19 
2085963450 0 0 0 0 506 497 407 375 311 487 15 12 20 
2088480382 0 0 0 0 506 498 405 377 310 487 14 12 19 
2090996770 0 0 0 0 505 498 406 377 310 488 15 12 19 
2093475558 0 0 0 0 505 498 406 378 308 489 15 11 19 
2095994758 0 0 0 0 504 500 408 378 307 490 15 11 20 
2098472628 0 0 0 0 506 499 408 378 306 489 15 11 20 
2100988352 0 0 0 0 505 500 407 378 307 489 14 11 19 
2103504340 0 0 0 0 509 499 408 377 309 488 15 11 19 
2106021716 0 0 0 0 508 500 405 378 310 488 15 11 20 
2108499128 0 0 0 0 508 501 406 378 312 487 15 12 20 
2111015530 0 0 0 0 507 501 405 377 312 488 14 12 19 
2113534324 0 0 0 0 505 503 405 376 312 488 15 12 19 
2116013510 0 0 0 0 505 500 406 374 312 489 15 12 19 
2118530536 0 0 0 0 504 501 406 373 310 491 14 11 20 
2121047900 0 0 0 0 505 499 407 374 309 491 15 11 19 
2123525100 0 0 0 0 505 499 407 375 307 490 15 11 19 
2126044288 0 0 0 0 505 498 407 378 306 489 14 11 19 
2128562688 0 0 0 0 506 500 408 379 308 489 15 11 20 
2131040276 0 0 0 0 506 501 407 378 308 488 15 12 20 
2133557870 0 0 0 0 506 500 408 378 310 488 15 12 19 
2136076664 0 0 0 0 507 501 405 377 310 489 14 12 19 
2138555464 0 0 0 0 507 501 408 378 310 488 14 12 19 
2141073858 0 0 0 0 507 501 406 377 308 488 15 12 20 
2143554652 0 0 0 0 507 501 407 377 308 488 15 11 20 
2146072246 0 0 0 0 507 501 407 377 309 489 15 11 19 
1106586 0 0 0 0 508 501 408 377 310 489 14 11 19 
3582986 0 0 0 0 507 501 408 379 311 489 14 11 19 
6101374 0 0 0 0 507 503 408 379 312 489 15 12 20 
8621262 0 0 0 0 507 505 404 381 312 489 15 11 19 
11100562 0 0 0 0 503 507 400 384 312 488 15 11 19 
13619070 0 0 0 0 505 505 404 390 309 485 15 10 19 
16137244 0 0 0 0 508 501 407 393 307 484 15 12 19 
18615352 0 0 0 0 508 505 408 389 308 485 15 12 19 
21131346 0 0 0 0 509 510 410 386 307 485 15 13 19 
23649328 0 0 0 0 506 515 408 386 309 485 15 10 19 
26128822 0 0 0 0 507 514 410 382 311 486 15 10 19 
28645802 0 0 0 0 507 516 408 380 313 488 15 12 20 
31163316 0 0 0 0 508 515 408 377 312 488 14 12 19 
33682116 0 0 0 0 506 513 407 371 310 489 14 12 19 
36198910 0 0 0 0 507 509 405 364 309 489 14 12 20 
38717604 0 0 0 0 505 511 404 362 309 492 14 12 19 
41234086 0 0 0 0 505 513 404 365 310 493 14 12 19 
43713286 0 0 0 0 504 510 405 367 310 494 14 12 19 
46230480 0 0 0 0 507 505 410 368 308 497 14 12 20 
48744874 0 0 0 0 508 501 408 372 304 496 14 12 19 
51224062 0 0 0 0 510 504 406 377 302 493 15 11 19 
53740856 0 0 0 0 509 505 406 384 304 489 15 11 19 
56257662 0 0 0 0 509 509 407 385 308 486 15 11 20 
58736050 0 0 0 0 509 512 406 384 309 484 14 11 19 
61254044 0 0 0 0 510 510 410 375 310 485 15 11 19 
63769232 0 0 0 0 510 511 409 370 311 485 14 11 19 
66249240 0 0 0 0 511 510 408 368 313 483 14 12 19 
68766428 0 0 0 0 509 507 406 369 314 482 15 13 19 
71283622 0 0 0 0 510 506 408 371 315 480 13 11 19 
73761216 0 0 0 0 507 506 406 373 316 481 13 11 19 
76278816 0 0 0 0 506 506 406 371 315 482 13 12 19 
78794304 0 0 0 0 505 505 406 370 314 484 15 13 19 
81274792 0 0 0 0 505 504 406 369 312 485 15 12 19 
83790398 0 0 0 0 505 503 406 370 309 486 14 11 19 
86307986 0 0 0 0 505 502 405 374 308 487 14 11 19 
88787186 0 0 0 0 506 502 406 378 307 487 14 12 19 
91306780 0 0 0 0 506 504 407 381 307 488 15 12 20 
93823436 0 0 0 0 507 504 407 381 307 489 15 12 19 
96301556 0 0 0 0 507 506 407 380 306 489 15 12 19 
98819488 0 0 0 0 509 504 407 377 307 490 14 12 19 
101336756 0 0 0 0 508 505 406 376 309 490 15 12 20 
103853944 0 0 0 0 508 506 406 376 311 490 15 12 19 
106333544 0 0 0 0 508 504 407 375 312 489 15 13 19 
108851620 0 0 0 0 507 505 405 376 313 488 14 11 19 
111329520 0 0 0 0 506 504 406 375 312 488 14 11 19 
113847520 0 0 0 0 507 505 406 374 311 488 14 11 20 
116366722 0 0 0 0 505 504 405 373 312 488 14 13 19 
118845508 0 0 0 0 507 504 408 375 310 488 15 11 19 
121365502 0 0 0 0 505 502 406 375 310 488 15 11 19 
123883898 0 0 0 0 506 504 407 376 310 487 14 11 20 
126362292 0 0 0 0 506 504 408 377 309 487 14 12 20 
128879886 0 0 0 0 506 504 407 376 308 487 15 12 19 
131400286 0 0 0 0 506 504 407 376 309 487 15 12 19 
133877080 0 0 0 0 506 504 406 376 310 487 15 12 19 
136394274 0 0 0 0 506 505 406 376 310 488 14 12 20 
138912668 0 0 0 0 506 504 407 376 311 488 15 12 19 
141389862 0 0 0 0 507 505 405 376 310 487 15 11 19 
143906250 0 0 0 0 506 505 406 375 310 488 15 11 19 
146423444 0 0 0 0 507 504 406 374 310 489 14 11 20 
148902632 0 0 0 0 506 505 407 373 309 489 13 11 20 
151421038 0 0 0 0 504 504 408 373 309 489 14 11 19 
153938644 0 0 0 0 503 503 408 371 308 488 14 11 19 
156416226 0 0 0 0 506 503 406 372 306 487 14 12 19 
158936214 0 0 0 0 506 503 408 373 306 485 14 12 18 
161454796 0 0 0 0 509 500 411 371 304 485 14 12 19 
163933078 0 0 0 0 509 503 416 363 299 485 14 12 19 
166449796 0 0 0 0 510 501 418 354 288 480 12 12 19 
168964190 0 0 0 0 512 498 421 345 272 477 15 11 19 
171482578 0 0 0 0 513 488 386 336 265 479 13 10 19 
173960178 0 0 0 0 524 487 393 338 308 482 13 12 19 
176478166 0 0 0 0 531 477 397 350 355 482 13 14 19 
178996172 0 0 0 0 518 477 409 347 361 484 13 14 19 
181476560 0 0 0 0 508 478 410 345 340 487 14 14 19 
183995354 0 0 0 0 505 472 412 346 316 491 14 13 19 
186474156 0 0 0 0 505 464 409 364 309 496 14 13 19 
188991750 0 0 0 0 505 459 409 380 314 499 15 11 20 
191507736 0 0 0 0 503 462 411 391 317 498 15 12 19 
194025212 0 0 0 0 501 469 412 394 316 496 15 13 19 
196502226 0 0 0 0 500 473 414 395 310 494 15 12 19 
199019712 0 0 0 0 501 475 410 396 310 494 15 12 20 
201539094 0 0 0 0 502 477 409 397 307 495 15 12 19 
204018114 0 0 0 0 503 481 408 396 306 496 15 12 19 
206536508 0 0 0 0 504 485 407 395 305 494 15 12 19 
209051696 0 0 0 0 505 488 407 390 307 492 15 12 20 
211531690 0 0 0 0 504 488 404 383 308 488 15 11 20 
214048084 0 0 0 0 505 488 406 375 310 487 14 11 19 
216566078 0 0 0 0 505 488 405 371 312 487 13 12 19 
219042472 0 0 0 0 503 484 407 369 310 489 13 11 19 
221561272 0 0 0 0 504 484 408 372 308 492 14 11 20 
224079260 0 0 0 0 505 485 408 377 308 493 14 12 20 
226560054 0 0 0 0 504 483 407 381 311 492 15 12 19 
229077254 0 0 0 0 504 488 405 382 311 490 15 12 19 
231555242 0 0 0 0 503 485 407 380 311 489 15 11 19 
234073236 0 0 0 0 502 489 405 379 311 491 14 11 20 
236590430 0 0 0 0 503 488 407 379 309 491 15 11 19 
239107224 0 0 0 0 504 489 407 379 307 490 15 11 19 
241587624 0 0 0 0 504 489 407 378 305 489 15 12 19 
244105724 0 0 0 0 506 489 406 377 308 490 14 12 20 
246620806 0 0 0 0 506 489 408 378 309 490 15 12 19 
249100000 0 0 0 0 505 490 408 378 311 490 15 12 19 
251616400 0 0 0 0 504 490 409 379 310 489 15 12 19 
254135588 0 0 0 0 504 489 407 378 311 490 14 12 20 
256614388 0 0 0 0 504 490 406 379 311 489 14 11 20 
259131576 0 0 0 0 504 491 407 379 313 489 15 12 19 
261650484 0 0 0 0 504 491 407 378 312 488 15 12 19 
264130390 0 0 0 0 503 491 405 378 309 489 15 12 19 
266645566 0 0 0 0 505 492 404 379 308 490 14 13 20 
269161960 0 0 0 0 504 491 405 379 308 490 15 10 19 
271641148 0 0 0 0 505 491 407 379 308 490 15 10 19 
274157534 0 0 0 0 504 492 406 379 310 490 15 12 19 
276673942 0 0 0 0 505 494 408 378 310 489 14 13 20 
279152730 0 0 0 0 503 493 406 378 310 489 14 13 20 
281671130 0 0 0 0 504 494 408 377 308 488 15 10 19 
284188318 0 0 0 0 504 492 406 377 310 489 15 12 19 
286665762 0 0 0 0 505 494 406 377 311 489 15 12 19 
289183250 0 0 0 0 505 493 406 376 311 488 14 12 20 
291700300 0 0 0 0 505 494 406 376 311 489 15 11 19 
294179032 0 0 0 0 504 494 407 375 311 488 15 12 19 
296694288 0 0 0 0 504 493 405 375 310 489 15 12 19 
299212676 0 0 0 0 504 493 407 375 310 489 14 12 20 
301692358 0 0 0 0 503 492 406 375 309 489 14 12 20 
304209870 0 0 0 0 503 493 406 376 309 489 15 12 19 
306728258 0 0 0 0 504 492 407 377 308 489 15 12 19 
309205864 0 0 0 0 505 494 407 378 308 488 15 11 19 
311725046 0 0 0 0 505 492 406 378 309 488 14 11 20 
314243046 0 0 0 0 506 494 406 378 311 489 15 11 19 
316721034 0 0 0 0 505 494 407 376 312 490 15 12 19 
319237040 0 0 0 0 505 495 406 376 313 490 15 12 19 
321753028 0 0 0 0 504 494 406 375 312 490 14 12 20 
324230060 0 0 0 0 503 494 407 375 310 489 14 12 20 
326748222 0 0 0 0 503 492 405 375 310 488 15 12 19 
329268216 0 0 0 0 504 494 407 376 309 488 15 12 19 
331745012 0 0 0 0 504 494 406 376 309 488 15 12 19 
334263006 0 0 0 0 504 494 408 377 309 489 14 12 20 
336782642 0 0 0 0 505 493 406 376 309 489 15 12 19 
339260588 0 0 0 0 504 494 407 377 310 489 15 11 19 
341778588 0 0 0 0 504 494 408 377 310 489 15 11 19 
344296176 0 0 0 0 504 494 406 377 309 488 14 11 20 
346774970 0 0 0 0 504 494 408 376 311 488 14 11 20 
349289370 0 0 0 0 504 494 406 375 311 489 15 12 19 
351808964 0 0 0 0 504 493 406 375 311 489 15 10 19 
354286546 0 0 0 0 503 494 405 376 311 490 15 11 19 
356803582 0 0 0 0 502 493 406 375 310 490 14 12 20 
359320540 0 0 0 0 502 493 406 375 309 489 15 13 19 
361800540 0 0 0 0 503 493 407 376 309 489 15 13 19 
364319734 0 0 0 0 503 492 406 377 309 488 15 10 19 
366837722 0 0 0 0 502 494 408 378 310 489 14 12 20 
369316516 0 0 0 0 503 492 408 377 308 489 14 12 20 
371834240 0 0 0 0 504 494 406 377 309 489 15 13 19 
374352372 0 0 0 0 503 494 407 377 309 487 15 10 19 
376830104 0 0 0 0 504 495 407 377 311 488 15 10 19 
379349586 0 0 0 0 504 494 407 376 309 488 14 12 20 
381865168 0 0 0 0 504 495 405 377 309 489 15 13 19 
384342480 0 0 0 0 504 494 406 377 309 489 15 13 19 
386861562 0 0 0 0 503 496 405 377 310 490 15 10 19 
389377268 0 0 0 0 504 494 407 377 309 489 14 12 20 
391858062 0 0 0 0 504 496 405 377 308 488 14 12 20 
394374468 0 0 0 0 504 495 407 376 308 488 15 13 19 
396893244 0 0 0 0 505 496 406 376 309 489 15 10 19 
399369250 0 0 0 0 505 496 408 376 308 489 15 10 19 
401887638 0 0 0 0 505 495 406 375 308 490 14 12 20 
404404038 0 0 0 0 504 495 406 376 307 490 15 13 19 
406882826 0 0 0 0 505 494 406 376 308 490 15 13 19 
409401214 0 0 0 0 505 495 407 377 308 489 15 10 19 
411920014 0 0 0 0 505 493 406 376 308 489 14 12 20 
414398096 0 0 0 0 506 496 408 377 308 488 14 12 20 
416916940 0 0 0 0 506 494 406 377 308 488 15 13 19 
419434402 0 0 0 0 506 496 407 377 310 489 15 10 19 
421913304 0 0 0 0 507 495 406 377 309 489 15 10 19 
424432378 0 0 0 0 508 497 405 377 309 488 14 12 20 
426950784 0 0 0 0 507 496 405 376 309 489 15 13 19 
429428778 0 0 0 0 507 496 405 377 310 489 15 13 19 
431947054 0 0 0 0 507 496 405 375 308 488 15 10 19 
434465160 0 0 0 0 506 496 406 376 309 489 14 12 20 
436941154 0 0 0 0 508 496 407 375 307 489 14 12 20 
439455948 0 0 0 0 507 495 406 375 310 489 15 13 19 
441974742 0 0 0 0 506 496 409 376 310 489 15 10 19 
444451544 0 0 0 0 507 496 407 377 310 488 15 10 19 
446969524 0 0 0 0 507 496 407 377 309 487 14 12 20 
449487924 0 0 0 0 508 496 408 377 309 488 15 13 19 
451969912 0 0 0 0 508 496 407 377 310 489 15 13 19 
454487906 0 0 0 0 507 496 406 378 311 490 15 11 19 
457006714 0 0 0 0 508 497 407 377 310 489 14 12 20 
459484414 0 0 0 0 507 496 406 376 309 489 14 11 20 
462002882 0 0 0 0 506 497 406 376 310 489 15 11 19 
464521482 0 0 0 0 507 496 406 376 308 489 15 11 19 
467000276 0 0 0 0 507 497 404 376 310 489 15 11 19 
469516684 0 0 0 0 508 496 407 376 310 489 14 11 20 
472034684 0 0 0 0 508 497 406 376 308 490 15 11 19 
474513740 0 0 0 0 508 498 407 376 308 490 15 12 19 
477030260 0 0 0 0 507 497 407 375 307 490 15 12 19 
479545446 0 0 0 0 508 496 406 376 308 489 14 12 20 
482020654 0 0 0 0 508 496 407 375 309 489 14 12 20 
484538642 0 0 0 0 509 496 407 376 310 489 15 12 19 
487056236 0 0 0 0 508 495 407 376 310 489 15 12 19 
489535030 0 0 0 0 508 497 406 376 310 489 15 11 19 
492051024 0 0 0 0 508 496 407 375 309 489 14 11 20 
494568212 0 0 0 0 509 496 407 375 309 488 15 11 19 
