1056327 1 2 2 4 5 6 7 8 9 10 11 12 13 
1056377 1 2 2 4 5 6 7 8 9 10 11 12 13 
1056427 1 2 2 4 5 6 7 8 9 10 11 12 13 
1056477 1 2 2 4 5 6 7 8 9 10 11 12 13 
1056528 1 2 2 4 5 6 7 8 9 10 11 12 13 
1056578 1 2 2 4 5 6 7 8 9 10 11 12 13 
1056628 1 2 2 4 5 6 7 8 9 10 11 12 13 
1056678 1 2 2 4 5 6 7 8 9 10 11 12 13 
1056728 1 2 2 4 5 6 7 8 9 10 11 12 13 
1056778 1 2 2 4 5 6 7 8 9 10 11 12 13 
1056828 1 2 2 4 5 6 7 8 9 10 11 12 13 
1056878 1 2 2 4 5 6 7 8 9 10 11 12 13 
1056931 1 2 2 4 5 6 7 8 9 10 11 12 13 
1056981 1 2 2 4 5 6 7 8 9 10 11 12 13 
1057032 1 2 2 4 5 6 7 8 9 10 11 12 13 
1057082 1 2 2 4 5 6 7 8 9 10 11 12 13 
1057132 1 2 2 4 5 6 7 8 9 10 11 12 13 
1057182 1 2 2 4 5 6 7 8 9 10 11 12 13 
1057232 1 2 2 4 5 6 7 8 9 10 11 12 13 
1057282 1 2 2 4 5 6 7 8 9 10 11 12 13 
1057332 1 2 2 4 5 6 7 8 9 10 11 12 13 
1057382 1 2 2 4 5 6 7 8 9 10 11 12 13 
1057432 1 2 2 4 5 6 7 8 9 10 11 12 13 
1057482 1 2 2 4 5 6 7 8 9 10 11 12 13 
1057532 1 2 2 4 5 6 7 8 9 10 11 12 13 
1057583 1 2 2 4 5 6 7 8 9 10 11 12 13 
1057634 1 2 2 4 5 6 7 8 9 10 11 12 13 
1057684 1 2 2 4 5 6 7 8 9 10 11 12 13 
1057734 1 2 2 4 5 6 7 8 9 10 11 12 13 
1057784 1 2 2 4 5 6 7 8 9 10 11 12 13 
1057834 1 2 2 4 5 6 7 8 9 10 11 12 13 
1057884 1 2 2 4 5 6 7 8 9 10 11 12 13 
1057934 1 2 2 4 5 6 7 8 9 10 11 12 13 
1057984 1 2 2 4 5 6 7 8 9 10 11 12 13 
1058035 1 2 2 4 5 6 7 8 9 10 11 12 13 
1058085 1 2 2 4 5 6 7 8 9 10 11 12 13 
1058135 1 2 2 4 5 6 7 8 9 10 11 12 13 
1058185 1 2 2 4 5 6 7 8 9 10 11 12 13 
1058235 1 2 2 4 5 6 7 8 9 10 11 12 13 
1058285 1 2 2 4 5 6 7 8 9 10 11 12 13 
1058335 1 2 2 4 5 6 7 8 9 10 11 12 13 
1058385 1 2 2 4 5 6 7 8 9 10 11 12 13 
1058435 1 2 2 4 5 6 7 8 9 10 11 12 13 
1058485 1 2 2 4 5 6 7 8 9 10 11 12 13 
1058536 1 2 2 4 5 6 7 8 9 10 11 12 13 
1058586 1 2 2 4 5 6 7 8 9 10 11 12 13 
1058636 1 2 2 4 5 6 7 8 9 10 11 12 13 
1058686 1 2 2 4 5 6 7 8 9 10 11 12 13 
1058736 1 2 2 4 5 6 7 8 9 10 11 12 13 
1058786 1 2 2 4 5 6 7 8 9 10 11 12 13 
1058836 1 2 2 4 5 6 7 8 9 10 11 12 13 
1058886 1 2 2 4 5 6 7 8 9 10 11 12 13 
1058936 1 2 2 4 5 6 7 8 9 10 11 12 13 
1058986 1 2 2 4 5 6 7 8 9 10 11 12 13 
1059036 1 2 2 4 5 6 7 8 9 10 11 12 13 
1059087 1 2 2 4 5 6 7 8 9 10 11 12 13 
1059137 1 2 2 4 5 6 7 8 9 10 11 12 13 
1059187 1 2 2 4 5 6 7 8 9 10 11 12 13 
1059237 1 2 2 4 5 6 7 8 9 10 11 12 13 
1059287 1 2 2 4 5 6 7 8 9 10 11 12 13 
1059337 1 2 2 4 5 6 7 8 9 10 11 12 13 
1059387 1 2 2 4 5 6 7 8 9 10 11 12 13 
1059437 1 2 2 4 5 6 7 8 9 10 11 12 13 
1059488 1 2 2 4 5 6 7 8 9 10 11 12 13 
1059538 1 2 2 4 5 6 7 8 9 10 11 12 13 
1059588 1 2 2 4 5 6 7 8 9 10 11 12 13 
1059638 1 2 2 4 5 6 7 8 9 10 11 12 13 
1059688 1 2 2 4 5 6 7 8 9 10 11 12 13 
1059738 1 2 2 4 5 6 7 8 9 10 11 12 13 
1059789 1 2 2 4 5 6 7 8 9 10 11 12 13 
1059839 1 2 2 4 5 6 7 8 9 10 11 12 13 
1059889 1 2 2 4 5 6 7 8 9 10 11 12 13 
1059939 1 2 2 4 5 6 7 8 9 10 11 12 13 
1059989 1 2 2 4 5 6 7 8 9 10 11 12 13 
1060039 1 2 2 4 5 6 7 8 9 10 11 12 13 
1060089 1 2 2 4 5 6 7 8 9 10 11 12 13 
1060139 1 2 2 4 5 6 7 8 9 10 11 12 13 
1060189 1 2 2 4 5 6 7 8 9 10 11 12 13 
1060239 1 2 2 4 5 6 7 8 9 10 11 12 13 
1060289 1 2 2 4 5 6 7 8 9 10 11 12 13 
1060340 1 2 2 4 5 6 7 8 9 10 11 12 13 
1060390 1 2 2 4 5 6 7 8 9 10 11 12 13 
1060440 1 2 2 4 5 6 7 8 9 10 11 12 13 
1060490 1 2 2 4 5 6 7 8 9 10 11 12 13 
1060540 1 2 2 4 5 6 7 8 9 10 11 12 13 
1060590 1 2 2 4 5 6 7 8 9 10 11 12 13 
1060640 1 2 2 4 5 6 7 8 9 10 11 12 13 
1060690 1 2 2 4 5 6 7 8 9 10 11 12 13 
1060740 1 2 2 4 5 6 7 8 9 10 11 12 13 
1060790 1 2 2 4 5 6 7 8 9 10 11 12 13 
1060840 1 2 2 4 5 6 7 8 9 10 11 12 13 
1060891 1 2 2 4 5 6 7 8 9 10 11 12 13 
1060941 1 2 2 4 5 6 7 8 9 10 11 12 13 
1060991 1 2 2 4 5 6 7 8 9 10 11 12 13 
1061041 1 2 2 4 5 6 7 8 9 10 11 12 13 
1061091 1 2 2 4 5 6 7 8 9 10 11 12 13 
1061142 1 2 2 4 5 6 7 8 9 10 11 12 13 
1061192 1 2 2 4 5 6 7 8 9 10 11 12 13 
1061242 1 2 2 4 5 6 7 8 9 10 11 12 13 
1061292 1 2 2 4 5 6 7 8 9 10 11 12 13 
1061342 1 2 2 4 5 6 7 8 9 10 11 12 13 
1061392 1 2 2 4 5 6 7 8 9 10 11 12 13 
1061442 1 2 2 4 5 6 7 8 9 10 11 12 13 
1061492 1 2 2 4 5 6 7 8 9 10 11 12 13 
1061542 1 2 2 4 5 6 7 8 9 10 11 12 13 
1061592 1 2 2 4 5 6 7 8 9 10 11 12 13 
1061642 1 2 2 4 5 6 7 8 9 10 11 12 13 
1061692 1 2 2 4 5 6 7 8 9 10 11 12 13 
1061743 1 2 2 4 5 6 7 8 9 10 11 12 13 
1061793 1 2 2 4 5 6 7 8 9 10 11 12 13 
1061843 1 2 2 4 5 6 7 8 9 10 11 12 13 
1061893 1 2 2 4 5 6 7 8 9 10 11 12 13 
1061943 1 2 2 4 5 6 7 8 9 10 11 12 13 
1061993 1 2 2 4 5 6 7 8 9 10 11 12 13 
1062043 1 2 2 4 5 6 7 8 9 10 11 12 13 
1062093 1 2 2 4 5 6 7 8 9 10 11 12 13 
1062143 1 2 2 4 5 6 7 8 9 10 11 12 13 
1062193 1 2 2 4 5 6 7 8 9 10 11 12 13 
1062243 1 2 2 4 5 6 7 8 9 10 11 12 13 
1062294 1 2 2 4 5 6 7 8 9 10 11 12 13 
1062344 1 2 2 4 5 6 7 8 9 10 11 12 13 
1062394 1 2 2 4 5 6 7 8 9 10 11 12 13 
1062444 1 2 2 4 5 6 7 8 9 10 11 12 13 
1062494 1 2 2 4 5 6 7 8 9 10 11 12 13 
1062544 1 2 2 4 5 6 7 8 9 10 11 12 13 
1062594 1 2 2 4 5 6 7 8 9 10 11 12 13 
1062644 1 2 2 4 5 6 7 8 9 10 11 12 13 
1062694 1 2 2 4 5 6 7 8 9 10 11 12 13 
1062744 1 2 2 4 5 6 7 8 9 10 11 12 13 
1062795 1 2 2 4 5 6 7 8 9 10 11 12 13 
1062845 1 2 2 4 5 6 7 8 9 10 11 12 13 
1062895 1 2 2 4 5 6 7 8 9 10 11 12 13 
1062945 1 2 2 4 5 6 7 8 9 10 11 12 13 
1062995 1 2 2 4 5 6 7 8 9 10 11 12 13 
1063045 1 2 2 4 5 6 7 8 9 10 11 12 13 
1063095 1 2 2 4 5 6 7 8 9 10 11 12 13 
1063145 1 2 2 4 5 6 7 8 9 10 11 12 13 
1063195 1 2 2 4 5 6 7 8 9 10 11 12 13 
1063245 1 2 2 4 5 6 7 8 9 10 11 12 13 
1063295 1 2 2 4 5 6 7 8 9 10 11 12 13 
1063346 1 2 2 4 5 6 7 8 9 10 11 12 13 
1063396 1 2 2 4 5 6 7 8 9 10 11 12 13 
1063446 1 2 2 4 5 6 7 8 9 10 11 12 13 
1063496 1 2 2 4 5 6 7 8 9 10 11 12 13 
1063546 1 2 2 4 5 6 7 8 9 10 11 12 13 
1063596 1 2 2 4 5 6 7 8 9 10 11 12 13 
1063646 1 2 2 4 5 6 7 8 9 10 11 12 13 
1063696 1 2 2 4 5 6 7 8 9 10 11 12 13 
1063746 1 2 2 4 5 6 7 8 9 10 11 12 13 
1063796 1 2 2 4 5 6 7 8 9 10 11 12 13 
1063846 1 2 2 4 5 6 7 8 9 10 11 12 13 
1063897 1 2 2 4 5 6 7 8 9 10 11 12 13 
1063947 1 2 2 4 5 6 7 8 9 10 11 12 13 
1063997 1 2 2 4 5 6 7 8 9 10 11 12 13 
1064047 1 2 2 4 5 6 7 8 9 10 11 12 13 
1064097 1 2 2 4 5 6 7 8 9 10 11 12 13 
1064147 1 2 2 4 5 6 7 8 9 10 11 12 13 
1064197 1 2 2 4 5 6 7 8 9 10 11 12 13 
1064247 1 2 2 4 5 6 7 8 9 10 11 12 13 
1064297 1 2 2 4 5 6 7 8 9 10 11 12 13 
1064347 1 2 2 4 5 6 7 8 9 10 11 12 13 
1064398 1 2 2 4 5 6 7 8 9 10 11 12 13 
1064448 1 2 2 4 5 6 7 8 9 10 11 12 13 
1064498 1 2 2 4 5 6 7 8 9 10 11 12 13 
1064548 1 2 2 4 5 6 7 8 9 10 11 12 13 
1064598 1 2 2 4 5 6 7 8 9 10 11 12 13 
1064648 1 2 2 4 5 6 7 8 9 10 11 12 13 
1064698 1 2 2 4 5 6 7 8 9 10 11 12 13 
1064748 1 2 2 4 5 6 7 8 9 10 11 12 13 
1064798 1 2 2 4 5 6 7 8 9 10 11 12 13 
1064848 1 2 2 4 5 6 7 8 9 10 11 12 13 
1064899 1 2 2 4 5 6 7 8 9 10 11 12 13 
1064949 1 2 2 4 5 6 7 8 9 10 11 12 13 
1064999 1 2 2 4 5 6 7 8 9 10 11 12 13 
1065049 1 2 2 4 5 6 7 8 9 10 11 12 13 
1065099 1 2 2 4 5 6 7 8 9 10 11 12 13 
1065149 1 2 2 4 5 6 7 8 9 10 11 12 13 
1065199 1 2 2 4 5 6 7 8 9 10 11 12 13 
1065249 1 2 2 4 5 6 7 8 9 10 11 12 13 
1065299 1 2 2 4 5 6 7 8 9 10 11 12 13 
1065349 1 2 2 4 5 6 7 8 9 10 11 12 13 
1065399 1 2 2 4 5 6 7 8 9 10 11 12 13 
1065450 1 2 2 4 5 6 7 8 9 10 11 12 13 
1065500 1 2 2 4 5 6 7 8 9 10 11 12 13 
1065550 1 2 2 4 5 6 7 8 9 10 11 12 13 
1065600 1 2 2 4 5 6 7 8 9 10 11 12 13 
1065650 1 2 2 4 5 6 7 8 9 10 11 12 13 
1065700 1 2 2 4 5 6 7 8 9 10 11 12 13 
1065750 1 2 2 4 5 6 7 8 9 10 11 12 13 
1065801 1 2 2 4 5 6 7 8 9 10 11 12 13 
1065851 1 2 2 4 5 6 7 8 9 10 11 12 13 
1065901 1 2 2 4 5 6 7 8 9 10 11 12 13 
1065951 1 2 2 4 5 6 7 8 9 10 11 12 13 
1066001 1 2 2 4 5 6 7 8 9 10 11 12 13 
1066051 1 2 2 4 5 6 7 8 9 10 11 12 13 
1066101 1 2 2 4 5 6 7 8 9 10 11 12 13 
1066152 1 2 2 4 5 6 7 8 9 10 11 12 13 
1066202 1 2 2 4 5 6 7 8 9 10 11 12 13 
1066252 1 2 2 4 5 6 7 8 9 10 11 12 13 
1066302 1 2 2 4 5 6 7 8 9 10 11 12 13 
1066352 1 2 2 4 5 6 7 8 9 10 11 12 13 
1066402 1 2 2 4 5 6 7 8 9 10 11 12 13 
1066452 1 2 2 4 5 6 7 8 9 10 11 0 0 0 0 0 0 0 0 0 3328 0 0 0 0 0 0 0 0 0 0 0 0 0 0 0 0 0 0 0 0 0 0 0 0 0 0 0 0 0 
