86476 0 0 0 0 0 0 0 0 0 0 10 5 1 
86526 0 0 0 0 0 0 0 0 0 0 10 5 1 
86576 0 0 0 0 0 0 0 0 0 0 10 5 1 
86626 0 0 0 0 0 0 0 0 0 0 10 5 1 
86676 0 0 0 0 0 0 0 0 0 0 10 5 1 
86726 0 0 0 0 0 0 0 0 0 0 10 5 1 
86776 0 0 0 0 0 0 0 0 0 0 10 5 1 
86826 0 0 0 0 0 0 0 0 0 0 10 5 1 
86877 0 0 0 0 0 0 0 0 0 0 10 5 1 
86927 0 0 0 0 0 0 0 0 0 0 10 5 1 
86977 0 0 0 0 0 0 0 0 0 0 10 5 1 
87027 0 0 0 0 0 0 0 0 0 0 10 5 1 
87077 0 0 0 0 0 0 0 0 0 0 10 5 1 
87127 0 0 0 0 0 0 0 0 0 0 10 5 1 
87178 0 0 0 0 0 0 0 0 0 0 10 5 1 
87228 0 0 0 0 0 0 0 0 0 0 10 5 1 
87278 0 0 0 0 0 0 0 0 0 0 10 5 1 
87328 0 0 0 0 0 0 0 0 0 0 10 5 1 
87378 0 0 0 0 0 0 0 0 0 0 10 5 1 
87428 0 0 0 0 0 0 0 0 0 0 10 5 1 
87478 0 0 0 0 0 0 0 0 0 0 10 5 1 
87528 0 0 0 0 0 0 0 0 0 0 10 5 1 
87578 0 0 0 0 0 0 0 0 0 0 10 5 1 
87629 0 0 0 0 0 0 0 0 0 0 10 5 1 
87679 0 0 0 0 0 0 0 0 0 0 10 5 1 
87730 0 0 0 0 0 0 0 0 0 0 10 5 1 
87780 0 0 0 0 0 0 0 0 0 0 10 5 1 
87830 0 0 0 0 0 0 0 0 0 0 10 5 1 
87880 0 0 0 0 0 0 0 0 0 0 10 5 1 
87931 0 0 0 0 0 0 0 0 0 0 10 5 1 
87981 0 0 0 0 0 0 0 0 0 0 10 5 1 
88031 0 0 0 0 0 0 0 0 0 0 10 5 1 
88081 0 0 0 0 0 0 0 0 0 0 10 5 1 
88131 0 0 0 0 0 0 0 0 0 0 10 5 1 
88181 0 0 0 0 0 0 0 0 0 0 10 5 1 
88231 0 0 0 0 0 0 0 0 0 0 10 5 1 
88281 0 0 0 0 0 0 0 0 0 0 10 5 1 
88331 0 0 0 0 0 0 0 0 0 0 10 5 1 
88382 0 0 0 0 0 0 0 0 0 0 10 5 1 
88432 0 0 0 0 0 0 0 0 0 0 10 5 1 
88482 0 0 0 0 0 0 0 0 0 0 10 5 1 
88533 0 0 0 0 0 0 0 0 0 0 10 5 1 
88584 0 0 0 0 0 0 0 0 0 0 10 5 1 
88634 0 0 0 0 0 0 0 0 0 0 10 5 1 
88684 0 0 0 0 0 0 0 0 0 0 10 5 1 
88734 0 0 0 0 0 0 0 0 0 0 10 5 1 
88788 0 0 0 0 0 0 0 0 0 0 10 5 1 
88838 0 0 0 0 0 0 0 0 0 0 10 5 1 
88888 0 0 0 0 0 0 0 0 0 0 10 5 1 
88938 0 0 0 0 0 0 0 0 0 0 10 5 1 
88988 0 0 0 0 0 0 0 0 0 0 10 5 1 
89038 0 0 0 0 0 0 0 0 0 0 10 5 1 
89089 0 0 0 0 0 0 0 0 0 0 10 5 1 
89139 0 0 0 0 0 0 0 0 0 0 10 5 1 
89189 0 0 0 0 0 0 0 0 0 0 10 5 1 
89239 0 0 0 0 0 0 0 0 0 0 10 5 1 
89290 0 0 0 0 0 0 0 0 0 0 10 5 1 
89340 0 0 0 0 0 0 0 0 0 0 10 5 1 
89390 0 0 0 0 0 0 0 0 0 0 10 5 1 
89440 0 0 0 0 0 0 0 0 0 0 10 5 1 
89490 0 0 0 0 0 0 0 0 0 0 10 5 1 
89540 0 0 0 0 0 0 0 0 0 0 10 5 1 
89590 0 0 0 0 0 0 0 0 0 0 10 5 1 
89641 0 0 0 0 0 0 0 0 0 0 10 5 1 
89691 0 0 0 0 0 0 0 0 0 0 10 5 1 
89741 0 0 0 0 0 0 0 0 0 0 10 5 1 
89794 0 0 0 0 0 0 0 0 0 0 10 5 1 
89844 0 0 0 0 0 0 0 0 0 0 10 5 1 
89894 0 0 0 0 0 0 0 0 0 0 10 5 1 
89944 0 0 0 0 0 0 0 0 0 0 10 5 1 
89994 0 0 0 0 0 0 0 0 0 0 10 5 1 
90044 0 0 0 0 0 0 0 0 0 0 10 5 1 
90098 0 0 0 0 0 0 0 0 0 0 10 5 1 
90148 0 0 0 0 0 0 0 0 0 0 10 5 1 
90198 0 0 0 0 0 0 0 0 0 0 10 5 1 
90249 0 0 0 0 0 0 0 0 0 0 10 5 1 
90299 0 0 0 0 0 0 0 0 0 0 10 5 1 
90349 0 0 0 0 0 0 0 0 0 0 10 5 1 
90399 0 0 0 0 0 0 0 0 0 0 10 5 1 
90449 0 0 0 0 0 0 0 0 0 0 10 5 1 
90499 0 0 0 0 0 0 0 0 0 0 10 5 1 
90550 0 0 0 0 0 0 0 0 0 0 10 5 1 
90600 0 0 0 0 0 0 0 0 0 0 10 5 1 
90650 0 0 0 0 0 0 0 0 0 0 10 5 1 
90700 0 0 0 0 0 0 0 0 0 0 10 5 1 
90751 0 0 0 0 0 0 0 0 0 0 10 5 1 
90801 0 0 0 0 0 0 0 0 0 0 10 5 1 
90852 0 0 0 0 0 0 0 0 0 0 10 5 1 
90902 0 0 0 0 0 0 0 0 0 0 10 5 1 
90953 0 0 0 0 0 0 0 0 0 0 10 5 1 
91003 0 0 0 0 0 0 0 0 0 0 10 5 1 
91053 0 0 0 0 0 0 0 0 0 0 10 5 1 
91103 0 0 0 0 0 0 0 0 0 0 10 5 1 
91153 0 0 0 0 0 0 0 0 0 0 10 5 1 
91203 0 0 0 0 0 0 0 0 0 0 10 5 1 
91253 0 0 0 0 0 0 0 0 0 0 10 5 1 
91303 0 0 0 0 0 0 0 0 0 0 10 5 1 
91353 0 0 0 0 0 0 0 0 0 0 10 5 1 
91406 0 0 0 0 0 0 0 0 0 0 10 5 1 
91456 0 0 0 0 0 0 0 0 0 0 10 5 1 
91507 0 0 0 0 0 0 0 0 0 0 10 5 1 
91557 0 0 0 0 0 0 0 0 0 0 10 5 1 
91607 0 0 0 0 0 0 0 0 0 0 10 5 1 
91658 0 0 0 0 0 0 0 0 0 0 10 5 1 
91710 0 0 0 0 0 0 0 0 0 0 10 5 1 
91760 0 0 0 0 0 0 0 0 0 0 10 5 1 
91811 0 0 0 0 0 0 0 0 0 0 10 5 1 
91861 0 0 0 0 0 0 0 0 0 0 10 5 1 
