642945628 0 0 0 0 511 510 409 381 320 489 383 310 498 
645464950 0 0 0 0 510 508 407 380 320 490 383 310 498 
647510160 0 0 0 0 510 509 408 382 320 489 383 310 498 
647942954 0 0 0 0 509 509 408 382 320 490 383 310 498 
650027352 0 0 0 0 511 509 408 382 319 490 383 310 498 
650458952 0 0 0 0 511 509 408 383 319 490 383 310 498 
652544144 0 0 0 0 511 510 406 381 320 490 383 310 498 
652976156 0 0 0 0 511 510 406 380 320 490 383 310 498 
655061748 0 0 0 0 511 511 409 381 319 489 383 310 498 
655494142 0 0 0 0 511 510 408 381 319 489 383 310 498 
657970952 0 0 0 0 511 510 405 379 319 490 383 310 498 
660173750 0 0 0 0 509 510 407 381 318 488 383 310 498 
660488544 0 0 0 0 509 510 407 382 318 488 383 310 498 
662691836 0 0 0 0 510 511 405 381 318 488 383 310 498 
663006942 0 0 0 0 510 511 405 380 319 488 383 310 498 
665210140 0 0 0 0 508 509 407 379 320 489 383 310 498 
665485608 0 0 0 0 509 509 407 379 320 489 383 310 498 
667727732 0 0 0 0 512 508 408 379 318 490 383 310 498 
668003744 0 0 0 0 510 508 409 379 318 490 383 310 498 
670522136 0 0 0 0 512 506 408 378 315 492 383 310 498 
672884020 0 0 0 0 514 507 411 381 312 492 383 309 498 
673041326 0 0 0 0 514 507 410 381 312 491 383 306 498 
675363338 0 0 0 0 517 506 408 382 313 489 383 308 498 
675560606 0 0 0 0 516 505 408 382 313 488 383 308 498 
677880934 0 0 0 0 519 506 407 382 318 487 383 308 498 
678077734 0 0 0 0 519 506 407 382 318 487 383 308 498 
680398932 0 0 0 0 518 508 406 384 323 486 383 308 498 
680595326 0 0 0 0 518 508 405 384 323 486 383 312 498 
683034524 0 0 0 0 517 507 404 385 329 486 387 339 497 
685551728 0 0 0 0 513 508 406 387 329 486 398 339 498 
685669316 0 0 0 0 512 507 406 387 329 486 398 339 498 
688069326 0 0 0 0 510 509 407 389 324 486 398 339 498 
688186926 0 0 0 0 511 509 407 389 324 486 398 339 498 
690547324 0 0 0 0 511 510 406 389 320 487 398 310 498 
690665318 0 0 0 0 511 510 407 389 320 487 398 310 498 
693064116 0 0 0 0 511 513 407 386 319 488 398 310 498 
695542120 0 0 0 0 511 513 409 382 320 488 388 310 498 
695739714 0 0 0 0 510 512 409 382 320 488 388 310 498 
695857400 0 0 0 0 511 513 409 382 320 488 388 310 498 
698060506 0 0 0 0 511 512 409 380 320 488 388 310 498 
700578910 0 0 0 0 512 513 408 380 321 488 388 310 498 
700932916 0 0 0 0 512 512 408 380 320 488 388 310 498 
703096506 0 0 0 0 514 515 406 379 319 489 388 310 498 
703411306 0 0 0 0 515 515 407 379 319 490 388 310 498 
705575712 0 0 0 0 515 517 407 375 318 493 388 310 498 
705930098 0 0 0 0 515 517 405 374 318 493 388 310 498 
708093708 0 0 0 0 512 512 401 367 320 495 361 310 498 
708448102 0 0 0 0 512 511 400 366 320 495 361 310 498 
710613300 0 0 0 0 509 507 400 359 321 492 349 310 498 
713131698 0 0 0 0 510 504 406 362 313 487 349 310 498 
713603298 0 0 0 0 511 503 406 362 310 487 362 305 498 
715608502 0 0 0 0 513 501 404 366 302 488 362 299 498 
716080890 0 0 0 0 513 500 404 367 301 488 362 299 498 
718127688 0 0 0 0 515 499 403 370 292 492 362 299 498 
718600500 0 0 0 0 515 499 403 372 291 494 362 299 498 
720645580 0 0 0 0 518 499 404 376 284 497 384 288 498 
721116892 0 0 0 0 519 499 403 377 283 498 384 288 498 
723122890 0 0 0 0 523 498 403 378 283 498 384 288 498 
725640482 0 0 0 0 528 498 408 382 283 500 384 288 498 
726270194 0 0 0 0 529 498 407 382 283 500 384 288 498 
728158880 0 0 0 0 532 497 409 382 281 501 384 288 498 
728788078 0 0 0 0 531 496 410 382 280 501 384 288 498 
730678490 0 0 0 0 532 500 414 385 276 501 384 288 498 
731307676 0 0 0 0 536 499 414 386 276 499 398 288 498 
733158400 0 0 0 0 540 498 415 385 277 500 396 288 498 
733786986 0 0 0 0 541 499 415 385 279 500 388 288 498 
735676472 0 0 0 0 545 501 415 382 285 500 388 288 498 
738193132 0 0 0 0 549 500 420 378 292 497 388 300 498 
738941676 0 0 0 0 550 498 421 378 294 497 388 300 498 
740673268 0 0 0 0 552 496 421 377 297 496 388 300 498 
741461280 0 0 0 0 553 494 421 376 295 496 388 300 498 
743192878 0 0 0 0 555 496 423 376 291 494 388 300 498 
743940478 0 0 0 0 556 496 423 376 289 493 388 300 498 
745712476 0 0 0 0 559 496 425 373 284 491 387 285 498 
746459264 0 0 0 0 561 495 425 373 282 491 363 285 498 
748228874 0 0 0 0 563 493 425 369 278 491 363 285 498 
750705266 0 0 0 0 569 493 428 364 274 490 363 285 498 
751650184 0 0 0 0 571 494 430 362 273 489 363 263 498 
753224864 0 0 0 0 574 493 433 359 272 489 349 263 498 
754129670 0 0 0 0 576 490 435 357 271 488 349 263 498 
755743162 0 0 0 0 579 489 440 357 272 486 349 263 498 
756648060 0 0 0 0 579 487 442 358 272 484 349 263 486 
758222572 0 0 0 0 583 483 445 361 270 482 349 263 486 
759167258 0 0 0 0 584 482 446 363 271 481 359 263 486 
760741658 0 0 0 0 586 482 450 365 274 478 359 265 486 
763259254 0 0 0 0 591 483 455 370 279 479 359 286 486 
764322372 0 0 0 0 593 484 458 371 282 480 359 286 486 
765739246 0 0 0 0 595 484 459 372 286 483 359 286 486 
766842058 0 0 0 0 597 484 463 374 290 485 369 300 486 
768257644 0 0 0 0 597 486 462 374 295 485 387 300 493 
769359650 0 0 0 0 596 487 464 375 298 485 387 300 488 
770775642 0 0 0 0 597 485 466 375 300 485 387 300 486 
771837260 0 0 0 0 598 485 468 376 303 486 387 300 495 
773253252 0 0 0 0 600 487 469 376 310 486 387 300 497 
775770844 0 0 0 0 603 489 470 377 332 488 387 339 498 
777029930 0 0 0 0 603 487 468 379 347 489 387 348 498 
778289510 0 0 0 0 601 487 468 381 361 491 387 348 498 
779548040 0 0 0 0 598 484 466 383 373 494 387 359 498 
780807240 0 0 0 0 596 484 462 385 381 495 387 387 498 
782026050 0 0 0 0 591 483 459 389 385 495 398 387 498 
783286030 0 0 0 0 587 483 455 394 388 495 398 397 498 
784546842 0 0 0 0 585 485 449 398 389 495 398 397 498 
785805642 0 0 0 0 582 486 445 399 392 495 398 397 498 
788324032 0 0 0 0 576 490 436 398 400 498 398 397 498 
789701632 0 0 0 0 572 491 436 395 404 501 398 397 498 
790803636 0 0 0 0 568 491 432 392 406 502 398 397 498 
792219224 0 0 0 0 562 491 430 390 409 504 398 397 498 
793321234 0 0 0 0 557 490 427 388 409 505 398 397 498 
794699102 0 0 0 0 551 488 422 385 410 506 398 397 498 
795840714 0 0 0 0 547 488 420 384 409 506 388 397 498 
797215626 0 0 0 0 542 488 420 382 408 505 388 397 498 
798356830 0 0 0 0 536 485 417 380 407 506 388 397 498 
800835616 0 0 0 0 526 484 411 375 405 506 388 397 498 
802370026 0 0 0 0 521 483 413 371 404 508 361 397 498 
803353626 0 0 0 0 517 484 410 369 403 510 361 397 498 
804888018 0 0 0 0 510 485 409 364 404 512 361 397 505 
805871218 0 0 0 0 506 485 409 361 405 513 361 397 505 
807404016 0 0 0 0 499 481 411 358 406 515 349 397 505 
808349096 0 0 0 0 493 480 411 357 406 517 349 397 505 
809922414 0 0 0 0 483 476 411 354 402 517 349 397 505 
810866806 0 0 0 0 481 475 414 354 397 517 349 397 505 
813383610 0 0 0 0 468 472 413 358 381 521 349 388 505 
815113260 0 0 0 0 463 469 416 364 366 522 359 361 505 
815900402 0 0 0 0 462 469 415 369 358 522 359 350 516 
817592000 0 0 0 0 459 469 414 383 345 521 387 349 511 
818380012 0 0 0 0 459 469 416 391 339 520 398 349 511 
820112004 0 0 0 0 457 466 419 408 328 517 398 338 511 
820899198 0 0 0 0 457 470 415 415 325 514 409 338 511 
822629608 0 0 0 0 461 479 413 427 329 508 437 338 500 
823377196 0 0 0 0 463 481 413 430 333 506 437 338 500 
825893206 0 0 0 0 463 490 416 433 352 498 437 348 500 
827780398 0 0 0 0 461 496 420 427 360 497 437 348 500 
828410678 0 0 0 0 460 498 422 423 362 498 432 353 500 
830298402 0 0 0 0 453 501 424 412 362 499 411 359 500 
830926802 0 0 0 0 451 503 425 408 362 500 402 359 500 
832814400 0 0 0 0 447 503 431 398 355 501 402 349 500 
833405194 0 0 0 0 445 502 431 395 351 501 402 349 500 
835293686 0 0 0 0 443 505 428 389 345 498 402 349 500 
835923190 0 0 0 0 443 506 429 388 344 497 402 349 500 
838443194 0 0 0 0 444 505 431 386 344 490 402 349 500 
840449994 0 0 0 0 443 505 432 385 347 485 398 349 497 
840922392 0 0 0 0 443 504 433 385 347 485 392 349 486 
842968028 0 0 0 0 439 503 433 385 349 484 388 349 487 
843440066 0 0 0 0 439 503 432 385 350 484 388 349 487 
845485588 0 0 0 0 437 503 436 384 351 484 388 349 487 
845957988 0 0 0 0 435 504 436 383 350 484 388 349 487 
847963480 0 0 0 0 430 502 437 383 344 483 388 349 487 
848474780 0 0 0 0 430 502 438 383 342 482 388 349 487 
850953972 0 0 0 0 425 499 441 384 332 479 388 338 487 
853156776 0 0 0 0 422 500 435 383 322 475 388 315 487 
853471976 0 0 0 0 422 501 435 383 320 475 388 310 487 
855635174 0 0 0 0 421 503 434 381 308 473 388 299 469 
855989972 0 0 0 0 422 504 433 381 306 473 388 299 460 
858153978 0 0 0 0 420 497 434 378 293 471 388 299 462 
858507570 0 0 0 0 421 499 432 378 291 471 388 299 462 
860673068 0 0 0 0 426 499 430 378 279 469 388 288 462 
860987174 0 0 0 0 427 499 431 378 277 469 388 288 462 
863504760 0 0 0 0 432 493 429 380 264 469 388 260 462 
865825420 0 0 0 0 439 494 421 381 263 472 388 260 462 
866021582 0 0 0 0 439 493 421 381 263 472 388 260 462 
868304050 0 0 0 0 446 491 424 384 265 476 388 260 486 
868501156 0 0 0 0 446 491 423 384 264 477 388 260 486 
870821966 0 0 0 0 453 491 418 387 267 481 398 260 486 
871019154 0 0 0 0 453 491 418 387 267 482 398 260 486 
873341158 0 0 0 0 458 489 418 395 268 487 398 260 498 
873538364 0 0 0 0 459 490 417 395 268 487 398 260 498 
876016762 0 0 0 0 464 492 416 404 269 493 398 260 498 
878494352 0 0 0 0 469 496 413 411 266 497 398 260 498 
878651958 0 0 0 0 470 497 414 411 267 497 400 260 498 
880974626 0 0 0 0 477 501 413 416 266 502 400 260 498 
881170394 0 0 0 0 477 501 413 416 267 502 400 260 498 
883491948 0 0 0 0 485 505 411 415 274 506 400 270 498 
883688748 0 0 0 0 486 505 411 414 274 506 400 284 498 
886009690 0 0 0 0 494 509 414 410 278 510 400 286 498 
886207152 0 0 0 0 495 510 414 410 279 510 400 286 498 
888565150 0 0 0 0 503 520 415 403 291 509 397 300 498 
891041628 0 0 0 0 507 522 413 388 312 503 397 301 498 
891159154 0 0 0 0 507 522 414 387 313 503 397 307 498 
893557932 0 0 0 0 507 521 417 372 326 499 369 339 498 
893676008 0 0 0 0 507 521 417 372 326 499 361 339 498 
896075136 0 0 0 0 503 519 415 360 328 494 349 339 498 
896193136 0 0 0 0 503 518 416 359 328 495 349 339 498 
898555528 0 0 0 0 500 514 413 352 320 492 349 308 498 
898712728 0 0 0 0 499 513 413 352 319 492 349 308 498 
901072338 0 0 0 0 498 507 407 347 310 488 349 299 498 
903589530 0 0 0 0 500 504 407 345 303 486 349 299 498 
903825936 0 0 0 0 501 504 406 345 303 486 349 299 498 
906107928 0 0 0 0 503 500 405 340 306 487 349 299 498 
906343990 0 0 0 0 503 499 405 340 306 487 349 299 498 
908623526 0 0 0 0 505 495 408 339 311 489 349 299 498 
908820726 0 0 0 0 505 495 407 338 311 489 349 299 498 
911102724 0 0 0 0 505 488 410 336 314 493 347 305 498 
911338454 0 0 0 0 505 487 409 336 314 493 347 305 498 
913621120 0 0 0 0 503 480 410 338 312 494 348 305 498 
916138024 0 0 0 0 506 476 412 343 306 494 348 299 498 
916492074 0 0 0 0 506 475 410 343 305 494 348 299 498 
918617522 0 0 0 0 508 471 409 344 306 494 348 299 498 
919010322 0 0 0 0 509 470 409 345 306 493 348 299 498 
921136320 0 0 0 0 512 468 412 345 308 491 348 299 498 
921529214 0 0 0 0 513 468 412 345 308 492 348 299 498 
923656312 0 0 0 0 513 462 410 339 313 492 348 311 498 
924010312 0 0 0 0 513 462 411 340 314 492 348 311 498 
926137396 0 0 0 0 512 458 416 338 313 492 348 311 498 
928655914 0 0 0 0 511 453 415 334 312 492 338 311 498 
929206312 0 0 0 0 510 450 417 334 311 491 338 310 498 
931173912 0 0 0 0 510 446 422 333 308 491 338 299 498 
931685898 0 0 0 0 511 445 423 333 306 491 338 299 498 
933651896 0 0 0 0 513 442 422 332 304 490 338 299 498 
934203902 0 0 0 0 514 440 422 332 304 490 338 299 498 
936171506 0 0 0 0 515 435 429 333 303 489 338 299 498 
936722182 0 0 0 0 516 434 431 333 302 488 338 299 498 
938689498 0 0 0 0 521 433 435 334 302 489 338 299 498 
941206696 0 0 0 0 522 428 438 333 311 493 338 299 498 
941875902 0 0 0 0 521 426 442 333 313 493 338 309 498 
943685894 0 0 0 0 521 424 446 333 317 496 338 309 498 
944393492 0 0 0 0 521 423 446 333 318 498 338 309 498 
946203486 0 0 0 0 522 418 446 332 321 504 338 309 498 
946911240 0 0 0 0 520 418 448 331 322 507 338 309 498 
948721082 0 0 0 0 514 414 457 334 324 511 338 339 507 
949429088 0 0 0 0 513 413 457 334 325 511 338 339 507 
951199480 0 0 0 0 515 412 455 333 327 511 338 339 507 
953717484 0 0 0 0 512 408 465 335 330 506 338 339 497 
954543128 0 0 0 0 512 407 469 336 330 502 338 339 497 
956235076 0 0 0 0 513 403 470 338 329 496 348 339 497 
957060550 0 0 0 0 513 402 467 339 330 493 348 339 497 
958751486 0 0 0 0 512 398 471 342 332 487 348 339 497 
959578086 0 0 0 0 510 396 476 345 332 484 348 339 486 
961229346 0 0 0 0 509 393 479 351 330 480 348 339 486 
962095076 0 0 0 0 510 393 477 353 329 479 348 339 486 
963747876 0 0 0 0 512 393 477 357 327 478 348 339 486 
966266266 0 0 0 0 509 389 481 366 323 480 359 318 486 
967249146 0 0 0 0 509 388 484 371 321 482 359 310 486 
968745076 0 0 0 0 510 389 482 378 318 485 387 310 486 
969768158 0 0 0 0 513 390 479 382 318 487 387 310 498 
971261624 0 0 0 0 512 391 477 389 318 489 398 310 498 
972284274 0 0 0 0 511 392 482 394 318 491 398 310 498 
973780660 0 0 0 0 511 394 481 402 317 494 398 310 498 
974765066 0 0 0 0 512 395 477 406 318 496 398 310 498 
976260264 0 0 0 0 513 397 474 410 318 498 398 310 498 
978779468 0 0 0 0 510 399 474 418 317 502 409 310 498 
979919854 0 0 0 0 509 400 472 421 318 502 409 310 498 
981298266 0 0 0 0 509 401 468 423 318 503 409 310 498 
982439064 0 0 0 0 509 405 464 425 319 502 437 310 498 
983777464 0 0 0 0 507 406 464 426 319 501 437 310 498 
984957056 0 0 0 0 507 407 463 427 318 500 437 310 498 
986292648 0 0 0 0 508 408 460 426 319 499 437 310 498 
987473154 0 0 0 0 509 410 456 425 320 497 437 310 498 
988811058 0 0 0 0 507 411 453 423 321 495 412 310 498 
991330524 0 0 0 0 506 413 451 418 322 492 408 310 498 
992628648 0 0 0 0 507 415 448 417 323 490 408 317 498 
993809854 0 0 0 0 506 417 446 415 323 489 408 318 498 
995146246 0 0 0 0 505 416 446 414 322 488 408 313 498 
996326246 0 0 0 0 505 418 445 414 320 487 408 313 498 
997624650 0 0 0 0 504 421 443 413 320 486 408 313 498 
998842250 0 0 0 0 504 421 438 413 321 485 408 313 487 
1000140648 0 0 0 0 504 422 439 414 322 484 408 313 487 
1001320648 0 0 0 0 504 422 438 414 322 484 408 313 487 
1003839838 0 0 0 0 505 425 433 416 323 483 408 325 487 
1005295830 0 0 0 0 504 427 431 417 325 483 408 339 487 
1006358242 0 0 0 0 504 429 430 419 325 483 408 339 487 
1007813428 0 0 0 0 504 430 429 423 325 485 408 339 487 
1008874640 0 0 0 0 504 431 427 425 325 487 437 339 498 
1010329426 0 0 0 0 504 434 425 428 325 490 437 339 498 
1011352226 0 0 0 0 503 437 423 431 325 491 437 339 498 
1012847836 0 0 0 0 503 441 421 433 324 493 437 339 498 
1013871436 0 0 0 0 503 444 420 434 323 495 437 317 498 
1016389028 0 0 0 0 504 453 417 437 319 497 441 313 498 
1018002820 0 0 0 0 503 457 414 437 318 496 441 313 498 
1018908100 0 0 0 0 503 459 413 435 319 495 444 313 498 
1020520630 0 0 0 0 504 464 413 433 319 493 436 313 498 
1021385822 0 0 0 0 504 465 413 431 318 492 436 313 498 
1022999440 0 0 0 0 504 468 406 426 318 490 436 313 498 
1023904226 0 0 0 0 504 470 405 423 319 489 433 313 498 
1025517418 0 0 0 0 502 472 409 419 317 485 408 313 494 
1026420892 0 0 0 0 502 475 408 418 315 484 408 313 487 
1028897816 0 0 0 0 505 481 406 413 311 481 408 299 487 
1030708214 0 0 0 0 505 483 408 412 309 480 408 299 487 
