33806 0 0 0 0 0 0 0 0 0 0 0 0 0 
33856 0 0 0 0 0 0 0 0 0 0 0 0 0 
33906 0 0 0 0 0 0 0 0 0 0 0 0 0 
33957 0 0 0 0 0 0 0 0 0 0 0 0 0 
34007 0 0 0 0 0 0 0 0 0 0 0 0 0 
34057 0 0 0 0 0 0 0 0 0 0 0 0 0 
34107 0 0 0 0 0 0 0 0 0 0 0 0 0 
34157 0 0 0 0 0 0 0 0 0 0 0 0 0 
34207 0 0 0 0 0 0 0 0 0 0 0 0 0 
34257 0 0 0 0 0 0 0 0 0 0 0 0 0 
34307 0 0 0 0 0 0 0 0 0 0 0 0 0 
34357 0 0 0 0 0 0 0 0 0 0 0 0 0 
34407 0 0 0 0 0 0 0 0 0 0 0 0 0 
34458 0 0 0 0 0 0 0 0 0 0 0 0 0 
34508 0 0 0 0 0 0 0 0 0 0 0 0 0 
34559 0 0 0 0 0 0 0 0 0 0 0 0 0 
34609 0 0 0 0 0 0 0 0 0 0 0 0 0 
34659 0 0 0 0 0 0 0 0 0 0 0 0 0 
34709 0 0 0 0 0 0 0 0 0 0 0 0 0 
34761 0 0 0 0 0 0 0 0 0 0 0 0 0 
34813 0 0 0 0 0 0 0 0 0 0 0 0 0 
34863 0 0 0 0 0 0 0 0 0 0 0 0 0 
34913 0 0 0 0 0 0 0 0 0 0 0 0 0 
34965 0 0 0 0 0 0 0 0 0 0 0 0 0 
35015 0 0 0 0 0 0 0 0 0 0 0 0 0 
35065 0 0 0 0 0 0 0 0 0 0 0 0 0 
35115 0 0 0 0 0 0 0 0 0 0 0 0 0 
35173 0 0 0 0 0 0 0 0 0 0 0 0 0 
35223 0 0 0 0 0 0 0 0 0 0 0 0 0 
35273 0 0 0 0 0 0 0 0 0 0 0 0 0 
35323 0 0 0 0 0 0 0 0 0 0 0 0 0 
35375 0 0 0 0 0 0 0 0 0 0 0 0 0 
35425 0 0 0 0 0 0 0 0 0 0 0 0 0 
35475 0 0 0 0 0 0 0 0 0 0 0 0 0 
35525 0 0 0 0 0 0 0 0 0 0 0 0 0 
35577 0 0 0 0 0 0 0 0 0 0 0 0 0 
35627 0 0 0 0 0 0 0 0 0 0 0 0 0 
35681 0 0 0 0 0 0 0 0 0 0 0 0 0 
35731 0 0 0 0 0 0 0 0 0 0 0 0 0 
35781 0 0 0 0 0 0 0 0 0 0 0 0 0 
35831 0 0 0 0 0 0 0 0 0 0 0 0 0 
35881 0 0 0 0 0 0 0 0 0 0 0 0 0 
35931 0 0 0 0 0 0 0 0 0 0 0 0 0 
35981 0 0 0 0 0 0 0 0 0 0 0 0 0 
36031 0 0 0 0 0 0 0 0 0 0 0 0 0 
36081 0 0 0 0 0 0 0 0 0 0 0 0 0 
36131 0 0 0 0 0 0 0 0 0 0 0 0 0 
36182 0 0 0 0 0 0 0 0 0 0 0 0 0 
36232 0 0 0 0 0 0 0 0 0 0 0 0 0 
36282 0 0 0 0 0 0 0 0 0 0 0 0 0 
36332 0 0 0 0 0 0 0 0 0 0 0 0 0 
36382 0 0 0 0 0 0 0 0 0 0 0 0 0 
36432 0 0 0 0 0 0 0 0 0 0 0 0 0 
36482 0 0 0 0 0 0 0 0 0 0 0 0 0 
36532 0 0 0 0 0 0 0 0 0 0 0 0 0 
36582 0 0 0 0 0 0 0 0 0 0 0 0 0 
36632 0 0 0 0 0 0 0 0 0 0 0 0 0 
36682 0 0 0 0 0 0 0 0 0 0 0 0 0 
36733 0 0 0 0 0 0 0 0 0 0 0 0 0 
36783 0 0 0 0 0 0 0 0 0 0 0 0 0 
36833 0 0 0 0 0 0 0 0 0 0 0 0 0 
36883 0 0 0 0 0 0 0 0 0 0 0 0 0 
36933 0 0 0 0 0 0 0 0 0 0 0 0 0 
36983 0 0 0 0 0 0 0 0 0 0 0 0 0 
37033 0 0 0 0 0 0 0 0 0 0 0 0 0 
37083 0 0 0 0 0 0 0 0 0 0 0 0 0 
37134 0 0 0 0 0 0 0 0 0 0 0 0 0 
37184 0 0 0 0 0 0 0 0 0 0 0 0 0 
37234 0 0 0 0 0 0 0 0 0 0 0 0 0 
37284 0 0 0 0 0 0 0 0 0 0 0 0 0 
37334 0 0 0 0 0 0 0 0 0 0 0 0 0 
37384 0 0 0 0 0 0 0 0 0 0 0 0 0 
37434 0 0 0 0 0 0 0 0 0 0 0 0 0 
37484 0 0 0 0 0 0 0 0 0 0 0 0 0 
37534 0 0 0 0 0 0 0 0 0 0 0 0 0 
37584 0 0 0 0 0 0 0 0 0 0 0 0 0 
37634 0 0 0 0 0 0 0 0 0 0 0 0 0 
37685 0 0 0 0 0 0 0 0 0 0 0 0 0 
37735 0 0 0 0 0 0 0 0 0 0 0 0 0 
37785 0 0 0 0 0 0 0 0 0 0 0 0 0 
37835 0 0 0 0 0 0 0 0 0 0 0 0 0 
37885 0 0 0 0 0 0 0 0 0 0 0 0 0 
37935 0 0 0 0 0 0 0 0 0 0 0 0 0 
37985 0 0 0 0 0 0 0 0 0 0 0 0 0 
38035 0 0 0 0 0 0 0 0 0 0 0 0 0 
38089 0 0 0 0 0 0 0 0 0 0 0 0 0 
38141 0 0 0 0 0 0 0 0 0 0 0 0 0 
38191 0 0 0 0 0 0 0 0 0 0 0 0 0 
38241 0 0 0 0 0 0 0 0 0 0 0 0 0 
38292 0 0 0 0 0 0 0 0 0 0 0 0 0 
38342 0 0 0 0 0 0 0 0 0 0 0 0 0 
38392 0 0 0 0 0 0 0 0 0 0 0 0 0 
38442 0 0 0 0 0 0 0 0 0 0 0 0 0 
38493 0 0 0 0 0 0 0 0 0 0 0 0 0 
38543 0 0 0 0 0 0 0 0 0 0 0 0 0 
38593 0 0 0 0 0 0 0 0 0 0 0 0 0 
38643 0 0 0 0 0 0 0 0 0 0 0 0 0 
38693 0 0 0 0 0 0 0 0 0 0 0 0 0 
38744 0 0 0 0 0 0 0 0 0 0 0 0 0 
38794 0 0 0 0 0 0 0 0 0 0 0 0 0 
38844 0 0 0 0 0 0 0 0 0 0 0 0 0 
38894 0 0 0 0 0 0 0 0 0 0 0 0 0 
38944 0 0 0 0 0 0 0 0 0 0 0 0 0 
38994 0 0 0 0 0 0 0 0 0 0 0 0 0 
39044 0 0 0 0 0 0 0 0 0 0 0 0 0 
39094 0 0 0 0 0 0 0 0 0 0 0 0 0 
39145 0 0 0 0 0 0 0 0 0 0 0 0 0 
39195 0 0 0 0 0 0 0 0 0 0 0 0 0 
