17242 0 0 0 0 0 0 0 0 0 0 0 0 0 
17292 0 0 0 0 0 0 0 0 0 0 0 0 0 
17342 0 0 0 0 0 0 0 0 0 0 0 0 0 
17392 0 0 0 0 0 0 0 0 0 0 0 0 0 
17442 0 0 0 0 0 0 0 0 0 0 0 0 0 
17493 0 0 0 0 0 0 0 0 0 0 0 0 0 
17543 0 0 0 0 0 0 0 0 0 0 0 0 0 
17593 0 0 0 0 0 0 0 0 0 0 0 0 0 
17643 0 0 0 0 0 0 0 0 0 0 0 0 0 
17693 0 0 0 0 0 0 0 0 0 0 0 0 0 
17743 0 0 0 0 0 0 0 0 0 0 0 0 0 
17793 0 0 0 0 0 0 0 0 0 0 0 0 0 
17843 0 0 0 0 0 0 0 0 0 0 0 0 0 
17893 0 0 0 0 0 0 0 0 0 0 0 0 0 
17944 0 0 0 0 0 0 0 0 0 0 0 0 0 
17994 0 0 0 0 0 0 0 0 0 0 0 0 0 
18044 0 0 0 0 0 0 0 0 0 0 0 0 0 
18094 0 0 0 0 0 0 0 0 0 0 0 0 0 
18144 0 0 0 0 0 0 0 0 0 0 0 0 0 
18194 0 0 0 0 0 0 0 0 0 0 0 0 0 
18244 0 0 0 0 0 0 0 0 0 0 0 0 0 
18294 0 0 0 0 0 0 0 0 0 0 0 0 0 
18344 0 0 0 0 0 0 0 0 0 0 0 0 0 
18394 0 0 0 0 0 0 0 0 0 0 0 0 0 
18444 0 0 0 0 0 0 0 0 0 0 0 0 0 
18495 0 0 0 0 0 0 0 0 0 0 0 0 0 
18545 0 0 0 0 0 0 0 0 0 0 0 0 0 
18595 0 0 0 0 0 0 0 0 0 0 0 0 0 
18645 0 0 0 0 0 0 0 0 0 0 0 0 0 
18695 0 0 0 0 0 0 0 0 0 0 0 0 0 
18745 0 0 0 0 0 0 0 0 0 0 0 0 0 
18795 0 0 0 0 0 0 0 0 0 0 0 0 0 
18845 0 0 0 0 0 0 0 0 0 0 0 0 0 
18895 0 0 0 0 0 0 0 0 0 0 0 0 0 
18945 0 0 0 0 0 0 0 0 0 0 0 0 0 
18995 0 0 0 0 0 0 0 0 0 0 0 0 0 
19045 0 0 0 0 0 0 0 0 0 0 0 0 0 
19096 0 0 0 0 0 0 0 0 0 0 0 0 0 
19146 0 0 0 0 0 0 0 0 0 0 0 0 0 
19196 0 0 0 0 0 0 0 0 0 0 0 0 0 
19246 0 0 0 0 0 0 0 0 0 0 0 0 0 
19296 0 0 0 0 0 0 0 0 0 0 0 0 0 
19346 0 0 0 0 0 0 0 0 0 0 0 0 0 
19396 0 0 0 0 0 0 0 0 0 0 0 0 0 
19446 0 0 0 0 0 0 0 0 0 0 0 0 0 
19496 0 0 0 0 0 0 0 0 0 0 0 0 0 
19546 0 0 0 0 0 0 0 0 0 0 0 0 0 
19597 0 0 0 0 0 0 0 0 0 0 0 0 0 
19647 0 0 0 0 0 0 0 0 0 0 0 0 0 
19697 0 0 0 0 0 0 0 0 0 0 0 0 0 
19747 0 0 0 0 0 0 0 0 0 0 0 0 0 
19797 0 0 0 0 0 0 0 0 0 0 0 0 0 
19847 0 0 0 0 0 0 0 0 0 0 0 0 0 
19897 0 0 0 0 0 0 0 0 0 0 0 0 0 
19947 0 0 0 0 0 0 0 0 0 0 0 0 0 
19997 0 0 0 0 0 0 0 0 0 0 0 0 0 
20047 0 0 0 0 0 0 0 0 0 0 0 0 0 
20098 0 0 0 0 0 0 0 0 0 0 0 0 0 
20148 0 0 0 0 0 0 0 0 0 0 0 0 0 
20198 0 0 0 0 0 0 0 0 0 0 0 0 0 
20248 0 0 0 0 0 0 0 0 0 0 0 0 0 
20298 0 0 0 0 0 0 0 0 0 0 0 0 0 
20348 0 0 0 0 0 0 0 0 0 0 0 0 0 
20398 0 0 0 0 0 0 0 0 0 0 0 0 0 
20448 0 0 0 0 0 0 0 0 0 0 0 0 0 
20498 0 0 0 0 0 0 0 0 0 0 0 0 0 
20548 0 0 0 0 0 0 0 0 0 0 0 0 0 
20599 0 0 0 0 0 0 0 0 0 0 0 0 0 
20649 0 0 0 0 0 0 0 0 0 0 0 0 0 
20699 0 0 0 0 0 0 0 0 0 0 0 0 0 
20749 0 0 0 0 0 0 0 0 0 0 0 0 0 
20799 0 0 0 0 0 0 0 0 0 0 0 0 0 
20849 0 0 0 0 0 0 0 0 0 0 0 0 0 
20899 0 0 0 0 0 0 0 0 0 0 0 0 0 
20949 0 0 0 0 0 0 0 0 0 0 0 0 0 
20999 0 0 0 0 0 0 0 0 0 0 0 0 0 
21049 0 0 0 0 0 0 0 0 0 0 0 0 0 
21099 0 0 0 0 0 0 0 0 0 0 0 0 0 
21150 0 0 0 0 0 0 0 0 0 0 0 0 0 
21200 0 0 0 0 0 0 0 0 0 0 0 0 0 
21250 0 0 0 0 0 0 0 0 0 0 0 0 0 
21300 0 0 0 0 0 0 0 0 0 0 0 0 0 
21350 0 0 0 0 0 0 0 0 0 0 0 0 0 
21400 0 0 0 0 0 0 0 0 0 0 0 0 0 
21450 0 0 0 0 0 0 0 0 0 0 0 0 0 
21500 0 0 0 0 0 0 0 0 0 0 0 0 0 
21550 0 0 0 0 0 0 0 0 0 0 0 0 0 
21600 0 0 0 0 0 0 0 0 0 0 0 0 0 
21651 0 0 0 0 0 0 0 0 0 0 0 0 0 
21701 0 0 0 0 0 0 0 0 0 0 0 0 0 
21751 0 0 0 0 0 0 0 0 0 0 0 0 0 
21801 0 0 0 0 0 0 0 0 0 0 0 0 0 
21851 0 0 0 0 0 0 0 0 0 0 0 0 0 
21901 0 0 0 0 0 0 0 0 0 0 0 0 0 
21951 0 0 0 0 0 0 0 0 0 0 0 0 0 
22001 0 0 0 0 0 0 0 0 0 0 0 0 0 
22051 0 0 0 0 0 0 0 0 0 0 0 0 0 
22101 0 0 0 0 0 0 0 0 0 0 0 0 0 
22151 0 0 0 0 0 0 0 0 0 0 0 0 0 
22202 0 0 0 0 0 0 0 0 0 0 0 0 0 
22252 0 0 0 0 0 0 0 0 0 0 0 0 0 
22302 0 0 0 0 0 0 0 0 0 0 0 0 0 
22352 0 0 0 0 0 0 0 0 0 0 0 0 0 
22404 0 0 0 0 0 0 0 0 0 0 0 0 0 
22454 0 0 0 0 0 0 0 0 0 0 0 0 0 
22504 0 0 0 0 0 0 0 0 0 0 0 0 0 
22554 0 0 0 0 0 0 0 0 0 0 0 0 0 
22604 0 0 0 0 0 0 0 0 0 0 0 0 0 
