617557130 -1 0 -6 2 1 4 -1 1 -2 2 0 4 
620075532 -5 6 -1 1 -2 1 -8 3 -1 1 -1 1 
622553122 -8 0 5 1 -3 0 -8 -5 1 1 -3 0 
624512612 -8 0 0 -2 -5 0 -9 2 3 -2 -5 0 
624630324 -3 2 1 -2 -6 1 0 0 -2 -2 -5 0 
625107124 -4 -6 2 -1 -6 0 0 -6 4 -1 -6 0 
627059394 -11 -2 -3 -1 -5 1 -7 -1 4 -1 -5 0 
627576538 7 -2 1 -1 -6 -1 3 0 0 -1 -6 -1 
629569384 -2 -4 4 -1 -4 1 0 -4 1 -1 -4 0 
630087420 1 -5 -2 -2 -5 -1 -3 -4 0 -1 -4 0 
632598178 1 -2 -5 0 -5 0 0 -6 -1 0 -5 0 
634706706 -6 2 -4 1 -2 1 -2 0 1 1 -1 1 
635103898 4 -12 -2 2 -2 -1 3 -14 0 2 -2 0 
637565488 0 -8 6 2 -1 1 -2 -7 0 1 -1 1 
637764288 -3 -8 0 1 0 2 -3 -8 -1 1 0 2 
639712290 -3 6 -3 3 0 1 -5 6 1 3 0 1 
640107496 -3 -2 5 2 -1 2 -3 -4 0 2 -1 1 
642223092 -3 1 -2 1 -2 1 0 3 0 1 -1 1 
642618278 -2 -2 2 0 -1 2 0 0 4 0 -1 2 
645133486 -7 -4 4 -1 -3 1 -7 -4 0 -1 -3 1 
647405476 2 -2 -3 0 -4 0 1 0 -1 0 -4 0 
647641474 -2 0 0 0 -4 0 0 0 -3 0 -4 0 
649913878 -2 6 -1 0 -5 0 -2 5 -2 0 -4 0 
652429222 -2 2 -5 1 -3 1 -1 0 -1 1 -3 1 
655063068 -2 2 -2 0 -2 0 -4 0 -1 0 -2 0 
655259068 3 2 -1 0 -3 2 2 1 -1 0 -3 2 
660133740 -1 2 -1 2 -2 0 3 1 0 2 -2 0 
662648254 0 1 5 1 -3 0 0 -2 0 1 -2 0 
662765840 -2 -8 4 1 -3 1 -3 -8 4 1 -3 0 
665200248 0 1 -4 0 -4 0 -2 -1 0 0 -4 0 
665318248 -3 -4 -1 -1 -5 -1 0 -1 -1 -1 -4 -1 
667712544 0 4 0 -1 -5 0 -1 2 -2 0 -5 0 
667830238 5 1 -2 -1 -5 -1 7 1 0 -1 -4 -1 
670187828 -6 -11 1 0 -3 -1 -5 -4 0 0 -3 -1 
670305834 7 8 0 0 -3 0 0 1 -3 0 -3 0 
672662622 -6 3 -2 0 -2 1 -5 -1 -1 0 -1 1 
675222624 -4 -9 1 0 -2 1 -2 -6 1 0 -2 1 
675419030 -4 -3 -3 0 -2 0 0 3 0 0 -2 0 
677888226 1 4 -1 2 0 1 1 -4 -1 2 0 1 
678006218 -6 -1 4 1 -1 0 -6 4 0 1 -1 0 
680194214 -7 -4 3 1 -1 2 -4 -5 -3 1 -1 1 
680429808 -2 -10 -4 1 -1 2 -1 -14 0 1 -1 1 
685605804 -5 3 -1 0 -4 1 -7 -2 0 0 -4 1 
688236906 1 8 -2 -2 -4 0 -2 7 -2 -1 -4 0 
692735392 -2 -8 -4 0 -2 0 3 -6 3 0 -1 0 
695241786 3 -7 -2 2 -2 2 3 -6 2 1 -2 2 
695914992 -5 -1 2 1 -2 2 -1 3 0 1 -2 2 
698541786 -8 -2 -2 1 0 2 -4 -1 0 1 0 2 
698738462 -3 -8 3 0 -1 1 -2 -3 3 0 -1 1 
700291384 -4 -7 2 0 -1 2 -5 -4 2 0 -1 1 
701090176 -3 3 -3 0 -2 1 1 3 -2 0 -2 1 
701168582 -8 0 -1 0 -1 1 -7 0 -1 0 -1 1 
703600972 -10 -4 1 0 -5 1 -7 -3 0 0 -5 1 
703758464 0 -3 -5 1 -4 1 3 -2 1 1 -4 1 
707746958 -6 -4 -1 -1 -4 0 -3 1 2 0 -4 0 
707904270 7 1 2 0 -3 0 7 -3 1 0 -3 0 
710258564 2 10 -2 -1 -4 0 0 9 -3 -1 -3 0 
710455764 -7 0 -2 -2 -3 1 -7 -2 2 -2 -3 1 
711252964 -1 2 0 -1 -3 0 -4 2 0 0 -3 0 
713768378 -2 6 -5 2 -5 0 -2 1 5 2 -5 0 
716242954 0 -9 10 2 -2 0 0 -10 2 1 -2 0 
716440954 3 0 -1 0 -2 0 3 5 -5 0 -2 0 
717795788 3 -9 -1 0 -1 1 3 -7 0 0 -1 1 
717992538 -3 0 6 1 0 1 -3 7 -3 1 0 1 
720310146 -1 -6 2 0 -1 1 -1 0 -2 0 -1 0 
721468012 -5 5 0 1 0 2 -5 -3 -1 1 0 2 
722787166 -4 7 -5 0 -2 1 -7 2 2 0 -1 1 
723985740 -3 -5 -2 1 -3 1 4 -5 2 0 -3 1 
726503734 3 -8 -5 0 -3 1 3 -11 1 0 -3 1 
728984930 -5 -6 1 0 -4 1 -3 -1 -1 0 -4 1 
729141718 -1 0 2 0 -3 1 0 -3 3 0 -3 1 
730300916 -5 -9 2 -1 -3 0 -5 -5 0 -1 -3 0 
730498122 -7 0 -4 0 -4 0 -5 -2 3 0 -4 0 
732849316 1 -1 0 1 -2 -1 0 -1 -2 1 -2 -1 
739306110 5 0 0 0 -4 1 1 1 -2 0 -4 1 
739463186 0 0 0 1 -3 1 0 -6 1 1 -3 1 
740337708 6 1 -1 1 -2 2 2 -1 -1 1 -2 2 
741808894 0 0 -2 0 -3 1 0 -1 -2 0 -3 1 
741887694 6 -2 -2 1 -3 1 5 0 -2 0 -3 1 
744312896 -3 -5 5 -1 -3 0 -3 -3 3 0 -3 0 
749496666 -5 -4 1 -1 -2 1 -2 -2 1 -1 -1 1 
749653686 -7 7 4 -1 -2 0 -8 3 -1 0 -2 0 
752005688 3 3 4 0 -2 1 1 0 -1 0 -2 1 
754474876 -8 -16 -1 -2 -3 0 -8 -12 3 -2 -2 0 
754592476 -1 -4 2 -2 -3 1 0 -6 2 -2 -3 1 
755388774 0 3 -2 0 -4 0 -3 1 0 0 -4 0 
757061284 -6 -9 -2 0 -4 0 -6 -5 -3 0 -4 0 
760405266 -4 -5 1 1 -2 0 0 2 2 1 -1 0 
760483908 -10 -9 -1 1 -2 0 -8 -10 -1 1 -2 0 
762200468 4 9 1 1 -1 1 2 2 -3 1 -1 1 
762916330 -4 4 -1 2 -2 1 -2 -1 -2 2 -2 1 
765392856 7 -4 0 1 -2 2 5 -2 0 1 -2 2 
767269922 -10 -2 -2 -2 -1 1 -12 -4 0 -2 -1 1 
767348046 0 1 2 -2 -1 1 -2 1 0 -2 -1 1 
769743248 -1 -3 6 1 -3 1 -1 -6 1 1 -3 1 
769861248 -9 -3 2 0 -4 0 -9 -2 0 0 -4 0 
770417646 -1 -2 1 1 -5 0 -2 0 0 0 -4 0 
772932042 -6 2 2 0 -3 1 -9 1 0 0 -3 1 
775412918 -7 0 2 0 -3 1 -3 -1 5 0 -3 1 
777371890 6 -8 3 -1 -3 2 4 -4 1 0 -3 1 
777489234 -5 -2 -4 -1 -2 1 -1 -2 5 -1 -2 1 
777926832 -5 -9 4 0 -3 1 -1 -5 7 0 -3 0 
779883622 -2 -3 4 1 -2 0 -2 1 -1 1 -2 0 
780443522 0 1 2 1 -1 0 0 1 -4 1 -1 0 
782441456 -6 2 2 2 -2 0 -5 2 -1 1 -2 0 
782958430 3 3 -2 2 -1 1 0 0 -1 1 -1 1 
785436412 -5 -6 1 1 -1 2 -4 -6 2 1 -1 1 
787594420 0 -4 -1 0 -1 1 0 -1 2 0 -1 1 
790063610 -5 4 -2 0 -2 1 -5 2 -3 0 -1 0 
790182004 -2 -12 2 0 -2 0 -2 -8 1 0 -2 0 
790498008 -7 -3 0 0 -3 1 -6 -6 0 0 -2 1 
792605598 0 5 -5 -2 -4 1 -2 3 -1 -2 -4 0 
792964280 -3 -11 3 -2 -5 1 -2 -11 0 -2 -5 0 
795118800 -4 0 -3 -1 -7 0 -8 -2 1 -1 -6 0 
800300416 2 6 -3 3 -3 1 2 7 -1 3 -2 1 
802930380 1 2 1 4 1 2 0 2 1 4 0 2 
805442662 -6 -2 2 1 1 2 -3 0 0 1 1 2 
805639062 2 -3 -2 2 2 3 1 -7 2 2 1 3 
807991170 -7 3 -1 1 -2 3 -8 -1 0 1 -2 3 
808148770 -4 -11 3 1 -3 2 -1 -7 3 1 -2 2 
810462378 -9 -5 3 1 -4 1 -10 -3 4 1 -4 1 
810659066 -5 -7 -1 1 -5 1 -3 -2 -1 1 -5 1 
813053166 -7 -2 6 -1 -6 0 -7 -2 5 -1 -6 0 
815529562 -1 -3 -3 -2 -5 -1 -2 0 4 -2 -4 0 
815647562 -4 4 0 -2 -5 -1 -2 0 1 -1 -5 -1 
818080838 -3 -6 4 -1 -4 0 -2 -2 2 -1 -4 0 
818159158 -6 -9 3 -1 -3 1 -4 -9 3 -1 -3 0 
820546758 -1 -2 2 1 -3 2 0 -5 -1 0 -3 2 
820664634 -4 2 -5 1 -2 2 -4 2 -2 1 -2 2 
823059954 -1 -5 7 2 -2 2 -3 -5 0 2 -2 1 
823177872 -3 1 0 3 -1 2 -3 -1 0 2 -1 2 
825569950 -10 0 -6 2 -2 1 -11 -1 -2 2 -2 1 
828048344 -5 -4 -3 0 -1 1 -2 -4 1 0 -1 1 
828283932 -6 0 -4 0 -1 2 -3 0 1 0 -1 2 
830562734 1 -7 0 0 -3 1 -1 -2 -4 0 -3 0 
830800728 1 -5 1 0 -4 1 -3 -5 0 0 -4 0 
833279922 -7 -3 1 0 -4 0 -5 -1 2 0 -4 0 
833397778 -3 -8 2 0 -4 1 -4 -8 2 0 -4 1 
835596330 0 -2 0 0 -3 -1 -2 2 1 0 -3 0 
835795130 5 5 1 1 -2 1 5 4 -2 1 -2 1 
838104726 -11 0 2 -1 -2 0 -11 0 2 0 -2 0 
840621396 -7 -3 -2 -1 -4 2 -6 -7 5 -1 -4 2 
843091516 -2 -9 0 0 -4 1 1 -6 3 0 -4 0 
843527504 -4 -4 -2 -1 -4 1 -6 0 -2 -1 -4 0 
845605112 0 -4 -1 1 -2 0 0 -2 0 1 -2 0 
846002312 3 0 2 1 -2 1 3 -4 2 1 -2 1 
846119904 -2 0 3 1 -2 1 -2 2 -1 1 -2 1 
848111102 5 1 -3 2 -2 1 2 -2 1 2 -2 1 
850621902 0 1 2 3 -1 1 -4 0 2 2 0 1 
853121492 -8 4 1 0 0 1 -4 7 0 0 0 1 
853638696 2 -6 1 0 -2 3 1 -10 0 0 -2 2 
855634968 -5 -1 0 0 -2 0 -5 -1 1 0 -2 0 
856148898 0 -4 0 -1 -3 0 -3 -3 1 0 -3 0 
858858680 -2 -6 2 -1 -4 0 -2 -3 2 -1 -4 0 
860655472 -3 2 -2 0 -5 0 -1 5 -1 0 -5 0 
861331876 -5 1 1 0 -5 0 -5 0 0 0 -5 0 
863164678 5 9 -4 -1 -4 1 5 6 5 -1 -4 0 
865679868 -6 -2 -2 -2 -3 2 -6 -4 0 -2 -3 1 
865836674 -4 -6 2 -2 -4 0 -3 -1 0 -2 -3 0 
868191070 2 -4 -3 1 -2 0 4 1 -1 1 -2 0 
870669864 -4 -6 3 1 -1 2 0 -9 0 1 0 2 
871547050 1 -3 -1 1 0 1 1 -3 0 1 0 1 
871664656 8 -6 0 1 0 3 7 -9 3 1 0 3 
874061052 0 -4 0 3 0 2 -1 -5 0 3 0 2 
874178940 -1 -8 4 3 0 1 -1 -7 1 2 0 1 
875693918 2 4 -3 3 1 1 4 0 1 3 1 1 
876571042 -4 4 1 2 0 1 -4 4 0 2 0 1 
880688234 -4 -4 -2 1 -2 1 -4 -4 -1 1 -2 1 
880805846 -7 0 1 0 -3 0 -4 1 0 0 -3 0 
881724632 -5 -3 0 0 -2 0 -3 -2 2 0 -2 0 
883202642 0 3 -2 -2 -4 0 -2 1 -2 -2 -3 0 
884277826 -9 0 2 -2 -4 -1 -9 0 -1 -2 -4 0 
885715024 -6 -1 -1 0 -6 -1 -6 -4 0 0 -6 -1 
886752222 -5 0 -2 0 -6 0 -4 0 -1 0 -6 0 
888231826 -5 0 -3 -1 -4 0 -1 0 0 -1 -4 0 
890707820 1 9 5 1 -2 0 0 7 -3 1 -2 0 
890904614 6 6 -3 1 -3 1 3 5 -2 1 -3 1 
893254898 -8 7 -3 2 -1 2 -4 3 0 2 -1 2 
894368214 -3 1 -1 1 -1 1 -4 4 -3 1 0 1 
895761818 -4 1 -3 1 0 2 -1 0 1 1 0 2 
896876210 -4 -6 3 1 -1 1 -4 0 0 0 -1 1 
898265806 -6 0 2 2 -3 1 -5 0 -3 2 -2 1 
899421286 -2 3 -2 1 -3 2 -2 2 -2 1 -3 2 
900773270 -4 0 3 1 -3 1 -2 3 -1 0 -3 1 
901925700 -1 9 -1 0 -4 1 0 8 -3 0 -3 1 
903282598 -3 6 -4 -1 -3 0 -3 5 4 -1 -3 0 
905752598 -5 0 0 -1 -4 -1 -6 1 0 -1 -4 -1 
907070584 -5 0 7 0 -4 -1 -5 2 0 0 -4 -1 
908270882 -4 1 0 0 -4 0 -4 -6 0 0 -4 0 
909585386 -4 6 4 0 -3 0 -4 0 0 0 -3 0 
912089774 -1 -14 6 0 -2 0 0 -10 2 0 -2 0 
912247642 -6 8 -9 0 -1 0 -5 7 -1 0 -1 0 
914598582 -3 -1 0 0 -2 0 -3 -2 3 0 -2 0 
914676982 0 -8 0 0 -2 1 0 -4 0 0 -2 1 
915793680 2 -10 -3 1 -3 1 3 -6 1 1 -3 1 
918347362 6 -8 1 1 -2 1 5 -1 0 0 -2 1 
919743822 -3 -2 -1 0 -3 1 1 -2 2 0 -2 1 
920822440 -2 3 -4 -1 -3 1 -4 0 0 0 -3 1 
922260168 4 -8 -4 -1 -4 2 4 -9 0 -1 -4 2 
923332960 -4 2 0 0 -4 1 -5 -2 0 0 -4 1 
925807360 -8 -12 0 0 -3 0 -6 -8 2 0 -3 0 
927242558 5 0 -1 0 -3 1 0 0 -1 0 -3 1 
927360558 0 -10 2 1 -3 1 2 -10 -1 0 -3 1 
932435242 0 1 1 0 -1 2 1 0 1 0 -1 2 
935072536 -4 0 1 1 0 2 -3 0 -2 1 0 2 
935867742 -10 -2 0 1 -1 2 -8 -1 0 1 -1 2 
937626538 6 0 1 0 -3 2 1 -2 -3 0 -2 2 
938344824 -7 -1 2 0 -4 1 -5 2 -4 0 -4 1 
940866926 -2 0 1 -1 -5 1 -5 0 1 -1 -5 0 
941024120 -5 -2 0 -1 -5 1 -9 -4 0 -1 -5 1 
942622522 -5 -2 -3 -3 -5 1 -4 1 1 -3 -5 1 
943379728 -7 0 -2 -3 -5 0 -7 0 0 -2 -5 0 
945893322 0 1 -4 -3 -4 0 -3 5 1 -2 -4 0 
948367712 -6 -1 0 1 -4 0 -4 -1 -3 1 -4 0 
950235308 2 1 3 2 -3 1 -1 -1 -1 2 -2 1 
955579566 0 -7 2 2 0 2 4 -7 -2 2 0 2 
955736098 3 -3 2 2 -1 2 -2 -5 4 2 -1 1 
960562888 -6 -2 3 1 -2 0 -10 -3 3 1 -2 0 
963233170 -3 -1 -2 -1 -4 -1 -3 -1 0 0 -3 0 
963390084 -1 -6 0 0 -4 0 -5 -6 2 0 -4 0 
965904072 -7 -8 8 -1 -5 0 -6 -8 -1 -1 -4 0 
968418468 -6 -7 -3 0 -5 0 -1 -3 -2 0 -5 0 
970893668 -2 2 1 0 -4 1 -2 3 3 0 -3 1 
971011268 1 -9 -1 0 -4 1 0 -9 2 0 -4 1 
973441664 -5 -2 -1 -1 -2 1 -5 -1 2 -1 -2 1 
973559552 -9 -9 5 -1 -1 1 -9 -5 0 -1 -1 1 
975952866 -3 -3 3 1 -3 2 -5 -4 1 1 -2 2 
976070752 -3 -3 -2 1 -2 1 -2 0 2 1 -2 1 
978425254 -10 0 2 2 -2 2 -7 0 1 2 -2 1 
978624054 -5 -5 8 2 -2 2 -4 -4 1 2 -2 1 
980980450 2 2 -1 2 -2 2 4 4 0 1 -2 2 
983772844 -2 -1 1 -1 -3 0 -2 2 -1 -1 -2 0 
983890450 -8 -8 3 0 -3 2 -6 -8 0 0 -3 2 
989124840 -2 -7 0 0 -4 2 -1 -5 2 0 -4 1 
990963636 -3 -6 0 0 -4 1 -4 -7 2 0 -4 0 
991600030 -7 -5 -2 -1 -4 1 -7 -5 0 -1 -4 1 
994120724 -5 -3 -2 0 -4 1 -4 -4 1 0 -4 1 
996796420 4 -4 4 0 -2 2 2 -4 -1 0 -2 2 
996954020 -8 0 3 0 -3 0 -9 -4 -1 0 -3 0 
998506022 -4 2 0 1 -3 0 -3 2 -2 1 -3 0 
998662816 0 -2 -1 1 -3 2 -4 -5 0 1 -3 2 
1001012006 1 -1 1 1 -2 2 1 1 0 1 -2 2 
1001169218 -3 -1 -1 1 -2 2 -1 -3 -2 1 -2 1 
1006028408 5 3 -4 0 -4 1 5 2 0 0 -3 1 
1006106808 1 -1 -3 0 -4 2 2 0 1 0 -4 1 
1006941494 -10 -2 2 0 -4 1 -6 -1 0 0 -4 1 
1007059206 -8 -4 2 0 -4 2 -9 -4 2 0 -4 1 
1008567590 0 -1 2 0 -4 1 -2 0 1 0 -4 1 
1009482788 -3 2 -1 1 -5 0 -2 2 1 1 -4 0 
1017172656 3 5 0 2 -2 1 2 4 0 2 -2 1 
1018565572 2 -1 -3 1 -2 2 2 -1 -1 1 -2 2 
1019679576 -2 1 -2 0 -2 1 -3 0 2 0 -2 1 
1021036780 0 1 -5 0 -4 1 -1 5 1 0 -3 1 
1022155458 -7 -1 -2 -1 -3 1 -6 -1 -2 0 -3 1 
1023587968 -4 -2 -2 -1 -5 0 -3 -1 1 -1 -4 0 
1024705166 -1 1 -1 0 -4 0 -1 1 0 0 -4 0 
1026055832 -1 -2 1 1 -4 0 -3 -2 1 1 -4 0 
1028570358 -4 2 -1 1 -1 0 -3 0 -1 1 -1 0 
1029888362 -2 0 0 1 -1 0 -1 4 0 0 -1 0 
1036079950 1 1 -2 -1 -4 1 -1 0 -1 -1 -4 1 
1037719034 -6 -2 -3 -1 -4 0 -5 -2 0 0 -4 0 
1038593934 -4 -5 0 0 -4 0 0 -4 -2 0 -4 0 
1040229530 -4 -1 0 0 -3 -1 0 0 0 0 -2 0 
1041107528 -1 0 0 1 -3 1 -1 1 0 1 -3 0 
1043589936 2 0 -3 1 -3 2 0 -2 2 1 -3 2 
1043747130 5 0 0 1 -3 1 5 4 -2 1 -3 1 
1050582710 1 4 -1 1 -3 1 0 4 0 1 -3 1 
1050700310 -2 -3 -3 0 -3 1 -1 -2 1 0 -3 1 
1053605786 -6 -3 2 2 -1 1 -4 -2 -2 2 -1 1 
1053762716 0 -2 0 2 -1 2 2 -4 3 2 -1 2 
1055591506 -3 -2 1 2 -1 2 -1 -2 0 2 -1 1 
1058139902 -2 -3 4 0 -2 1 -2 -2 -1 0 -2 1 
1058218702 -2 -8 1 0 -2 1 -1 -6 -1 0 -2 1 
1058651900 -2 -3 -1 0 -3 2 -2 0 4 0 -3 2 
1061156696 -5 0 1 -2 -5 0 -7 0 -1 -2 -5 0 
1063305886 -5 -1 2 -1 -5 0 -1 0 -2 -1 -5 0 
1065776694 1 -8 0 0 -5 0 1 -10 0 0 -5 0 
1065894286 2 1 1 0 -5 0 2 3 1 0 -4 0 
1066171080 -2 0 -2 0 -5 0 -3 1 -2 0 -5 0 
1068325000 -1 -7 0 2 -1 0 0 -4 0 1 -1 0 
1070800284 6 2 3 3 1 1 2 0 -2 3 0 1 
1071156682 -2 -3 0 2 1 1 -2 0 3 2 1 1 
1073674678 0 -3 1 1 0 3 -1 -1 -1 1 0 2 
1075948674 -4 -1 2 0 -4 1 -5 -1 1 0 -3 1 
1076066668 -2 -5 1 -1 -4 1 -2 -4 1 -1 -4 1 
1076263360 -2 -7 -1 -1 -4 1 -1 -4 0 -1 -4 1 
1078491756 -4 -3 -4 -2 -6 0 -2 -3 0 -2 -6 0 
1078727462 2 -8 0 -2 -6 0 2 -8 1 -2 -6 0 
1081003458 -1 -5 -4 -1 -6 0 -2 -5 -2 -1 -6 0 
1081199738 6 0 -1 -1 -6 -1 3 0 -5 -1 -6 -1 
1083511734 -9 1 0 0 -4 0 -7 1 1 0 -3 0 
1086181454 -4 -1 4 0 -2 1 -4 0 0 0 -1 1 
1086299054 -5 1 -3 0 -2 2 -6 0 -1 0 -2 2 
1088657442 -4 -5 3 1 -1 2 -3 -8 3 1 -1 2 
1088853836 -5 -4 -4 1 -2 1 -6 0 0 1 -1 1 
1091214532 -7 -10 -2 2 0 2 -3 -10 2 2 0 1 
1093691826 0 2 5 1 -1 1 0 2 0 1 -1 1 
1093770240 -4 -1 5 1 -1 2 -1 -1 1 1 -1 2 
1096210234 -1 -2 -2 -1 -3 1 0 -1 1 -1 -2 1 
1096328628 1 1 3 0 -3 1 0 1 1 0 -3 1 
1101211424 -3 -3 -2 -1 -2 0 0 -2 0 -1 -2 0 
1101330074 -4 -2 -2 -2 -3 0 -6 -2 0 -1 -3 0 
1101447824 -11 -4 5 -1 -3 1 -7 -4 1 -1 -2 1 
1103762614 -5 -8 3 -1 -4 1 -4 -8 1 -1 -4 1 
1103919808 -1 -3 -2 -1 -4 1 0 -4 -2 -1 -4 1 
1106226202 0 2 -3 0 -2 0 1 6 0 0 -2 0 
1106423014 -3 -6 0 0 -2 1 -3 -9 0 0 -2 1 
1106541014 -5 -5 -1 0 -2 1 -4 -6 1 0 -2 1 
1108771810 0 4 -1 1 -2 2 -1 0 0 1 -2 2 
1108969810 -2 -8 2 0 -2 2 -1 -10 0 0 -2 1 
1111282206 -6 -4 6 0 -2 2 -5 -4 -1 0 -2 2 
1113786988 -6 -1 3 0 -2 1 -2 2 0 0 -2 1 
