2658889 1 2 3 4 5 6 7 8 9 10 11 12 13 
2658939 1 2 3 4 5 6 7 8 9 10 11 12 13 
2658990 1 2 3 4 5 6 7 8 9 10 11 12 13 
2659040 1 2 3 4 5 6 7 8 9 10 11 12 13 
2659090 1 2 3 4 5 6 7 8 9 10 11 12 13 
2659140 1 2 3 4 5 6 7 8 9 10 11 12 13 
2659190 1 2 3 4 5 6 7 8 9 10 11 12 13 
2659240 1 2 3 4 5 6 7 8 9 10 11 12 13 
2659290 1 2 3 4 5 6 7 8 9 10 11 12 13 
2659340 1 2 3 4 5 6 7 8 9 10 11 12 13 
2659391 1 2 3 4 5 6 7 8 9 10 11 12 13 
2659441 1 2 3 4 5 6 7 8 9 10 11 12 13 
2659491 1 2 3 4 5 6 7 8 9 10 11 12 13 
2659541 1 2 3 4 5 6 7 8 9 10 11 12 13 
2659591 1 2 3 4 5 6 7 8 9 10 11 12 13 
2659641 1 2 3 4 5 6 7 8 9 10 11 12 13 
2659691 1 2 3 4 5 6 7 8 9 10 11 12 13 
2659741 1 2 3 4 5 6 7 8 9 10 11 12 13 
2659791 1 2 3 4 5 6 7 8 9 10 11 12 13 
2659841 1 2 3 4 5 6 7 8 9 10 11 12 13 
2659891 1 2 3 4 5 6 7 8 9 10 11 12 13 
2659942 1 2 3 4 5 6 7 8 9 10 11 12 13 
2659992 1 2 3 4 5 6 7 8 9 10 11 12 13 
2660042 1 2 3 4 5 6 7 8 9 10 11 12 13 
2660092 1 2 3 4 5 6 7 8 9 10 11 12 13 
2660142 1 2 3 4 5 6 7 8 9 10 11 12 13 
2660192 1 2 3 4 5 6 7 8 9 10 11 12 13 
2660242 1 2 3 4 5 6 7 8 9 10 11 12 13 
2660292 1 2 3 4 5 6 7 8 9 10 11 12 13 
2660342 1 2 3 4 5 6 7 8 9 10 11 12 13 
2660392 1 2 3 4 5 6 7 8 9 10 11 12 13 
2660442 1 2 3 4 5 6 7 8 9 10 11 12 13 
2660493 1 2 3 4 5 6 7 8 9 10 11 12 13 
2660543 1 2 3 4 5 6 7 8 9 10 11 12 13 
2660593 1 2 3 4 5 6 7 8 9 10 11 12 13 
2660643 1 2 3 4 5 6 7 8 9 10 11 12 13 
2660693 1 2 3 4 5 6 7 8 9 10 11 12 13 
2660743 1 2 3 4 5 6 7 8 9 10 11 12 13 
2660793 1 2 3 4 5 6 7 8 9 10 11 12 13 
2660843 1 2 3 4 5 6 7 8 9 10 11 12 13 
2660893 1 2 3 4 5 6 7 8 9 10 11 12 13 
2660943 1 2 3 4 5 6 7 8 9 10 11 12 13 
2660993 1 2 3 4 5 6 7 8 9 10 11 12 13 
2661044 1 2 3 4 5 6 7 8 9 10 11 12 13 
2661094 1 2 3 4 5 6 7 8 9 10 11 12 13 
2661144 1 2 3 4 5 6 7 8 9 10 11 12 13 
2661194 1 2 3 4 5 6 7 8 9 10 11 12 13 
2661244 1 2 3 4 5 6 7 8 9 10 11 12 13 
2661294 1 2 3 4 5 6 7 8 9 10 11 12 13 
2661344 1 2 3 4 5 6 7 8 9 10 11 12 13 
2661394 1 2 3 4 5 6 7 8 9 10 11 12 13 
2661444 1 2 3 4 5 6 7 8 9 10 11 12 13 
2661495 1 2 3 4 5 6 7 8 9 10 11 12 13 
2661545 1 2 3 4 5 6 7 8 9 10 11 12 13 
2661595 1 2 3 4 5 6 7 8 9 10 11 12 13 
2661645 1 2 3 4 5 6 7 8 9 10 11 12 13 
2661695 1 2 3 4 5 6 7 8 9 10 11 12 13 
2661745 1 2 3 4 5 6 7 8 9 10 11 12 13 
2661795 1 2 3 4 5 6 7 8 9 10 11 12 13 
2661845 1 2 3 4 5 6 7 8 9 10 11 12 13 
2661895 1 2 3 4 5 6 7 8 9 10 11 12 13 
2661945 1 2 3 4 5 6 7 8 9 10 11 12 13 
2661995 1 2 3 4 5 6 7 8 9 10 11 12 13 
2662046 1 2 3 4 5 6 7 8 9 10 11 12 13 
2662096 1 2 3 4 5 6 7 8 9 10 11 12 13 
2662146 1 2 3 4 5 6 7 8 9 10 11 12 13 
2662196 1 2 3 4 5 6 7 8 9 10 11 12 13 
2662249 1 2 3 4 5 6 7 8 9 10 11 12 13 
2662299 1 2 3 4 5 6 7 8 9 10 11 12 13 
2662349 1 2 3 4 5 6 7 8 9 10 11 12 13 
2662399 1 2 3 4 5 6 7 8 9 10 11 12 13 
2662449 1 2 3 4 5 6 7 8 9 10 11 12 13 
2662499 1 2 3 4 5 6 7 8 9 10 11 12 13 
2662549 1 2 3 4 5 6 7 8 9 10 11 12 13 
2662599 1 2 3 4 5 6 7 8 9 10 11 12 13 
2662649 1 2 3 4 5 6 7 8 9 10 11 12 13 
2662700 1 2 3 4 5 6 7 8 9 10 11 12 13 
2662750 1 2 3 4 5 6 7 8 9 10 11 12 13 
2662800 1 2 3 4 5 6 7 8 9 10 11 12 13 
2662853 1 2 3 4 5 6 7 8 9 10 11 12 13 
2662903 1 2 3 4 5 6 7 8 9 10 11 12 13 
2662953 1 2 3 4 5 6 7 8 9 10 11 12 13 
2663003 1 2 3 4 5 6 7 8 9 10 11 12 13 
2663053 1 2 3 4 5 6 7 8 9 10 11 12 13 
2663103 1 2 3 4 5 6 7 8 9 10 11 12 13 
2663153 1 2 3 4 5 6 7 8 9 10 11 12 13 
2663203 1 2 3 4 5 6 7 8 9 10 11 12 13 
2663253 1 2 3 4 5 6 7 8 9 10 11 12 13 
2663303 1 2 3 4 5 6 7 8 9 10 11 12 13 
2663353 1 2 3 4 5 6 7 8 9 10 11 12 13 
2663404 1 2 3 4 5 6 7 8 9 10 11 12 13 
2663454 1 2 3 4 5 6 7 8 9 10 11 12 13 
2663504 1 2 3 4 5 6 7 8 9 10 11 12 13 
2663554 1 2 3 4 5 6 7 8 9 10 11 12 13 
2663604 1 2 3 4 5 6 7 8 9 10 11 12 13 
2663654 1 2 3 4 5 6 7 8 9 10 11 12 13 
2663704 1 2 3 4 5 6 7 8 9 10 11 12 13 
2663754 1 2 3 4 5 6 7 8 9 10 11 12 13 
2663804 1 2 3 4 5 6 7 8 9 10 11 12 13 
2663854 1 2 3 4 5 6 7 8 9 10 11 12 13 
2663905 1 2 3 4 5 6 7 8 9 10 11 12 13 
2663955 1 2 3 4 5 6 7 8 9 10 11 12 13 
2664005 1 2 3 4 5 6 7 8 9 10 11 12 13 
2664055 1 2 3 4 5 6 7 8 9 10 11 12 13 
2664105 1 2 3 4 5 6 7 8 9 10 11 12 13 
2664155 1 2 3 4 5 6 7 8 9 10 11 12 13 
2664205 1 2 3 4 5 6 7 8 9 10 11 12 13 
2664255 1 2 3 4 5 6 7 8 9 10 11 12 13 
2664305 1 2 3 4 5 6 7 8 9 10 11 12 13 
2664355 1 2 3 4 5 6 7 8 9 10 11 12 13 
2664405 1 2 3 4 5 6 7 8 9 10 11 12 13 
2664456 1 2 3 4 5 6 7 8 9 10 11 12 13 
2664506 1 2 3 4 5 6 7 8 9 10 11 12 13 
2664556 1 2 3 4 5 6 7 8 9 10 11 12 13 
2664606 1 2 3 4 5 6 7 8 9 10 11 12 13 
2664656 1 2 3 4 5 6 7 8 9 10 11 12 13 
2664706 1 2 3 4 5 6 7 8 9 10 11 12 13 
2664756 1 2 3 4 5 6 7 8 9 10 11 12 13 
2664806 1 2 3 4 5 6 7 8 9 10 11 12 13 
2664856 1 2 3 4 5 6 7 8 9 10 11 12 13 
2664906 1 2 3 4 5 6 7 8 9 10 11 12 13 
2664957 1 2 3 4 5 6 7 8 9 10 11 12 13 
2665007 1 2 3 4 5 6 7 8 9 10 11 12 13 
2665057 1 2 3 4 5 6 7 8 9 10 11 12 13 
2665107 1 2 3 4 5 6 7 8 9 10 11 12 13 
2665157 1 2 3 4 5 6 7 8 9 10 11 12 13 
2665207 1 2 3 4 5 6 7 8 9 10 11 12 13 
2665257 1 2 3 4 5 6 7 8 9 10 11 12 13 
2665307 1 2 3 4 5 6 7 8 9 10 11 12 13 
2665357 1 2 3 4 5 6 7 8 9 10 11 12 13 
2665407 1 2 3 4 5 6 7 8 9 10 11 12 13 
2665457 1 2 3 4 5 6 7 8 9 10 11 12 13 
2665508 1 2 3 4 5 6 7 8 9 10 11 12 13 
2665558 1 2 3 4 5 6 7 8 9 10 11 12 13 
2665608 1 2 3 4 5 6 7 8 9 10 11 12 13 
2665658 1 2 3 4 5 6 7 8 9 10 11 12 13 
2665708 1 2 3 4 5 6 7 8 9 10 11 12 13 
2665758 1 2 3 4 5 6 7 8 9 10 11 12 13 
2665809 1 2 3 4 5 6 7 8 9 10 11 12 13 
2665861 1 2 3 4 5 6 7 8 9 10 11 12 13 
2665911 1 2 3 4 5 6 7 8 9 10 11 12 13 
2665961 1 2 3 4 5 6 7 8 9 10 11 12 13 
2666011 1 2 3 4 5 6 7 8 9 10 11 12 13 
2666061 1 2 3 4 5 6 7 8 9 10 11 12 13 
2666111 1 2 3 4 5 6 7 8 9 10 11 12 13 
2666161 1 2 3 4 5 6 7 8 9 10 11 12 13 
2666211 1 2 3 4 5 6 7 8 9 10 11 12 13 
2666261 1 2 3 4 5 6 7 8 9 10 11 12 13 
2666311 1 2 3 4 5 6 7 8 9 10 11 12 13 
2666361 1 2 3 4 5 6 7 8 9 10 11 12 13 
2666411 1 2 3 4 5 6 7 8 9 10 11 12 13 
2666462 1 2 3 4 5 6 7 8 9 10 11 12 13 
2666512 1 2 3 4 5 6 7 8 9 10 11 12 13 
2666562 1 2 3 4 5 6 7 8 9 10 11 12 13 
2666612 1 2 3 4 5 6 7 8 9 10 11 12 13 
2666662 1 2 3 4 5 6 7 8 9 10 11 12 13 
2666712 1 2 3 4 5 6 7 8 9 10 11 12 13 
2666762 1 2 3 4 5 6 7 8 9 10 11 12 13 
2666812 1 2 3 4 5 6 7 8 9 10 11 12 13 
2666862 1 2 3 4 5 6 7 8 9 10 11 12 13 
2666912 1 2 3 4 5 6 7 8 9 10 11 12 13 
2666963 1 2 3 4 5 6 7 8 9 10 11 12 13 
2667013 1 2 3 4 5 6 7 8 9 10 11 12 13 
2667063 1 2 3 4 5 6 7 8 9 10 11 12 13 
2667113 1 2 3 4 5 6 7 8 9 10 11 12 13 
2667163 1 2 3 4 5 6 7 8 9 10 11 12 13 
2667213 1 2 3 4 5 6 7 8 9 10 11 12 13 
2667263 1 2 3 4 5 6 7 8 9 10 11 12 13 
2667313 1 2 3 4 5 6 7 8 9 10 11 12 13 
2667363 1 2 3 4 5 6 7 8 9 10 11 12 13 
2667413 1 2 3 4 5 6 7 8 9 10 11 12 13 
2667463 1 2 3 4 5 6 7 8 9 10 11 12 13 
2667514 1 2 3 4 5 6 7 8 9 10 11 12 13 
2667564 1 2 3 4 5 6 7 8 9 10 11 12 13 
2667614 1 2 3 4 5 6 7 8 9 10 11 12 13 
2667664 1 2 3 4 5 6 7 8 9 10 11 12 13 
2667714 1 2 3 4 5 6 7 8 9 10 11 12 13 
2667764 1 2 3 4 5 6 7 8 9 10 11 12 13 
2667814 1 2 3 4 5 6 7 8 9 10 11 12 13 
2667864 1 2 3 4 5 6 7 8 9 10 11 12 13 
2667914 1 2 3 4 5 6 7 8 9 10 11 12 13 
2667965 1 2 3 4 5 6 7 8 9 10 11 12 13 
2668015 1 2 3 4 5 6 7 8 9 10 11 12 13 
2668065 1 2 3 4 5 6 7 8 9 10 11 12 13 
2668115 1 2 3 4 5 6 7 8 9 10 11 12 13 
2668165 1 2 3 4 5 6 7 8 9 10 11 12 13 
2668215 1 2 3 4 5 6 7 8 9 10 11 12 13 
2668265 1 2 3 4 5 6 7 8 9 10 11 12 13 
2668316 1 2 3 4 5 6 7 8 9 10 11 12 13 
2668366 1 2 3 4 5 6 7 8 9 10 11 12 13 
2668416 1 2 3 4 5 6 7 8 9 10 11 12 13 
2668466 1 2 3 4 5 6 7 8 9 10 11 12 13 
2668516 1 2 3 4 5 6 7 8 9 10 11 12 13 
2668566 1 2 3 4 5 6 7 8 9 10 11 12 13 
2668616 1 2 3 4 5 6 7 8 9 10 11 12 13 
2668666 1 2 3 4 5 6 7 8 9 10 11 12 13 
2668716 1 2 3 4 5 6 7 8 9 10 11 12 13 
2668766 1 2 3 4 5 6 7 8 9 10 11 12 13 
2668816 1 2 3 4 5 6 7 8 9 10 11 12 13 
2668867 1 2 3 4 5 6 7 8 9 10 11 12 13 
2668917 1 2 3 4 5 6 7 0 0 0 0 0 0 0 0 0 9 0 0 0 0 0 0 0 0 0 0 0 0 10 0 0 0 0 0 0 0 0 0 0 0 0 0 0 0 0 0 0 0 0 
