116518 0 0 0 0 0 0 0 0 0 0 0 0 0 
116569 0 0 0 0 0 0 0 0 0 0 0 0 0 
116619 0 0 0 0 0 0 0 0 0 0 0 0 0 
116669 0 0 0 0 0 0 0 0 0 0 0 0 0 
116719 0 0 0 0 0 0 0 0 0 0 0 0 0 
116769 0 0 0 0 0 0 0 0 0 0 0 0 0 
116819 0 0 0 0 0 0 0 0 0 0 0 0 0 
116869 0 0 0 0 0 0 0 0 0 0 0 0 0 
116919 0 0 0 0 0 0 0 0 0 0 0 0 0 
116970 0 0 0 0 0 0 0 0 0 0 0 0 0 
117020 0 0 0 0 0 0 0 0 0 0 0 0 0 
117070 0 0 0 0 0 0 0 0 0 0 0 0 0 
117120 0 0 0 0 0 0 0 0 0 0 0 0 0 
117170 0 0 0 0 0 0 0 0 0 0 0 0 0 
117220 0 0 0 0 0 0 0 0 0 0 0 0 0 
117270 0 0 0 0 0 0 0 0 0 0 0 0 0 
117320 0 0 0 0 0 0 0 0 0 0 0 0 0 
117370 0 0 0 0 0 0 0 0 0 0 0 0 0 
117420 0 0 0 0 0 0 0 0 0 0 0 0 0 
117471 0 0 0 0 0 0 0 0 0 0 0 0 0 
117521 0 0 0 0 0 0 0 0 0 0 0 0 0 
117571 0 0 0 0 0 0 0 0 0 0 0 0 0 
117621 0 0 0 0 0 0 0 0 0 0 0 0 0 
117671 0 0 0 0 0 0 0 0 0 0 0 0 0 
117721 0 0 0 0 0 0 0 0 0 0 0 0 0 
117771 0 0 0 0 0 0 0 0 0 0 0 0 0 
117821 0 0 0 0 0 0 0 0 0 0 0 0 0 
117871 0 0 0 0 0 0 0 0 0 0 0 0 0 
117921 0 0 0 0 0 0 0 0 0 0 0 0 0 
117972 0 0 0 0 0 0 0 0 0 0 0 0 0 
118022 0 0 0 0 0 0 0 0 0 0 0 0 0 
118072 0 0 0 0 0 0 0 0 0 0 0 0 0 
118122 0 0 0 0 0 0 0 0 0 0 0 0 0 
118172 0 0 0 0 0 0 0 0 0 0 0 0 0 
118222 0 0 0 0 0 0 0 0 0 0 0 0 0 
118272 0 0 0 0 0 0 0 0 0 0 0 0 0 
118322 0 0 0 0 0 0 0 0 0 0 0 0 0 
118372 0 0 0 0 0 0 0 0 0 0 0 0 0 
118422 0 0 0 0 0 0 0 0 0 0 0 0 0 
118472 0 0 0 0 0 0 0 0 0 0 0 0 0 
118523 0 0 0 0 0 0 0 0 0 0 0 0 0 
118573 0 0 0 0 0 0 0 0 0 0 0 0 0 
118623 0 0 0 0 0 0 0 0 0 0 0 0 0 
118673 0 0 0 0 0 0 0 0 0 0 0 0 0 
118723 0 0 0 0 0 0 0 0 0 0 0 0 0 
118773 0 0 0 0 0 0 0 0 0 0 0 0 0 
118823 0 0 0 0 0 0 0 0 0 0 0 0 0 
118873 0 0 0 0 0 0 0 0 0 0 0 0 0 
118923 0 0 0 0 0 0 0 0 0 0 0 0 0 
118973 0 0 0 0 0 0 0 0 0 0 0 0 0 
119024 0 0 0 0 0 0 0 0 0 0 0 0 0 
119074 0 0 0 0 0 0 0 0 0 0 0 0 0 
119124 0 0 0 0 0 0 0 0 0 0 0 0 0 
119174 0 0 0 0 0 0 0 0 0 0 0 0 0 
119224 0 0 0 0 0 0 0 0 0 0 0 0 0 
119274 0 0 0 0 0 0 0 0 0 0 0 0 0 
119324 0 0 0 0 0 0 0 0 0 0 0 0 0 
119374 0 0 0 0 0 0 0 0 0 0 0 0 0 
119424 0 0 0 0 0 0 0 0 0 0 0 0 0 
119475 0 0 0 0 0 0 0 0 0 0 0 0 0 
119525 0 0 0 0 0 0 0 0 0 0 0 0 0 
119575 0 0 0 0 0 0 0 0 0 0 0 0 0 
119625 0 0 0 0 0 0 0 0 0 0 0 0 0 
119675 0 0 0 0 0 0 0 0 0 0 0 0 0 
119725 0 0 0 0 0 0 0 0 0 0 0 0 0 
119775 0 0 0 0 0 0 0 0 0 0 0 0 0 
119825 0 0 0 0 0 0 0 0 0 0 0 0 0 
119875 0 0 0 0 0 0 0 0 0 0 0 0 0 
119925 0 0 0 0 0 0 0 0 0 0 0 0 0 
119975 0 0 0 0 0 0 0 0 0 0 0 0 0 
120026 0 0 0 0 0 0 0 0 0 0 0 0 0 
120076 0 0 0 0 0 0 0 0 0 0 0 0 0 
120126 0 0 0 0 0 0 0 0 0 0 0 0 0 
120176 0 0 0 0 0 0 0 0 0 0 0 0 0 
120226 0 0 0 0 0 0 0 0 0 0 0 0 0 
120276 0 0 0 0 0 0 0 0 0 0 0 0 0 
120326 0 0 0 0 0 0 0 0 0 0 0 0 0 
120376 0 0 0 0 0 0 0 0 0 0 0 0 0 
120426 0 0 0 0 0 0 0 0 0 0 0 0 0 
120476 0 0 0 0 0 0 0 0 0 0 0 0 0 
120526 0 0 0 0 0 0 0 0 0 0 0 0 0 
120579 0 0 0 0 0 0 0 0 0 0 0 0 0 
120629 0 0 0 0 0 0 0 0 0 0 0 0 0 
120679 0 0 0 0 0 0 0 0 0 0 0 0 0 
120729 0 0 0 0 0 0 0 0 0 0 0 0 0 
120780 0 0 0 0 0 0 0 0 0 0 0 0 0 
120830 0 0 0 0 0 0 0 0 0 0 0 0 0 
120880 0 0 0 0 0 0 0 0 0 0 0 0 0 
120931 0 0 0 0 0 0 0 0 0 0 0 0 0 
120981 0 0 0 0 0 0 0 0 0 0 0 0 0 
121031 0 0 0 0 0 0 0 0 0 0 0 0 0 
121081 0 0 0 0 0 0 0 0 0 0 0 0 0 
121131 0 0 0 0 0 0 0 0 0 0 0 0 0 
121181 0 0 0 0 0 0 0 0 0 0 0 0 0 
121231 0 0 0 0 0 0 0 0 0 0 0 0 0 
121281 0 0 0 0 0 0 0 0 0 0 0 0 0 
121331 0 0 0 0 0 0 0 0 0 0 0 0 0 
121381 0 0 0 0 0 0 0 0 0 0 0 0 0 
121432 0 0 0 0 0 0 0 0 0 0 0 0 0 
121482 0 0 0 0 0 0 0 0 0 0 0 0 0 
121532 0 0 0 0 0 0 0 0 0 0 0 0 0 
121582 0 0 0 0 0 0 0 0 0 0 0 0 0 
121632 0 0 0 0 0 0 0 0 0 0 0 0 0 
121682 0 0 0 0 0 0 0 0 0 0 0 0 0 
121732 0 0 0 0 0 0 0 0 0 0 0 0 0 
121782 0 0 0 0 0 0 0 0 0 0 0 0 0 
121832 0 0 0 0 0 0 0 0 0 0 0 0 0 
121882 0 0 0 0 0 0 0 0 0 0 0 0 0 
