727520 1 2 3 4 5 6 7 8 9 10 11 12 13 
727570 1 2 3 4 5 6 7 8 9 10 11 12 13 
727621 1 2 3 4 5 6 7 8 9 10 11 12 13 
727671 1 2 3 4 5 6 7 8 9 10 11 12 13 
727721 1 2 3 4 5 6 7 8 9 10 11 12 13 
727771 1 2 3 4 5 6 7 8 9 10 11 12 13 
727821 1 2 3 4 5 6 7 8 9 10 11 12 13 
727871 1 2 3 4 5 6 7 8 9 10 11 12 13 
727921 1 2 3 4 5 6 7 8 9 10 11 12 13 
727972 1 2 3 4 5 6 7 8 9 10 11 12 13 
728022 1 2 3 4 5 6 7 8 9 10 11 12 13 
728072 1 2 3 4 5 6 7 8 9 10 11 12 13 
728122 1 2 3 4 5 6 7 8 9 10 11 12 13 
728172 1 2 3 4 5 6 7 8 9 10 11 12 13 
728222 1 2 3 4 5 6 7 8 9 10 11 12 13 
728272 1 2 3 4 5 6 7 8 9 10 11 12 13 
728322 1 2 3 4 5 6 7 8 9 10 11 12 13 
728373 1 2 3 4 5 6 7 8 9 10 11 12 13 
728423 1 2 3 4 5 6 7 8 9 10 11 12 13 
728473 1 2 3 4 5 6 7 8 9 10 11 12 13 
728523 1 2 3 4 5 6 7 8 9 10 11 12 13 
728573 1 2 3 4 5 6 7 8 9 10 11 12 13 
728623 1 2 3 4 5 6 7 8 9 10 11 12 13 
728674 1 2 3 4 5 6 7 8 9 10 11 12 13 
728724 1 2 3 4 5 6 7 8 9 10 11 12 13 
728774 1 2 3 4 5 6 7 8 9 10 11 12 13 
728824 1 2 3 4 5 6 7 8 9 10 11 12 13 
728874 1 2 3 4 5 6 7 8 9 10 11 12 13 
728924 1 2 3 4 5 6 7 8 9 10 11 12 13 
728974 1 2 3 4 5 6 7 8 9 10 11 12 13 
729024 1 2 3 4 5 6 7 8 9 10 11 12 13 
729074 1 2 3 4 5 6 7 8 9 10 11 12 13 
729125 1 2 3 4 5 6 7 8 9 10 11 12 13 
729174 1 2 3 4 5 6 7 8 9 10 11 12 13 
729225 1 2 3 4 5 6 7 8 9 10 11 12 13 
729275 1 2 3 4 5 6 7 8 9 10 11 12 13 
729325 1 2 3 4 5 6 7 8 9 10 11 12 13 
729375 1 2 3 4 5 6 7 8 9 10 11 12 13 
729425 1 2 3 4 5 6 7 8 9 10 11 12 13 
729475 1 2 3 4 5 6 7 8 9 10 11 12 13 
729525 1 2 3 4 5 6 7 8 9 10 11 12 13 
729575 1 2 3 4 5 6 7 8 9 10 11 12 13 
729625 1 2 3 4 5 6 7 8 9 10 11 12 13 
729675 1 2 3 4 5 6 7 8 9 10 11 12 13 
729726 1 2 3 4 5 6 7 8 9 10 11 12 13 
729776 1 2 3 4 5 6 7 8 9 10 11 12 13 
729826 1 2 3 4 5 6 7 8 9 10 11 12 13 
729876 1 2 3 4 5 6 7 8 9 10 11 12 13 
729926 1 2 3 4 5 6 7 8 9 10 11 12 13 
729976 1 2 3 4 5 6 7 8 9 10 11 12 13 
730026 1 2 3 4 5 6 7 8 9 10 11 12 13 
730076 1 2 3 4 5 6 7 8 9 10 11 12 13 
730126 1 2 3 4 5 6 7 8 9 10 11 12 13 
730177 1 2 3 4 5 6 7 8 9 10 11 12 13 
730227 1 2 3 4 5 6 7 8 9 10 11 12 13 
730277 1 2 3 4 5 6 7 8 9 10 11 12 13 
730327 1 2 3 4 5 6 7 8 9 10 11 12 13 
730379 1 2 3 4 5 6 7 8 9 10 11 12 13 
730429 1 2 3 4 5 6 7 8 9 10 11 12 13 
730479 1 2 3 4 5 6 7 8 9 10 11 12 13 
730529 1 2 3 4 5 6 7 8 9 10 11 12 13 
730579 1 2 3 4 5 6 7 8 9 10 11 12 13 
730630 1 2 3 4 5 6 7 8 9 10 11 12 13 
730680 1 2 3 4 5 6 7 8 9 10 11 12 13 
730730 1 2 3 4 5 6 7 8 9 10 11 12 13 
730780 1 2 3 4 5 6 7 8 9 10 11 12 13 
730830 1 2 3 4 5 6 7 8 9 10 11 12 13 
730881 1 2 3 4 5 6 7 8 9 10 11 12 13 
730931 1 2 3 4 5 6 7 8 9 10 11 12 13 
730981 1 2 3 4 5 6 7 8 9 10 11 12 13 
731031 1 2 3 4 5 6 7 8 9 10 11 12 13 
731081 1 2 3 4 5 6 7 8 9 10 11 12 13 
731131 1 2 3 4 5 6 7 8 9 10 11 12 13 
731181 1 2 3 4 5 6 7 8 9 10 11 12 13 
731231 1 2 3 4 5 6 7 8 9 10 11 12 13 
731281 1 2 3 4 5 6 7 8 9 10 11 12 13 
731331 1 2 3 4 5 6 7 8 9 10 11 12 13 
731385 1 2 3 4 5 6 7 8 9 10 11 12 13 
731435 1 2 3 4 5 6 7 8 9 10 11 12 13 
731485 1 2 3 4 5 6 7 8 9 10 11 12 13 
731535 1 2 3 4 5 6 7 8 9 10 11 12 13 
731585 1 2 3 4 5 6 7 8 9 10 11 12 13 
731636 1 2 3 4 5 6 7 8 9 10 11 12 13 
731686 1 2 3 4 5 6 7 8 9 10 11 12 13 
731736 1 2 3 4 5 6 7 8 9 10 11 12 13 
731786 1 2 3 4 5 6 7 8 9 10 11 12 13 
731836 1 2 3 4 5 6 7 8 9 10 11 12 13 
731886 1 2 3 4 5 6 7 8 9 10 11 12 13 
731936 1 2 3 4 5 6 7 8 9 10 11 12 13 
731986 1 2 3 4 5 6 7 8 9 10 11 12 13 
732036 1 2 3 4 5 6 7 8 9 10 11 12 13 
732086 1 2 3 4 5 6 7 8 9 10 11 12 13 
732137 1 2 3 4 5 6 7 8 9 10 11 12 13 
732187 1 2 3 4 5 6 7 8 9 10 11 12 13 
732237 1 2 3 4 5 6 7 8 9 10 11 12 13 
732287 1 2 3 4 5 6 7 8 9 10 11 12 13 
732337 1 2 3 4 5 6 7 8 9 10 11 12 13 
732387 1 2 3 4 5 6 7 8 9 10 11 12 13 
732437 1 2 3 4 5 6 7 8 9 10 11 12 13 
732488 1 2 3 4 5 6 7 8 9 10 11 12 13 
732538 1 2 3 4 5 6 7 8 9 10 11 12 13 
732588 1 2 3 4 5 6 7 8 9 10 11 12 13 
732638 1 2 3 4 5 6 7 8 9 10 11 12 13 
732688 1 2 3 4 5 6 7 8 9 10 11 12 13 
732738 1 2 3 4 5 6 7 8 9 10 11 12 13 
732788 1 2 3 4 5 6 7 8 9 10 11 12 13 
732838 1 2 3 4 5 6 7 8 9 10 11 12 13 
732888 1 2 3 4 5 6 7 8 9 10 11 12 13 
732938 1 2 3 4 5 6 7 8 9 10 11 12 13 
732988 1 2 3 4 5 6 7 8 9 10 11 12 13 
733039 1 2 3 4 5 6 7 8 9 10 11 12 13 
733089 1 2 3 4 5 6 7 8 9 10 11 12 13 
733139 1 2 3 4 5 6 7 8 9 10 11 12 13 
733189 1 2 3 4 5 6 7 8 9 10 11 12 13 
733239 1 2 3 4 5 6 7 8 9 10 11 12 13 
733289 1 2 3 4 5 6 7 8 9 10 11 12 13 
733339 1 2 3 4 5 6 7 8 9 10 11 12 13 
733389 1 2 3 4 5 6 7 8 9 10 11 12 13 
733439 1 2 3 4 5 6 7 8 9 10 11 12 13 
733489 1 2 3 4 5 6 7 8 9 10 11 12 13 
733539 1 2 3 4 5 6 7 8 9 10 11 12 13 
733589 1 2 3 4 5 6 7 8 9 10 11 12 13 
733640 1 2 3 4 5 6 7 8 9 10 11 12 13 
733690 1 2 3 4 5 6 7 8 9 10 11 12 13 
733740 1 2 3 4 5 6 7 8 9 10 11 12 13 
733790 1 2 3 4 5 6 7 8 9 10 11 12 13 
733840 1 2 3 4 5 6 7 8 9 10 11 12 13 
733890 1 2 3 4 5 6 7 8 9 10 11 12 13 
733940 1 2 3 4 5 6 7 8 9 10 11 12 13 
733990 1 2 3 4 5 6 7 8 9 10 11 12 13 
734040 1 2 3 4 5 6 7 8 9 10 11 12 13 
734090 1 2 3 4 5 6 7 8 9 10 11 12 13 
734141 1 2 3 4 5 6 7 8 9 10 11 12 13 
734191 1 2 3 4 5 6 7 8 9 10 11 12 13 
734241 1 2 3 4 5 6 7 8 9 10 11 12 13 
734291 1 2 3 4 5 6 7 8 9 10 11 12 13 
734341 1 2 3 4 5 6 7 8 9 10 11 12 13 
734391 1 2 3 4 5 6 7 8 9 10 11 12 13 
734441 1 2 3 4 5 6 7 8 9 10 11 12 13 
734491 1 2 3 4 5 6 7 8 9 10 11 12 13 
734542 1 2 3 4 5 6 7 8 9 10 11 12 13 
734592 1 2 3 4 5 6 7 8 9 10 11 12 13 
734642 1 2 3 4 5 6 7 8 9 10 11 12 13 
734692 1 2 3 4 5 6 7 8 9 10 11 12 13 
734742 1 2 3 4 5 6 7 8 9 10 11 12 13 
734792 1 2 3 4 5 6 7 8 9 10 11 12 13 
734842 1 2 3 4 5 6 7 8 9 10 11 12 13 
734892 1 2 3 4 5 6 7 8 9 10 11 12 13 
734942 1 2 3 4 5 6 7 8 9 10 11 12 13 
734992 1 2 3 4 5 6 7 8 9 10 11 12 13 
735042 1 2 3 4 5 6 7 8 9 10 11 12 13 
735093 1 2 3 4 5 6 7 8 9 10 11 12 13 
735143 1 2 3 4 5 6 7 8 9 10 11 12 13 
735193 1 2 3 4 5 6 7 8 9 10 11 12 13 
735243 1 2 3 4 5 6 7 8 9 10 11 12 13 
735293 1 2 3 4 5 6 7 8 9 10 11 12 13 
735343 1 2 3 4 5 6 7 8 9 10 11 12 13 
735393 1 2 3 4 5 6 7 8 9 10 11 12 13 
735443 1 2 3 4 5 6 7 8 9 10 11 12 13 
735493 1 2 3 4 5 6 7 8 9 10 11 12 13 
735544 1 2 3 4 5 6 7 8 9 10 11 12 13 
735594 1 2 3 4 5 6 7 8 9 10 11 12 13 
735644 1 2 3 4 5 6 7 8 9 10 11 12 13 
735694 1 2 3 4 5 6 7 8 9 10 11 12 13 
735744 1 2 3 4 5 6 7 8 9 10 11 12 13 
735794 1 2 3 4 5 6 7 8 9 10 11 12 13 
735844 1 2 3 4 5 6 7 8 9 10 11 12 13 
735894 1 2 3 4 5 6 7 8 9 10 11 12 13 
735948 1 2 3 4 5 6 7 8 9 10 11 12 13 
735998 1 2 3 4 5 6 7 8 9 10 11 12 13 
736048 1 2 3 4 5 6 7 8 9 10 11 12 13 
736098 1 2 3 4 5 6 7 8 9 10 11 12 13 
736148 1 2 3 4 5 6 7 8 9 10 11 12 13 
736198 1 2 3 4 5 6 7 8 9 10 11 12 13 
736248 1 2 3 4 5 6 7 8 9 10 11 12 13 
736299 1 2 3 4 5 6 7 8 9 10 11 12 13 
736349 1 2 3 4 5 6 7 8 9 10 11 12 13 
736399 1 2 3 4 5 6 7 8 9 10 11 12 13 
736449 1 2 3 4 5 6 7 8 9 10 11 12 13 
736499 1 2 3 4 5 6 7 8 9 10 11 12 13 
736549 1 2 3 4 5 6 7 8 9 10 11 12 13 
736599 1 2 3 4 5 6 7 8 9 10 11 12 13 
736649 1 2 3 4 5 6 7 8 9 10 11 12 13 
736699 1 2 3 4 5 6 7 8 9 10 11 12 13 
736749 1 2 3 4 5 6 7 8 9 10 11 12 13 
736799 1 2 3 4 5 6 7 8 9 10 11 12 13 
736850 1 2 3 4 5 6 7 8 9 10 11 12 13 
736900 1 2 3 4 5 6 7 8 9 10 11 12 13 
736950 1 2 3 4 5 6 7 8 9 10 11 12 13 
737000 1 2 3 4 5 6 7 8 9 10 11 12 13 
737050 1 2 3 4 5 6 7 8 9 10 11 12 13 
737100 1 2 3 4 5 6 7 8 9 10 11 12 13 
737150 1 2 3 4 5 6 7 8 9 10 11 12 13 
737200 1 2 3 4 5 6 7 8 9 10 11 12 13 
737250 1 2 3 4 5 6 7 8 9 10 11 12 13 
737300 1 2 3 4 5 6 7 8 9 10 11 12 13 
737351 1 2 3 4 5 6 7 8 9 10 11 12 13 
