190764 0 0 0 0 0 0 0 0 0 0 0 8 0 
190814 0 0 0 0 0 0 0 0 0 0 0 8 0 
190867 0 0 0 0 0 0 0 0 0 0 0 8 0 
190917 0 0 0 0 0 0 0 0 0 0 0 8 0 
190967 0 0 0 0 0 0 0 0 0 0 0 8 0 
191017 0 0 0 0 0 0 0 0 0 0 0 8 0 
191067 0 0 0 0 0 0 0 0 0 0 0 8 0 
191118 0 0 0 0 0 0 0 0 0 0 0 8 0 
191168 0 0 0 0 0 0 0 0 0 0 0 8 0 
191218 0 0 0 0 0 0 0 0 0 0 0 8 0 
191268 0 0 0 0 0 0 0 0 0 0 0 8 0 
191318 0 0 0 0 0 0 0 0 0 0 0 8 0 
191368 0 0 0 0 0 0 0 0 0 0 0 8 0 
191418 0 0 0 0 0 0 0 0 0 0 0 8 0 
191469 0 0 0 0 0 0 0 0 0 0 0 8 0 
191521 0 0 0 0 0 0 0 0 0 0 0 8 0 
191571 0 0 0 0 0 0 0 0 0 0 0 8 0 
191621 0 0 0 0 0 0 0 0 0 0 0 8 0 
191672 0 0 0 0 0 0 0 0 0 0 0 8 0 
191722 0 0 0 0 0 0 0 0 0 0 0 8 0 
191772 0 0 0 0 0 0 0 0 0 0 0 8 0 
191823 0 0 0 0 0 0 0 0 0 0 0 8 0 
191873 0 0 0 0 0 0 0 0 0 0 0 8 0 
191923 0 0 0 0 0 0 0 0 0 0 0 8 0 
191976 0 0 0 0 0 0 0 0 0 0 0 8 0 
192026 0 0 0 0 0 0 0 0 0 0 0 8 0 
192077 0 0 0 0 0 0 0 0 0 0 0 8 0 
192127 0 0 0 0 0 0 0 0 0 0 0 8 0 
192177 0 0 0 0 0 0 0 0 0 0 0 8 0 
192227 0 0 0 0 0 0 0 0 0 0 0 8 0 
192277 0 0 0 0 0 0 0 0 0 0 0 8 0 
192327 0 0 0 0 0 0 0 0 0 0 0 8 0 
192378 0 0 0 0 0 0 0 0 0 0 0 8 0 
192428 0 0 0 0 0 0 0 0 0 0 0 8 0 
192478 0 0 0 0 0 0 0 0 0 0 0 8 0 
192528 0 0 0 0 0 0 0 0 0 0 0 8 0 
192578 0 0 0 0 0 0 0 0 0 0 0 8 0 
192628 0 0 0 0 0 0 0 0 0 0 0 8 0 
192679 0 0 0 0 0 0 0 0 0 0 0 8 0 
192731 0 0 0 0 0 0 0 0 0 0 0 8 0 
192781 0 0 0 0 0 0 0 0 0 0 0 8 0 
192831 0 0 0 0 0 0 0 0 0 0 0 8 0 
192881 0 0 0 0 0 0 0 0 0 0 0 8 0 
192931 0 0 0 0 0 0 0 0 0 0 0 8 0 
192981 0 0 0 0 0 0 0 0 0 0 0 8 0 
193031 0 0 0 0 0 0 0 0 0 0 0 8 0 
193082 0 0 0 0 0 0 0 0 0 0 0 8 0 
193132 0 0 0 0 0 0 0 0 0 0 0 8 0 
193182 0 0 0 0 0 0 0 0 0 0 0 8 0 
193232 0 0 0 0 0 0 0 0 0 0 0 8 0 
193282 0 0 0 0 0 0 0 0 0 0 0 8 0 
193332 0 0 0 0 0 0 0 0 0 0 0 8 0 
193382 0 0 0 0 0 0 0 0 0 0 0 8 0 
193432 0 0 0 0 0 0 0 0 0 0 0 8 0 
193482 0 0 0 0 0 0 0 0 0 0 0 8 0 
193533 0 0 0 0 0 0 0 0 0 0 0 8 0 
193583 0 0 0 0 0 0 0 0 0 0 0 8 0 
193633 0 0 0 0 0 0 0 0 0 0 0 8 0 
193683 0 0 0 0 0 0 0 0 0 0 0 8 0 
193733 0 0 0 0 0 0 0 0 0 0 0 8 0 
193783 0 0 0 0 0 0 0 0 0 0 0 8 0 
193833 0 0 0 0 0 0 0 0 0 0 0 8 0 
193883 0 0 0 0 0 0 0 0 0 0 0 8 0 
193933 0 0 0 0 0 0 0 0 0 0 0 8 0 
193984 0 0 0 0 0 0 0 0 0 0 0 8 0 
194034 0 0 0 0 0 0 0 0 0 0 0 8 0 
194084 0 0 0 0 0 0 0 0 0 0 0 8 0 
194134 0 0 0 0 0 0 0 0 0 0 0 8 0 
194184 0 0 0 0 0 0 0 0 0 0 0 8 0 
194235 0 0 0 0 0 0 0 0 0 0 0 8 0 
194285 0 0 0 0 0 0 0 0 0 0 0 8 0 
194336 0 0 0 0 0 0 0 0 0 0 0 8 0 
194387 0 0 0 0 0 0 0 0 0 0 0 8 0 
194437 0 0 0 0 0 0 0 0 0 0 0 8 0 
194487 0 0 0 0 0 0 0 0 0 0 0 8 0 
194537 0 0 0 0 0 0 0 0 0 0 0 8 0 
194587 0 0 0 0 0 0 0 0 0 0 0 8 0 
194638 0 0 0 0 0 0 0 0 0 0 0 8 0 
194688 0 0 0 0 0 0 0 0 0 0 0 8 0 
194738 0 0 0 0 0 0 0 0 0 0 0 8 0 
194788 0 0 0 0 0 0 0 0 0 0 0 8 0 
194838 0 0 0 0 0 0 0 0 0 0 0 8 0 
194888 0 0 0 0 0 0 0 0 0 0 0 8 0 
194939 0 0 0 0 0 0 0 0 0 0 0 8 0 
194989 0 0 0 0 0 0 0 0 0 0 0 8 0 
195039 0 0 0 0 0 0 0 0 0 0 0 8 0 
195089 0 0 0 0 0 0 0 0 0 0 0 8 0 
195140 0 0 0 0 0 0 0 0 0 0 0 8 0 
195190 0 0 0 0 0 0 0 0 0 0 0 8 0 
195240 0 0 0 0 0 0 0 0 0 0 0 8 0 
195290 0 0 0 0 0 0 0 0 0 0 0 8 0 
195340 0 0 0 0 0 0 0 0 0 0 0 8 0 
195391 0 0 0 0 0 0 0 0 0 0 0 8 0 
195443 0 0 0 0 0 0 0 0 0 0 0 8 0 
195493 0 0 0 0 0 0 0 0 0 0 0 8 0 
195543 0 0 0 0 0 0 0 0 0 0 0 8 0 
195595 0 0 0 0 0 0 0 0 0 0 0 8 0 
195645 0 0 0 0 0 0 0 0 0 0 0 8 0 
195695 0 0 0 0 0 0 0 0 0 0 0 8 0 
195746 0 0 0 0 0 0 0 0 0 0 0 8 0 
195796 0 0 0 0 0 0 0 0 0 0 0 8 0 
195846 0 0 0 0 0 0 0 0 0 0 0 8 0 
195896 0 0 0 0 0 0 0 0 0 0 0 8 0 
195946 0 0 0 0 0 0 0 0 0 0 0 8 0 
195999 0 0 0 0 0 0 0 0 0 0 0 8 0 
196049 0 0 0 0 0 0 0 0 0 0 0 8 0 
196099 0 0 0 0 0 0 0 0 0 0 0 8 0 
196149 0 0 0 0 0 0 0 0 0 0 0 8 0 
