141404 0 0 0 0 0 0 0 0 0 0 0 8 0 
141454 0 0 0 0 0 0 0 0 0 0 0 8 0 
141505 0 0 0 0 0 0 0 0 0 0 0 8 0 
141556 0 0 0 0 0 0 0 0 0 0 0 8 0 
141606 0 0 0 0 0 0 0 0 0 0 0 8 0 
141656 0 0 0 0 0 0 0 0 0 0 0 8 0 
141706 0 0 0 0 0 0 0 0 0 0 0 8 0 
141760 0 0 0 0 0 0 0 0 0 0 0 8 0 
141810 0 0 0 0 0 0 0 0 0 0 0 8 0 
141860 0 0 0 0 0 0 0 0 0 0 0 8 0 
141910 0 0 0 0 0 0 0 0 0 0 0 8 0 
141960 0 0 0 0 0 0 0 0 0 0 0 8 0 
142011 0 0 0 0 0 0 0 0 0 0 0 8 0 
142061 0 0 0 0 0 0 0 0 0 0 0 8 0 
142111 0 0 0 0 0 0 0 0 0 0 0 8 0 
142162 0 0 0 0 0 0 0 0 0 0 0 8 0 
142212 0 0 0 0 0 0 0 0 0 0 0 8 0 
142264 0 0 0 0 0 0 0 0 0 0 0 8 0 
142314 0 0 0 0 0 0 0 0 0 0 0 8 0 
142364 0 0 0 0 0 0 0 0 0 0 0 8 0 
142414 0 0 0 0 0 0 0 0 0 0 0 8 0 
142464 0 0 0 0 0 0 0 0 0 0 0 8 0 
142516 0 0 0 0 0 0 0 0 0 0 0 8 0 
142566 0 0 0 0 0 0 0 0 0 0 0 8 0 
142616 0 0 0 0 0 0 0 0 0 0 0 8 0 
142666 0 0 0 0 0 0 0 0 0 0 0 8 0 
142716 0 0 0 0 0 0 0 0 0 0 0 8 0 
142767 0 0 0 0 0 0 0 0 0 0 0 8 0 
142820 0 0 0 0 0 0 0 0 0 0 0 8 0 
142870 0 0 0 0 0 0 0 0 0 0 0 8 0 
142920 0 0 0 0 0 0 0 0 0 0 0 8 0 
142972 0 0 0 0 0 0 0 0 0 0 0 8 0 
143023 0 0 0 0 0 0 0 0 0 0 0 8 0 
143073 0 0 0 0 0 0 0 0 0 0 0 8 0 
143123 0 0 0 0 0 0 0 0 0 0 0 8 0 
143173 0 0 0 0 0 0 0 0 0 0 0 8 0 
143224 0 0 0 0 0 0 0 0 0 0 0 8 0 
143274 0 0 0 0 0 0 0 0 0 0 0 8 0 
143324 0 0 0 0 0 0 0 0 0 0 0 8 0 
143375 0 0 0 0 0 0 0 0 0 0 0 8 0 
143425 0 0 0 0 0 0 0 0 0 0 0 8 0 
143475 0 0 0 0 0 0 0 0 0 0 0 8 0 
143525 0 0 0 0 0 0 0 0 0 0 0 8 0 
143576 0 0 0 0 0 0 0 0 0 0 0 8 0 
143626 0 0 0 0 0 0 0 0 0 0 0 8 0 
143676 0 0 0 0 0 0 0 0 0 0 0 8 0 
143726 0 0 0 0 0 0 0 0 0 0 0 8 0 
143776 0 0 0 0 0 0 0 0 0 0 0 8 0 
143826 0 0 0 0 0 0 0 0 0 0 0 8 0 
143876 0 0 0 0 0 0 0 0 0 0 0 8 0 
143926 0 0 0 0 0 0 0 0 0 0 0 8 0 
143977 0 0 0 0 0 0 0 0 0 0 0 8 0 
144027 0 0 0 0 0 0 0 0 0 0 0 8 0 
144077 0 0 0 0 0 0 0 0 0 0 0 8 0 
144127 0 0 0 0 0 0 0 0 0 0 0 8 0 
144177 0 0 0 0 0 0 0 0 0 0 0 8 0 
144227 0 0 0 0 0 0 0 0 0 0 0 8 0 
144278 0 0 0 0 0 0 0 0 0 0 0 8 0 
144328 0 0 0 0 0 0 0 0 0 0 0 8 0 
144378 0 0 0 0 0 0 0 0 0 0 0 8 0 
144428 0 0 0 0 0 0 0 0 0 0 0 8 0 
144479 0 0 0 0 0 0 0 0 0 0 0 8 0 
144529 0 0 0 0 0 0 0 0 0 0 0 8 0 
144579 0 0 0 0 0 0 0 0 0 0 0 8 0 
144629 0 0 0 0 0 0 0 0 0 0 0 8 0 
144679 0 0 0 0 0 0 0 0 0 0 0 8 0 
144730 0 0 0 0 0 0 0 0 0 0 0 8 0 
144780 0 0 0 0 0 0 0 0 0 0 0 8 0 
144830 0 0 0 0 0 0 0 0 0 0 0 8 0 
144880 0 0 0 0 0 0 0 0 0 0 0 8 0 
144930 0 0 0 0 0 0 0 0 0 0 0 8 0 
144980 0 0 0 0 0 0 0 0 0 0 0 8 0 
145030 0 0 0 0 0 0 0 0 0 0 0 8 0 
145080 0 0 0 0 0 0 0 0 0 0 0 8 0 
145131 0 0 0 0 0 0 0 0 0 0 0 8 0 
145181 0 0 0 0 0 0 0 0 0 0 0 8 0 
145231 0 0 0 0 0 0 0 0 0 0 0 8 0 
145281 0 0 0 0 0 0 0 0 0 0 0 8 0 
145331 0 0 0 0 0 0 0 0 0 0 0 8 0 
145381 0 0 0 0 0 0 0 0 0 0 0 8 0 
145432 0 0 0 0 0 0 0 0 0 0 0 8 0 
145482 0 0 0 0 0 0 0 0 0 0 0 8 0 
145532 0 0 0 0 0 0 0 0 0 0 0 8 0 
145582 0 0 0 0 0 0 0 0 0 0 0 8 0 
145632 0 0 0 0 0 0 0 0 0 0 0 8 0 
145682 0 0 0 0 0 0 0 0 0 0 0 8 0 
145732 0 0 0 0 0 0 0 0 0 0 0 8 0 
145784 0 0 0 0 0 0 0 0 0 0 0 8 0 
145834 0 0 0 0 0 0 0 0 0 0 0 8 0 
145884 0 0 0 0 0 0 0 0 0 0 0 8 0 
145934 0 0 0 0 0 0 0 0 0 0 0 8 0 
145988 0 0 0 0 0 0 0 0 0 0 0 8 0 
146038 0 0 0 0 0 0 0 0 0 0 0 8 0 
146088 0 0 0 0 0 0 0 0 0 0 0 8 0 
146138 0 0 0 0 0 0 0 0 0 0 0 8 0 
146189 0 0 0 0 0 0 0 0 0 0 0 8 0 
146239 0 0 0 0 0 0 0 0 0 0 0 8 0 
146289 0 0 0 0 0 0 0 0 0 0 0 8 0 
146339 0 0 0 0 0 0 0 0 0 0 0 8 0 
146390 0 0 0 0 0 0 0 0 0 0 0 8 0 
146440 0 0 0 0 0 0 0 0 0 0 0 8 0 
146491 0 0 0 0 0 0 0 0 0 0 0 8 0 
146544 0 0 0 0 0 0 0 0 0 0 0 8 0 
146594 0 0 0 0 0 0 0 0 0 0 0 8 0 
146644 0 0 0 0 0 0 0 0 0 0 0 8 0 
146694 0 0 0 0 0 0 0 0 0 0 0 8 0 
146745 0 0 0 0 0 0 0 0 0 0 0 8 0 
146796 0 0 0 0 0 0 0 0 0 0 0 8 0 
