1270453954 0 0 0 0 501 490 407 384 321 489 15 12 19 
1272972478 0 0 0 0 500 489 407 383 320 489 14 12 19 
1274703154 0 0 0 0 501 490 407 382 320 490 15 12 19 
1275489946 0 0 0 0 501 490 407 381 320 490 15 12 20 
1277219952 0 0 0 0 501 490 407 382 320 490 14 12 19 
1277966346 0 0 0 0 501 490 408 383 320 490 15 12 20 
1279737546 0 0 0 0 502 490 407 383 321 489 15 12 20 
1280486340 0 0 0 0 501 489 406 383 321 489 15 12 19 
1282217938 0 0 0 0 500 489 407 383 321 489 15 12 20 
1283004744 0 0 0 0 500 489 406 383 321 489 14 12 19 
1285483950 0 0 0 0 501 489 407 382 321 488 14 12 19 
1287372344 0 0 0 0 500 489 406 383 321 489 14 12 19 
1288002336 0 0 0 0 501 490 406 383 321 488 15 12 20 
1289891536 0 0 0 0 501 490 406 384 321 488 15 12 20 
1290519936 0 0 0 0 501 490 406 384 321 488 15 12 19 
1292405942 0 0 0 0 500 490 406 383 321 488 15 12 19 
1292996342 0 0 0 0 500 490 407 381 321 488 15 12 19 
1294924022 0 0 0 0 501 490 406 379 320 489 14 12 19 
1295514078 0 0 0 0 501 490 406 380 320 489 14 12 19 
1298029946 0 0 0 0 502 490 408 382 321 488 15 12 20 
1300074446 0 0 0 0 502 489 407 383 321 488 15 12 19 
1300545940 0 0 0 0 502 488 407 384 321 488 15 12 19 
1302553546 0 0 0 0 501 490 408 384 321 488 15 12 19 
1303025470 0 0 0 0 500 489 408 383 321 488 15 12 19 
1305072344 0 0 0 0 501 489 407 382 320 488 14 12 19 
1305544732 0 0 0 0 501 490 407 382 320 488 14 12 19 
1307590344 0 0 0 0 501 490 407 384 320 489 15 12 20 
1308061938 0 0 0 0 501 489 407 384 320 489 15 12 20 
1310542342 0 0 0 0 501 490 406 384 320 490 15 12 20 
1312745254 0 0 0 0 502 490 408 383 321 491 14 12 19 
1313059936 0 0 0 0 502 491 408 383 321 491 15 12 19 
1315261928 0 0 0 0 501 489 407 381 320 490 15 12 20 
1315575942 0 0 0 0 501 489 407 381 320 490 14 12 19 
1317780740 0 0 0 0 501 489 407 384 319 490 15 12 19 
1318056728 0 0 0 0 501 489 408 384 319 489 14 12 19 
1320258728 0 0 0 0 502 489 407 385 317 489 15 12 19 
1320572734 0 0 0 0 501 490 407 385 317 489 15 12 20 
1323092202 0 0 0 0 501 491 406 385 317 489 14 12 19 
1325453532 0 0 0 0 501 491 405 385 318 488 14 12 19 
1325611138 0 0 0 0 502 492 405 384 318 488 15 12 19 
1327930338 0 0 0 0 501 491 405 382 319 486 14 12 19 
1328127524 0 0 0 0 502 491 405 382 320 486 15 12 20 
1330448730 0 0 0 0 502 490 407 381 322 487 15 12 19 
1330644736 0 0 0 0 502 490 407 380 322 487 14 12 19 
1332967530 0 0 0 0 502 490 406 380 322 487 15 12 20 
1333163536 0 0 0 0 502 490 406 381 321 488 15 12 19 
1335602728 0 0 0 0 502 490 406 381 318 490 14 12 19 
1338121016 0 0 0 0 504 485 407 383 314 499 15 12 19 
1338238996 0 0 0 0 504 484 407 383 314 499 15 12 19 
1340639934 0 0 0 0 505 467 412 400 317 531 15 12 21 
1340758322 0 0 0 0 506 466 412 401 317 534 15 12 21 
1343119534 0 0 0 0 511 465 418 424 311 583 17 12 22 
1343276732 0 0 0 0 510 466 417 426 310 586 17 12 22 
1345637132 0 0 0 0 516 498 414 454 295 616 17 12 23 
1348155532 0 0 0 0 525 542 405 453 276 595 17 10 23 
1348312726 0 0 0 0 528 549 409 449 274 590 18 11 23 
1350634324 0 0 0 0 526 553 407 409 268 504 15 10 19 
1350831130 0 0 0 0 528 556 410 406 269 498 15 11 20 
1353153130 0 0 0 0 524 533 400 359 311 451 13 12 18 
1353506724 0 0 0 0 525 531 399 355 318 446 13 13 18 
1355669522 0 0 0 0 523 521 400 344 357 421 13 13 16 
1356062730 0 0 0 0 522 520 399 343 362 416 14 14 16 
1358186316 0 0 0 0 516 515 403 338 374 395 13 15 15 
1358580328 0 0 0 0 513 515 405 338 374 392 14 15 15 
1360705522 0 0 0 0 502 507 409 340 372 394 13 15 15 
1361060328 0 0 0 0 500 506 409 341 371 396 13 13 15 
1363182326 0 0 0 0 496 495 413 352 364 417 14 15 16 
1365698714 0 0 0 0 495 488 409 371 348 449 15 13 17 
1366248726 0 0 0 0 494 488 410 374 343 456 15 14 18 
1368215920 0 0 0 0 495 489 410 383 322 479 15 13 19 
1368727918 0 0 0 0 496 489 410 384 318 483 15 11 19 
1370695918 0 0 0 0 497 492 410 387 304 499 15 12 19 
1371245518 0 0 0 0 497 495 410 386 301 502 15 11 20 
1373211918 0 0 0 0 499 496 405 385 295 510 15 12 19 
1373763112 0 0 0 0 501 496 405 386 297 513 15 11 20 
1375730316 0 0 0 0 504 496 405 389 302 515 15 12 19 
1378207910 0 0 0 0 503 500 405 394 315 518 15 12 19 
1378914710 0 0 0 0 504 501 404 395 319 517 15 12 19 
1380723922 0 0 0 0 507 498 408 392 321 512 15 12 20 
1381432366 0 0 0 0 505 499 410 390 322 509 15 12 20 
1383242946 0 0 0 0 502 501 408 388 322 502 15 12 19 
1383951114 0 0 0 0 501 502 407 386 321 498 15 12 19 
1385761908 0 0 0 0 498 507 405 384 321 488 14 12 19 
1386469114 0 0 0 0 499 507 405 384 322 484 14 12 19 
1388236720 0 0 0 0 496 511 404 380 324 475 14 13 19 
1390753112 0 0 0 0 496 517 398 373 325 452 14 14 18 
1391618318 0 0 0 0 492 523 393 371 324 438 15 13 17 
1393270718 0 0 0 0 498 521 385 373 332 397 14 13 15 
1394135912 0 0 0 0 493 514 399 365 336 373 15 12 14 
1395786710 0 0 0 0 493 494 408 341 340 341 14 14 13 
1396613504 0 0 0 0 492 489 414 334 339 337 14 13 14 
1398305116 0 0 0 0 504 471 423 344 332 348 14 14 14 
1399131104 0 0 0 0 501 466 424 362 326 368 14 14 13 
1400781910 0 0 0 0 512 462 420 396 318 430 15 12 17 
1403299378 0 0 0 0 515 470 419 408 311 526 15 12 21 
1404282308 0 0 0 0 514 476 417 408 307 551 15 12 22 
1405816708 0 0 0 0 514 482 413 403 298 572 15 12 22 
1406801244 0 0 0 0 501 491 416 400 292 579 15 12 22 
1408295900 0 0 0 0 498 500 403 398 290 577 15 11 23 
1409317594 0 0 0 0 503 499 400 398 292 568 15 12 22 
1410812306 0 0 0 0 499 511 404 391 291 552 15 11 21 
1411836312 0 0 0 0 507 510 396 387 296 537 15 12 21 
1413330456 0 0 0 0 510 506 400 382 309 514 15 11 19 
1415806710 0 0 0 0 510 497 400 376 325 493 15 14 19 
1416987504 0 0 0 0 512 494 401 376 330 485 15 14 19 
1418325904 0 0 0 0 508 493 406 375 332 480 14 13 19 
1419505904 0 0 0 0 508 491 406 376 330 479 14 13 19 
1420843110 0 0 0 0 508 492 408 376 326 478 15 12 19 
1422023108 0 0 0 0 506 495 409 377 324 479 15 12 19 
1423323096 0 0 0 0 507 493 408 379 323 479 15 13 19 
1424503902 0 0 0 0 509 494 409 380 324 479 15 13 19 
1425840696 0 0 0 0 508 494 410 381 325 479 15 12 19 
1428359094 0 0 0 0 508 491 411 380 324 479 14 14 19 
1429657494 0 0 0 0 507 492 409 381 324 480 14 14 19 
1430877306 0 0 0 0 507 492 409 383 323 482 15 12 19 
1432173906 0 0 0 0 508 492 408 385 323 483 15 12 19 
1433353906 0 0 0 0 508 492 408 386 323 485 16 12 19 
1434690704 0 0 0 0 508 492 406 386 324 488 15 14 19 
1435871180 0 0 0 0 509 492 405 386 322 489 15 12 19 
1437208692 0 0 0 0 509 492 407 386 322 490 15 12 19 
1438388966 0 0 0 0 508 493 406 385 321 492 15 12 19 
1440867502 0 0 0 0 509 494 405 384 321 496 14 12 19 
1442363096 0 0 0 0 508 495 405 382 321 500 15 12 19 
1443386702 0 0 0 0 511 491 405 382 323 505 15 12 20 
1444842690 0 0 0 0 521 467 404 385 332 526 15 12 21 
1445904702 0 0 0 0 510 461 408 395 345 560 15 13 21 
1447361088 0 0 0 0 509 468 417 406 351 618 15 13 23 
1448423200 0 0 0 0 506 483 407 417 340 649 16 14 26 
1449880294 0 0 0 0 501 520 405 428 313 669 17 12 25 
1450903088 0 0 0 0 503 536 400 423 293 662 16 12 26 
1453420686 0 0 0 0 511 551 401 374 261 590 15 10 23 
1455033492 0 0 0 0 520 536 393 370 277 519 15 11 20 
1455937898 0 0 0 0 517 525 399 371 296 479 13 12 19 
1457550698 0 0 0 0 512 506 404 345 335 437 13 13 17 
1458416748 0 0 0 0 515 496 407 333 353 420 12 13 16 
1460066290 0 0 0 0 511 490 411 330 368 395 12 15 15 
1460931496 0 0 0 0 508 487 409 340 369 386 15 14 15 
1462583090 0 0 0 0 496 484 414 364 366 378 14 14 15 
1463447890 0 0 0 0 494 483 412 375 359 378 16 13 14 
1465927770 0 0 0 0 488 480 415 392 334 404 15 13 15 
1467738294 0 0 0 0 495 483 412 393 326 439 15 13 18 
1468447082 0 0 0 0 497 484 409 394 323 453 15 12 18 
1470255894 0 0 0 0 503 489 408 398 321 486 15 13 19 
1470963080 0 0 0 0 508 489 410 399 319 494 15 13 19 
1472773712 0 0 0 0 509 494 407 397 310 508 15 11 20 
1473481892 0 0 0 0 507 499 407 397 309 511 15 12 20 
1475292692 0 0 0 0 508 502 403 397 308 513 15 11 20 
1475962286 0 0 0 0 509 502 404 397 308 512 15 12 20 
1478481884 0 0 0 0 506 510 402 391 314 504 15 12 19 
1480449084 0 0 0 0 509 505 403 386 318 495 15 12 19 
1480999522 0 0 0 0 508 506 405 385 319 493 15 12 20 
1482967890 0 0 0 0 509 503 405 381 325 487 15 14 19 
1483479890 0 0 0 0 509 503 405 380 326 486 15 13 20 
1485448288 0 0 0 0 506 500 406 378 328 484 15 14 19 
1485999076 0 0 0 0 506 499 408 377 328 485 14 12 19 
1487965076 0 0 0 0 504 499 407 378 328 488 15 13 20 
1488516282 0 0 0 0 503 502 405 378 329 488 15 14 19 
1490991886 0 0 0 0 494 543 382 381 349 465 15 14 18 
1493117374 0 0 0 0 492 533 409 325 364 390 13 15 15 
1493510286 0 0 0 0 492 528 405 313 366 377 11 15 15 
1495635880 0 0 0 0 500 481 415 296 377 326 12 15 14 
1496029872 0 0 0 0 502 472 418 298 377 323 11 14 12 
1498154278 0 0 0 0 491 444 422 340 364 350 12 14 15 
1498508672 0 0 0 0 491 441 421 349 361 360 12 14 15 
1500633072 0 0 0 0 497 437 426 388 338 439 15 13 17 
1501027078 0 0 0 0 498 439 425 394 332 456 15 13 17 
1503544670 0 0 0 0 501 455 423 419 293 541 16 11 21 
1505824276 0 0 0 0 496 476 417 440 275 576 17 11 22 
1506020950 0 0 0 0 494 479 415 441 274 577 17 11 22 
1508341344 0 0 0 0 497 499 412 441 279 574 18 11 22 
1508538174 0 0 0 0 496 499 409 440 278 574 17 11 22 
1510818968 0 0 0 0 496 520 400 416 281 551 16 11 21 
1511054942 0 0 0 0 498 521 400 413 283 547 16 11 21 
1513336666 0 0 0 0 510 503 402 388 297 512 15 12 20 
1513572274 0 0 0 0 509 502 401 386 298 510 15 11 20 
1516049472 0 0 0 0 512 500 399 383 320 492 14 12 20 
1518527878 0 0 0 0 509 494 406 376 329 485 14 13 19 
1518724272 0 0 0 0 508 494 406 376 329 485 15 12 19 
1521006264 0 0 0 0 507 496 407 376 328 487 14 13 19 
1521202676 0 0 0 0 507 496 407 377 328 487 15 14 19 
1523525476 0 0 0 0 502 497 409 384 328 491 15 12 20 
1523722276 0 0 0 0 502 497 409 384 328 492 14 13 19 
1526044144 0 0 0 0 500 496 411 383 326 493 15 14 19 
1526240662 0 0 0 0 500 496 410 383 326 493 15 12 20 
1528599874 0 0 0 0 500 498 408 383 323 491 15 12 20 
1531078136 0 0 0 0 502 498 407 386 321 488 14 12 20 
1531195868 0 0 0 0 502 498 407 386 321 488 15 12 20 
1533596260 0 0 0 0 510 498 407 385 323 491 15 12 19 
1533714272 0 0 0 0 511 497 408 385 323 491 15 12 19 
1536113872 0 0 0 0 523 469 401 386 325 533 15 12 21 
1536232096 0 0 0 0 523 467 400 386 326 536 15 12 21 
1538632264 0 0 0 0 526 469 414 407 366 648 15 14 24 
1538750264 0 0 0 0 525 472 414 409 368 654 15 13 26 
1541110264 0 0 0 0 503 539 406 434 364 705 17 13 27 
1543628656 0 0 0 0 494 570 412 398 295 637 15 10 26 
1543864662 0 0 0 0 494 570 410 393 290 626 15 10 23 
1546146150 0 0 0 0 496 554 400 361 271 511 14 10 20 
1546382418 0 0 0 0 495 551 400 358 272 500 13 10 19 
1548625068 0 0 0 0 496 520 407 341 306 423 13 12 17 
1548900654 0 0 0 0 498 514 406 341 310 416 13 12 16 
1551145942 0 0 0 0 502 495 414 338 333 368 13 14 13 
1551421466 0 0 0 0 502 495 414 339 335 364 13 13 13 
1553664260 0 0 0 0 497 492 409 362 336 348 13 12 14 
1556181734 0 0 0 0 495 486 409 384 334 375 14 12 13 
1556574658 0 0 0 0 494 486 410 387 334 383 15 14 15 
1558661326 0 0 0 0 498 491 410 390 334 435 15 12 17 
1559054252 0 0 0 0 498 491 409 389 333 445 15 14 17 
1561182700 0 0 0 0 502 494 406 386 327 488 15 14 19 
1561575456 0 0 0 0 503 495 406 387 325 493 15 13 20 
1563699518 0 0 0 0 507 497 405 390 315 512 15 12 20 
1564093456 0 0 0 0 505 500 406 392 315 515 15 12 20 
1566180262 0 0 0 0 504 504 405 398 313 519 15 12 20 
1568699860 0 0 0 0 503 509 407 396 313 513 15 12 20 
1569250660 0 0 0 0 503 509 408 395 313 511 15 12 20 
1571216254 0 0 0 0 505 511 405 391 312 503 15 12 19 
1571766260 0 0 0 0 504 511 405 390 313 501 15 12 19 
1573692658 0 0 0 0 505 511 406 386 316 493 15 12 19 
1574281858 0 0 0 0 505 510 405 386 317 491 15 12 19 
1576207852 0 0 0 0 504 510 406 384 323 486 15 12 20 
1576757970 0 0 0 0 503 509 406 384 325 484 15 14 19 
1578725844 0 0 0 0 497 515 405 383 329 479 14 12 19 
1581244124 0 0 0 0 484 545 390 379 339 448 15 14 17 
1581951850 0 0 0 0 486 544 391 372 342 429 14 13 16 
1583721048 0 0 0 0 489 529 401 337 345 371 14 14 14 
1584467454 0 0 0 0 491 517 406 324 347 351 13 13 13 
1586239454 0 0 0 0 501 482 415 308 351 327 11 14 13 
1586986530 0 0 0 0 501 470 418 313 351 331 12 13 13 
1588757440 0 0 0 0 503 450 417 350 344 370 13 14 13 
1589465854 0 0 0 0 507 451 416 368 340 395 13 13 15 
1591275052 0 0 0 0 516 453 418 402 320 469 15 13 18 
1593752652 0 0 0 0 516 463 420 421 295 559 16 13 21 
1594618246 0 0 0 0 510 469 421 429 290 581 17 10 23 
1596269850 0 0 0 0 495 492 413 442 283 607 18 11 23 
1597135038 0 0 0 0 492 505 412 445 282 610 17 10 23 
1598785450 0 0 0 0 496 521 405 441 274 599 17 10 23 
1599650638 0 0 0 0 496 537 400 434 273 587 17 10 23 
1601301448 0 0 0 0 510 538 402 409 280 550 15 12 22 
1602167042 0 0 0 0 514 532 400 395 286 532 15 11 21 
1603780248 0 0 0 0 514 533 395 379 308 505 15 11 19 
1606296634 0 0 0 0 518 509 400 359 345 470 13 14 18 
1607319840 0 0 0 0 516 503 403 355 352 466 14 13 17 
1608815440 0 0 0 0 510 499 411 355 357 467 13 14 18 
1609798640 0 0 0 0 508 496 409 359 357 471 14 13 17 
1611293046 0 0 0 0 500 497 406 368 352 480 13 14 19 
1612315882 0 0 0 0 494 501 409 372 346 486 14 13 19 
1613810244 0 0 0 0 493 501 411 377 336 495 15 14 20 
1614833844 0 0 0 0 493 501 410 377 327 500 15 12 19 
1616327838 0 0 0 0 495 501 410 379 316 504 14 12 19 
1618809436 0 0 0 0 497 500 407 384 303 503 14 12 19 
1619990236 0 0 0 0 501 501 404 388 302 501 15 11 19 
1621327842 0 0 0 0 504 503 408 388 305 498 15 12 19 
1622469228 0 0 0 0 505 503 406 386 307 495 15 11 19 
1623845034 0 0 0 0 509 502 405 383 313 493 15 11 20 
1624986066 0 0 0 0 507 503 406 380 317 490 14 13 19 
1626361878 0 0 0 0 508 503 405 376 322 489 15 12 19 
1627502564 0 0 0 0 509 503 404 374 327 488 15 13 20 
1628839440 0 0 0 0 511 501 408 370 332 489 15 13 19 
1631357832 0 0 0 0 521 472 408 361 339 508 14 14 19 
1632657038 0 0 0 0 513 453 412 366 345 544 15 14 21 
1633876074 0 0 0 0 511 452 414 381 347 589 14 14 24 
1635172456 0 0 0 0 508 476 403 405 338 630 15 14 25 
1636351836 0 0 0 0 485 516 408 419 327 654 16 13 25 
1637689036 0 0 0 0 501 533 399 425 302 654 17 11 25 
1638869036 0 0 0 0 499 553 403 422 283 632 16 11 25 
1640206228 0 0 0 0 507 557 397 409 271 583 15 10 22 
1641385428 0 0 0 0 509 556 402 393 268 530 15 10 21 
1643903834 0 0 0 0 510 525 408 357 298 429 14 10 16 
1645359426 0 0 0 0 513 512 413 341 325 390 14 13 15 
1646381832 0 0 0 0 515 502 415 334 339 370 12 14 15 
1647877820 0 0 0 0 513 496 415 332 353 355 13 13 14 
1648901432 0 0 0 0 507 492 413 337 358 352 15 14 13 
1650357424 0 0 0 0 504 488 411 349 359 361 13 14 14 
1651419430 0 0 0 0 498 484 411 357 356 377 13 14 15 
1652875024 0 0 0 0 494 482 408 365 349 408 15 14 15 
1653898648 0 0 0 0 499 479 410 370 345 434 13 13 17 
1656415428 0 0 0 0 499 479 408 383 331 495 15 13 19 
1658029428 0 0 0 0 503 481 410 392 320 518 15 12 20 
