487883 0 0 0 0 0 0 0 0 0 0 -27846 3336 -20350 
487933 0 0 0 0 0 0 0 0 0 0 -27846 3336 -20350 
487983 0 0 0 0 0 0 0 0 0 0 -27846 3336 -20350 
488033 0 0 0 0 0 0 0 0 0 0 -27846 3336 -20350 
488084 0 0 0 0 0 0 0 0 0 0 -27846 3336 -20350 
488134 0 0 0 0 0 0 0 0 0 0 -27846 3336 -20350 
488184 0 0 0 0 0 0 0 0 0 0 -27846 3336 -20350 
488234 0 0 0 0 0 0 0 0 0 0 -27846 3336 -20350 
488284 0 0 0 0 0 0 0 0 0 0 -27846 3336 -20350 
488334 0 0 0 0 0 0 0 0 0 0 -27846 3336 -20350 
488384 0 0 0 0 0 0 0 0 0 0 -27846 3336 -20350 
488434 0 0 0 0 0 0 0 0 0 0 -27846 3336 -20350 
488484 0 0 0 0 0 0 0 0 0 0 -27846 3336 -20350 
488535 0 0 0 0 0 0 0 0 0 0 -27846 3336 -20350 
488585 0 0 0 0 0 0 0 0 0 0 -27846 3336 -20350 
488635 0 0 0 0 0 0 0 0 0 0 -27846 3336 -20350 
488685 0 0 0 0 0 0 0 0 0 0 -27846 3336 -20350 
488735 0 0 0 0 0 0 0 0 0 0 -27846 3336 -20350 
488785 0 0 0 0 0 0 0 0 0 0 -27846 3336 -20350 
488835 0 0 0 0 0 0 0 0 0 0 -27846 3336 -20350 
488885 0 0 0 0 0 0 0 0 0 0 -27846 3336 -20350 
488935 0 0 0 0 0 0 0 0 0 0 -27846 3336 -20350 
488985 0 0 0 0 0 0 0 0 0 0 -27846 3336 -20350 
489035 0 0 0 0 0 0 0 0 0 0 -27846 3336 -20350 
489086 0 0 0 0 0 0 0 0 0 0 -27846 3336 -20350 
489136 0 0 0 0 0 0 0 0 0 0 -27846 3336 -20350 
489186 0 0 0 0 0 0 0 0 0 0 -27846 3336 -20350 
489236 0 0 0 0 0 0 0 0 0 0 -27846 3336 -20350 
489286 0 0 0 0 0 0 0 0 0 0 -27846 3336 -20350 
489336 0 0 0 0 0 0 0 0 0 0 -27846 3336 -20350 
489386 0 0 0 0 0 0 0 0 0 0 -27846 3336 -20350 
489436 0 0 0 0 0 0 0 0 0 0 -27846 3336 -20350 
489486 0 0 0 0 0 0 0 0 0 0 -27846 3336 -20350 
489536 0 0 0 0 0 0 0 0 0 0 -27846 3336 -20350 
489587 0 0 0 0 0 0 0 0 0 0 -27846 3336 -20350 
489637 0 0 0 0 0 0 0 0 0 0 -27846 3336 -20350 
489687 0 0 0 0 0 0 0 0 0 0 -27846 3336 -20350 
489737 0 0 0 0 0 0 0 0 0 0 -27846 3336 -20350 
489787 0 0 0 0 0 0 0 0 0 0 -27846 3336 -20350 
489837 0 0 0 0 0 0 0 0 0 0 -27846 3336 -20350 
489887 0 0 0 0 0 0 0 0 0 0 -27846 3336 -20350 
489937 0 0 0 0 0 0 0 0 0 0 -27846 3336 -20350 
489987 0 0 0 0 0 0 0 0 0 0 -27846 3336 -20350 
490037 0 0 0 0 0 0 0 0 0 0 -27846 3336 -20350 
490088 0 0 0 0 0 0 0 0 0 0 -27846 3336 -20350 
490138 0 0 0 0 0 0 0 0 0 0 -27846 3336 -20350 
490188 0 0 0 0 0 0 0 0 0 0 -27846 3336 -20350 
490238 0 0 0 0 0 0 0 0 0 0 -27846 3336 -20350 
490288 0 0 0 0 0 0 0 0 0 0 -27846 3336 -20350 
490338 0 0 0 0 0 0 0 0 0 0 -27846 3336 -20350 
490388 0 0 0 0 0 0 0 0 0 0 -27846 3336 -20350 
490438 0 0 0 0 0 0 0 0 0 0 -27846 3336 -20350 
490488 0 0 0 0 0 0 0 0 0 0 -27846 3336 -20350 
490538 0 0 0 0 0 0 0 0 0 0 -27846 3336 -20350 
490588 0 0 0 0 0 0 0 0 0 0 -27846 3336 -20350 
490639 0 0 0 0 0 0 0 0 0 0 -27846 3336 -20350 
490689 0 0 0 0 0 0 0 0 0 0 -27846 3336 -20350 
490739 0 0 0 0 0 0 0 0 0 0 -27846 3336 -20350 
490789 0 0 0 0 0 0 0 0 0 0 -27846 3336 -20350 
490839 0 0 0 0 0 0 0 0 0 0 -27846 3336 -20350 
490889 0 0 0 0 0 0 0 0 0 0 -27846 3336 -20350 
490939 0 0 0 0 0 0 0 0 0 0 -27846 3336 -20350 
490989 0 0 0 0 0 0 0 0 0 0 -27846 3336 -20350 
491039 0 0 0 0 0 0 0 0 0 0 -27846 3336 -20350 
491089 0 0 0 0 0 0 0 0 0 0 -27846 3336 -20350 
491139 0 0 0 0 0 0 0 0 0 0 -27846 3336 -20350 
491190 0 0 0 0 0 0 0 0 0 0 -27846 3336 -20350 
491240 0 0 0 0 0 0 0 0 0 0 -27846 3336 -20350 
491290 0 0 0 0 0 0 0 0 0 0 -27846 3336 -20350 
491340 0 0 0 0 0 0 0 0 0 0 -27846 3336 -20350 
491390 0 0 0 0 0 0 0 0 0 0 -27846 3336 -20350 
491440 0 0 0 0 0 0 0 0 0 0 -27846 3336 -20350 
491490 0 0 0 0 0 0 0 0 0 0 -27846 3336 -20350 
491540 0 0 0 0 0 0 0 0 0 0 -27846 3336 -20350 
491590 0 0 0 0 0 0 0 0 0 0 -27846 3336 -20350 
491640 0 0 0 0 0 0 0 0 0 0 -27846 3336 -20350 
491690 0 0 0 0 0 0 0 0 0 0 -27846 3336 -20350 
491741 0 0 0 0 0 0 0 0 0 0 -27846 3336 -20350 
491791 0 0 0 0 0 0 0 0 0 0 -27846 3336 -20350 
491841 0 0 0 0 0 0 0 0 0 0 -27846 3336 -20350 
491891 0 0 0 0 0 0 0 0 0 0 -27846 3336 -20350 
491941 0 0 0 0 0 0 0 0 0 0 -27846 3336 -20350 
491991 0 0 0 0 0 0 0 0 0 0 -27846 3336 -20350 
492041 0 0 0 0 0 0 0 0 0 0 -27846 3336 -20350 
492091 0 0 0 0 0 0 0 0 0 0 -27846 3336 -20350 
492142 0 0 0 0 0 0 0 0 0 0 -27846 3336 -20350 
492192 0 0 0 0 0 0 0 0 0 0 -27846 3336 -20350 
492242 0 0 0 0 0 0 0 0 0 0 -27846 3336 -20350 
492292 0 0 0 0 0 0 0 0 0 0 -27846 3336 -20350 
492342 0 0 0 0 0 0 0 0 0 0 -27846 3336 -20350 
492392 0 0 0 0 0 0 0 0 0 0 -27846 3336 -20350 
492442 0 0 0 0 0 0 0 0 0 0 -27846 3336 -20350 
492492 0 0 0 0 0 0 0 0 0 0 -27846 3336 -20350 
492542 0 0 0 0 0 0 0 0 0 0 -27846 3336 -20350 
492592 0 0 0 0 0 0 0 0 0 0 -27846 3336 -20350 
492643 0 0 0 0 0 0 0 0 0 0 -27846 3336 -20350 
492693 0 0 0 0 0 0 0 0 0 0 -27846 3336 -20350 
492743 0 0 0 0 0 0 0 0 0 0 -27846 3336 -20350 
492793 0 0 0 0 0 0 0 0 0 0 -27846 3336 -20350 
492843 0 0 0 0 0 0 0 0 0 0 -27846 3336 -20350 
492893 0 0 0 0 0 0 0 0 0 0 -27846 3336 -20350 
492943 0 0 0 0 0 0 0 0 0 0 -27846 3336 -20350 
492993 0 0 0 0 0 0 0 0 0 0 -27846 3336 -20350 
493043 0 0 0 0 0 0 0 0 0 0 -27846 3336 -20350 
493093 0 0 0 0 0 0 0 0 0 0 -27846 3336 -20350 
493144 0 0 0 0 0 0 0 0 0 0 -27846 3336 -20350 
493194 0 0 0 0 0 0 0 0 0 0 -27846 3336 -20350 
493244 0 0 0 0 0 0 0 0 0 0 -27846 3336 -20350 
493294 0 0 0 0 0 0 0 0 0 0 -27846 3336 -20350 
493344 0 0 0 0 0 0 0 0 0 0 -27846 3336 -20350 
493394 0 0 0 0 0 0 0 0 0 0 -27846 3336 -20350 
493444 0 0 0 0 0 0 0 0 0 0 -27846 3336 -20350 
493494 0 0 0 0 0 0 0 0 0 0 -27846 3336 -20350 
493544 0 0 0 0 0 0 0 0 0 0 -27846 3336 -20350 
493595 0 0 0 0 0 0 0 0 0 0 -27846 3336 -20350 
493645 0 0 0 0 0 0 0 0 0 0 -27846 3336 -20350 
493695 0 0 0 0 0 0 0 0 0 0 -27846 3336 -20350 
493745 0 0 0 0 0 0 0 0 0 0 -27846 3336 -20350 
493795 0 0 0 0 0 0 0 0 0 0 -27846 3336 -20350 
493845 0 0 0 0 0 0 0 0 0 0 -27846 3336 -20350 
493895 0 0 0 0 0 0 0 0 0 0 -27846 3336 -20350 
493945 0 0 0 0 0 0 0 0 0 0 -27846 3336 -20350 
493995 0 0 0 0 0 0 0 0 0 0 -27846 3336 -20350 
494045 0 0 0 0 0 0 0 0 0 0 -27846 3336 -20350 
494096 0 0 0 0 0 0 0 0 0 0 -27846 3336 -20350 
494146 0 0 0 0 0 0 0 0 0 0 -27846 3336 -20350 
494196 0 0 0 0 0 0 0 0 0 0 -27846 3336 -20350 
494246 0 0 0 0 0 0 0 0 0 0 -27846 3336 -20350 
494296 0 0 0 0 0 0 0 0 0 0 -27846 3336 -20350 
494346 0 0 0 0 0 0 0 0 0 0 -27846 3336 -20350 
494396 0 0 0 0 0 0 0 0 0 0 -27846 3336 -20350 
494446 0 0 0 0 0 0 0 0 0 0 -27846 3336 -20350 
494496 0 0 0 0 0 0 0 0 0 0 -27846 3336 -20350 
494546 0 0 0 0 0 0 0 0 0 0 -27846 3336 -20350 
494596 0 0 0 0 0 0 0 0 0 0 -27846 3336 -20350 
494647 0 0 0 0 0 0 0 0 0 0 -27846 3336 -20350 
494697 0 0 0 0 0 0 0 0 0 0 -27846 3336 -20350 
494747 0 0 0 0 0 0 0 0 0 0 -27846 3336 -20350 
494797 0 0 0 0 0 0 0 0 0 0 -27846 3336 -20350 
494847 0 0 0 0 0 0 0 0 0 0 -27846 3336 -20350 
494897 0 0 0 0 0 0 0 0 0 0 -27846 3336 -20350 
494947 0 0 0 0 0 0 0 0 0 0 -27846 3336 -20350 
494997 0 0 0 0 0 0 0 0 0 0 -27846 3336 -20350 
495047 0 0 0 0 0 0 0 0 0 0 -27846 3336 -20350 
495097 0 0 0 0 0 0 0 0 0 0 -27846 3336 -20350 
495147 0 0 0 0 0 0 0 0 0 0 -27846 3336 -20350 
495198 0 0 0 0 0 0 0 0 0 0 -27846 3336 -20350 
495248 0 0 0 0 0 0 0 0 0 0 -27846 3336 -20350 
495298 0 0 0 0 0 0 0 0 0 0 -27846 3336 -20350 
495348 0 0 0 0 0 0 0 0 0 0 -27846 3336 -20350 
495398 0 0 0 0 0 0 0 0 0 0 -27846 3336 -20350 
495448 0 0 0 0 0 0 0 0 0 0 -27846 3336 -20350 
495498 0 0 0 0 0 0 0 0 0 0 -27846 3336 -20350 
495548 0 0 0 0 0 0 0 0 0 0 -27846 3336 -20350 
495598 0 0 0 0 0 0 0 0 0 0 -27846 3336 -20350 
495648 0 0 0 0 0 0 0 0 0 0 -27846 3336 -20350 
495698 0 0 0 0 0 0 0 0 0 0 -27846 3336 -20350 
495749 0 0 0 0 0 0 0 0 0 0 -27846 3336 -20350 
495799 0 0 0 0 0 0 0 0 0 0 -27846 3336 -20350 
495849 0 0 0 0 0 0 0 0 0 0 -27846 3336 -20350 
495899 0 0 0 0 0 0 0 0 0 0 -27846 3336 -20350 
495949 0 0 0 0 0 0 0 0 0 0 -27846 3336 -20350 
495999 0 0 0 0 0 0 0 0 0 0 -27846 3336 -20350 
496049 0 0 0 0 0 0 0 0 0 0 -27846 3336 -20350 
496099 0 0 0 0 0 0 0 0 0 0 -27846 3336 -20350 
496149 0 0 0 0 0 0 0 0 0 0 -27846 3336 -20350 
496199 0 0 0 0 0 0 0 0 0 0 -27846 3336 -20350 
496249 0 0 0 0 0 0 0 0 0 0 -27846 3336 -20350 
496300 0 0 0 0 0 0 0 0 0 0 -27846 3336 -20350 
496350 0 0 0 0 0 0 0 0 0 0 -27846 3336 -20350 
496400 0 0 0 0 0 0 0 0 0 0 -27846 3336 -20350 
496450 0 0 0 0 0 0 0 0 0 0 -27846 3336 -20350 
496500 0 0 0 0 0 0 0 0 0 0 -27846 3336 -20350 
496550 0 0 0 0 0 0 0 0 0 0 -27846 3336 -20350 
496600 0 0 0 0 0 0 0 0 0 0 -27846 3336 -20350 
496650 0 0 0 0 0 0 0 0 0 0 -27846 3336 -20350 
496700 0 0 0 0 0 0 0 0 0 0 -27846 3336 -20350 
496750 0 0 0 0 0 0 0 0 0 0 -27846 3336 -20350 
496800 0 0 0 0 0 0 0 0 0 0 -27846 3336 -20350 
496851 0 0 0 0 0 0 0 0 0 0 -27846 3336 -20350 
496901 0 0 0 0 0 0 0 0 0 0 -27846 3336 -20350 
496951 0 0 0 0 0 0 0 0 0 0 -27846 3336 -20350 
497001 0 0 0 0 0 0 0 0 0 0 -27846 3336 -20350 
497051 0 0 0 0 0 0 0 0 0 0 -27846 3336 -20350 
497101 0 0 0 0 0 0 0 0 0 0 -27846 3336 -20350 
497151 0 0 0 0 0 0 0 0 0 0 -27846 3336 -20350 
497201 0 0 0 0 0 0 0 0 0 0 -27846 3336 -20350 
497251 0 0 0 0 0 0 0 0 0 0 -27846 3336 -20350 
497301 0 0 0 0 0 0 0 0 0 0 -27846 3336 -20350 
497351 0 0 0 0 0 0 0 0 0 0 -27846 3336 -20350 
497402 0 0 0 0 0 0 0 0 0 0 -27846 3336 -20350 
497452 0 0 0 0 0 0 0 0 0 0 -27846 3336 -20350 
497502 0 0 0 0 0 0 0 0 0 0 -27846 3336 -20350 
497552 0 0 0 0 0 0 0 0 0 0 -27846 3336 -20350 
497602 0 0 0 0 0 0 0 0 0 0 -27846 3336 -20350 
497652 0 0 0 0 0 0 0 0 0 0 -27846 3336 -20350 
497702 0 0 0 0 0 0 0 0 0 0 -27846 3336 -20350 
497752 0 0 0 0 0 0 0 0 0 0 -27846 3336 -20350 
497802 0 0 0 0 0 0 0 0 0 0 -27846 3336 -20350 
497852 0 0 0 0 0 0 0 0 0 0 -27846 3336 -20350 
497902 0 0 0 0 0 0 0 0 0 0 -27846 3336 -20350 
497953 0 0 0 0 0 0 0 0 0 0 -27846 3336 -20350 
498003 0 0 0 0 0 0 0 0 0 0 -27846 0 0 3336 0 0 0 0 0 0 0 0 0 0 0 0 0 0 0 0 0 0 0 0 0 0 0 0 0 -80 0 0 0 0 0 0 0 -31474 0 0 
