108261 1 2 3 4 5 6 7 8 9 10 11 12 13 
108311 1 2 3 4 5 6 7 8 9 10 11 12 13 
108361 1 2 3 4 5 6 7 8 9 10 11 12 13 
108411 1 2 3 4 5 6 7 8 9 10 11 12 13 
108461 1 2 3 4 5 6 7 8 9 10 11 12 13 
108512 1 2 3 4 5 6 7 8 9 10 11 12 13 
108562 1 2 3 4 5 6 7 8 9 10 11 12 13 
108612 1 2 3 4 5 6 7 8 9 10 11 12 13 
108662 1 2 3 4 5 6 7 8 9 10 11 12 13 
108712 1 2 3 4 5 6 7 8 9 10 11 12 13 
108762 1 2 3 4 5 6 7 8 9 10 11 12 13 
108812 1 2 3 4 5 6 7 8 9 10 11 12 13 
108862 1 2 3 4 5 6 7 8 9 10 11 12 13 
108912 1 2 3 4 5 6 7 8 9 10 11 12 13 
108963 1 2 3 4 5 6 7 8 9 10 11 12 13 
109013 1 2 3 4 5 6 7 8 9 10 11 12 13 
109063 1 2 3 4 5 6 7 8 9 10 11 12 13 
109113 1 2 3 4 5 6 7 8 9 10 11 12 13 
109163 1 2 3 4 5 6 7 8 9 10 11 12 13 
109213 1 2 3 4 5 6 7 8 9 10 11 12 13 
109263 1 2 3 4 5 6 7 8 9 10 11 12 13 
109313 1 2 3 4 5 6 7 8 9 10 11 12 13 
109363 1 2 3 4 5 6 7 8 9 10 11 12 13 
109413 1 2 3 4 5 6 7 8 9 10 11 12 13 
109464 1 2 3 4 5 6 7 8 9 10 11 12 13 
109514 1 2 3 4 5 6 7 8 9 10 11 12 13 
109564 1 2 3 4 5 6 7 8 9 10 11 12 13 
109614 1 2 3 4 5 6 7 8 9 10 11 12 13 
109664 1 2 3 4 5 6 7 8 9 10 11 12 13 
109714 1 2 3 4 5 6 7 8 9 10 11 12 13 
109764 1 2 3 4 5 6 7 8 9 10 11 12 13 
109814 1 2 3 4 5 6 7 8 9 10 11 12 13 
109864 1 2 3 4 5 6 7 8 9 10 11 12 13 
109914 1 2 3 4 5 6 7 8 9 10 11 12 13 
109965 1 2 3 4 5 6 7 8 9 10 11 12 13 
110015 1 2 3 4 5 6 7 8 9 10 11 12 13 
110065 1 2 3 4 5 6 7 8 9 10 11 12 13 
110115 1 2 3 4 5 6 7 8 9 10 11 12 13 
110165 1 2 3 4 5 6 7 8 9 10 11 12 13 
110215 1 2 3 4 5 6 7 8 9 10 11 12 13 
110265 1 2 3 4 5 6 7 8 9 10 11 12 13 
110315 1 2 3 4 5 6 7 8 9 10 11 12 13 
110365 1 2 3 4 5 6 7 8 9 10 11 12 13 
110415 1 2 3 4 5 6 7 8 9 10 11 12 13 
110465 1 2 3 4 5 6 7 8 9 10 11 12 13 
110516 1 2 3 4 5 6 7 8 9 10 11 12 13 
110566 1 2 3 4 5 6 7 8 9 10 11 12 13 
110616 1 2 3 4 5 6 7 8 9 10 11 12 13 
110666 1 2 3 4 5 6 7 8 9 10 11 12 13 
110716 1 2 3 4 5 6 7 8 9 10 11 12 13 
110766 1 2 3 4 5 6 7 8 9 10 11 12 13 
110816 1 2 3 4 5 6 7 8 9 10 11 12 13 
110866 1 2 3 4 5 6 7 8 9 10 11 12 13 
110916 1 2 3 4 5 6 7 8 9 10 11 12 13 
110967 1 2 3 4 5 6 7 8 9 10 11 12 13 
111017 1 2 3 4 5 6 7 8 9 10 11 12 13 
111068 1 2 3 4 5 6 7 8 9 10 11 12 13 
111118 1 2 3 4 5 6 7 8 9 10 11 12 13 
111168 1 2 3 4 5 6 7 8 9 10 11 12 13 
111218 1 2 3 4 5 6 7 8 9 10 11 12 13 
111268 1 2 3 4 5 6 7 8 9 10 11 12 13 
111318 1 2 3 4 5 6 7 8 9 10 11 12 13 
111368 1 2 3 4 5 6 7 8 9 10 11 12 13 
111419 1 2 3 4 5 6 7 8 9 10 11 12 13 
111469 1 2 3 4 5 6 7 8 9 10 11 12 13 
111519 1 2 3 4 5 6 7 8 9 10 11 12 13 
111569 1 2 3 4 5 6 7 8 9 10 11 12 13 
111619 1 2 3 4 5 6 7 8 9 10 11 12 13 
111669 1 2 3 4 5 6 7 8 9 10 11 12 13 
111719 1 2 3 4 5 6 7 8 9 10 11 12 13 
111769 1 2 3 4 5 6 7 8 9 10 11 12 13 
111819 1 2 3 4 5 6 7 8 9 10 11 12 13 
111869 1 2 3 4 5 6 7 8 9 10 11 12 13 
111919 1 2 3 4 5 6 7 8 9 10 11 12 13 
111970 1 2 3 4 5 6 7 8 9 10 11 12 13 
112020 1 2 3 4 5 6 7 8 9 10 11 12 13 
112070 1 2 3 4 5 6 7 8 9 10 11 12 13 
112120 1 2 3 4 5 6 7 8 9 10 11 12 13 
112170 1 2 3 4 5 6 7 8 9 10 11 12 13 
112220 1 2 3 4 5 6 7 8 9 10 11 12 13 
112270 1 2 3 4 5 6 7 8 9 10 11 12 13 
112320 1 2 3 4 5 6 7 8 9 10 11 12 13 
112370 1 2 3 4 5 6 7 8 9 10 11 12 13 
112420 1 2 3 4 5 6 7 8 9 10 11 12 13 
112471 1 2 3 4 5 6 7 8 9 10 11 12 13 
112521 1 2 3 4 5 6 7 8 9 10 11 12 13 
112571 1 2 3 4 5 6 7 8 9 10 11 12 13 
112621 1 2 3 4 5 6 7 8 9 10 11 12 13 
112671 1 2 3 4 5 6 7 8 9 10 11 12 13 
112721 1 2 3 4 5 6 7 8 9 10 11 12 13 
112771 1 2 3 4 5 6 7 8 9 10 11 12 13 
112821 1 2 3 4 5 6 7 8 9 10 11 12 13 
112871 1 2 3 4 5 6 7 8 9 10 11 12 13 
112921 1 2 3 4 5 6 7 8 9 10 11 12 13 
112971 1 2 3 4 5 6 7 8 9 10 11 12 13 
113022 1 2 3 4 5 6 7 8 9 10 11 12 13 
113072 1 2 3 4 5 6 7 8 9 10 11 12 13 
113122 1 2 3 4 5 6 7 8 9 10 11 12 13 
113172 1 2 3 4 5 6 7 8 9 10 11 12 13 
113222 1 2 3 4 5 6 7 8 9 10 11 12 13 
113272 1 2 3 4 5 6 7 8 9 10 11 12 13 
113322 1 2 3 4 5 6 7 8 9 10 11 12 13 
113372 1 2 3 4 5 6 7 8 9 10 11 12 13 
113422 1 2 3 4 5 6 7 8 9 10 11 12 13 
113472 1 2 3 4 5 6 7 8 9 10 11 12 13 
113522 1 2 3 4 5 6 7 8 9 10 11 12 13 
113573 1 2 3 4 5 6 7 8 9 10 11 12 13 
113623 1 2 3 4 5 6 7 8 9 10 11 12 13 
113673 1 2 3 4 5 6 7 8 9 10 11 12 13 
113723 1 2 3 4 5 6 7 8 9 10 11 12 13 
113773 1 2 3 4 5 6 7 8 9 10 11 12 13 
113823 1 2 3 4 5 6 7 8 9 10 11 12 13 
113873 1 2 3 4 5 6 7 8 9 10 11 12 13 
113923 1 2 3 4 5 6 7 8 9 10 11 12 13 
113973 1 2 3 4 5 6 7 8 9 10 11 12 13 
114024 1 2 3 4 5 6 7 8 9 10 11 12 13 
114074 1 2 3 4 5 6 7 8 9 10 11 12 13 
114124 1 2 3 4 5 6 7 8 9 10 11 12 13 
114174 1 2 3 4 5 6 7 8 9 10 11 12 13 
114224 1 2 3 4 5 6 7 8 9 10 11 12 13 
114274 1 2 3 4 5 6 7 8 9 10 11 12 13 
114324 1 2 3 4 5 6 7 8 9 10 11 12 13 
114374 1 2 3 4 5 6 7 8 9 10 11 12 13 
114424 1 2 3 4 5 6 7 8 9 10 11 12 13 
114475 1 2 3 4 5 6 7 8 9 10 11 12 13 
114525 1 2 3 4 5 6 7 8 9 10 11 12 13 
114575 1 2 3 4 5 6 7 8 9 10 11 12 13 
114625 1 2 3 4 5 6 7 8 9 10 11 12 13 
114675 1 2 3 4 5 6 7 8 9 10 11 12 13 
114725 1 2 3 4 5 6 7 8 9 10 11 12 13 
114775 1 2 3 4 5 6 7 8 9 10 11 12 13 
114825 1 2 3 4 5 6 7 8 9 10 11 12 13 
114875 1 2 3 4 5 6 7 8 9 10 11 12 13 
114925 1 2 3 4 5 6 7 8 9 10 11 12 13 
114976 1 2 3 4 5 6 7 8 9 10 11 12 13 
115026 1 2 3 4 5 6 7 8 9 10 11 12 13 
115076 1 2 3 4 5 6 7 8 9 10 11 12 13 
115126 1 2 3 4 5 6 7 8 9 10 11 12 13 
115176 1 2 3 4 5 6 7 8 9 10 11 12 13 
115226 1 2 3 4 5 6 7 8 9 10 11 12 13 
115276 1 2 3 4 5 6 7 8 9 10 11 12 13 
115326 1 2 3 4 5 6 7 8 9 10 11 12 13 
115376 1 2 3 4 5 6 7 8 9 10 11 12 13 
115426 1 2 3 4 5 6 7 8 9 10 11 12 13 
115476 1 2 3 4 5 6 7 8 9 10 11 12 13 
115527 1 2 3 4 5 6 7 8 9 10 11 12 13 
115577 1 2 3 4 5 6 7 8 9 10 11 12 13 
115627 1 2 3 4 5 6 7 8 9 10 11 12 13 
115677 1 2 3 4 5 6 7 8 9 10 11 12 13 
115727 1 2 3 4 5 6 7 8 9 10 11 12 13 
115777 1 2 3 4 5 6 7 8 9 10 11 12 13 
115827 1 2 3 4 5 6 7 8 9 10 11 12 13 
115877 1 2 3 4 5 6 7 8 9 10 11 12 13 
115927 1 2 3 4 5 6 7 8 9 10 11 12 13 
115978 1 2 3 4 5 6 7 8 9 10 11 12 13 
116028 1 2 3 4 5 6 7 8 9 10 11 12 13 
116078 1 2 3 4 5 6 7 8 9 10 11 12 13 
116128 1 2 3 4 5 6 7 8 9 10 11 12 13 
116178 1 2 3 4 5 6 7 8 9 10 11 12 13 
116228 1 2 3 4 5 6 7 8 9 10 11 12 13 
116278 1 2 3 4 5 6 7 8 9 10 11 12 13 
116329 1 2 3 4 5 6 7 8 9 10 11 12 13 
116379 1 2 3 4 5 6 7 8 9 10 11 12 13 
116429 1 2 3 4 5 6 7 8 9 10 11 12 13 
116479 1 2 3 4 5 6 7 8 9 10 11 12 13 
116529 1 2 3 4 5 6 7 8 9 10 11 12 13 
116579 1 2 3 4 5 6 7 8 9 10 11 12 13 
116629 1 2 3 4 5 6 7 8 9 10 11 12 13 
116679 1 2 3 4 5 6 7 8 9 10 11 12 13 
116729 1 2 3 4 5 6 7 8 9 10 11 12 13 
116779 1 2 3 4 5 6 7 8 9 10 11 12 13 
116830 1 2 3 4 5 6 7 8 9 10 11 12 13 
116880 1 2 3 4 5 6 7 8 9 10 11 12 13 
116930 1 2 3 4 5 6 7 8 9 10 11 12 13 
116980 1 2 3 4 5 6 7 8 9 10 11 12 13 
117030 1 2 3 4 5 6 7 8 9 10 11 12 13 
117080 1 2 3 4 5 6 7 8 9 10 11 12 13 
117130 1 2 3 4 5 6 7 8 9 10 11 12 13 
117180 1 2 3 4 5 6 7 8 9 10 11 12 13 
117230 1 2 3 4 5 6 7 8 9 10 11 12 13 
117280 1 2 3 4 5 6 7 8 9 10 11 12 13 
117330 1 2 3 4 5 6 7 8 9 10 11 12 13 
117380 1 2 3 4 5 6 7 8 9 10 11 12 13 
117431 1 2 3 4 5 6 7 8 9 10 11 12 13 
117481 1 2 3 4 5 6 7 8 9 10 11 12 13 
117531 1 2 3 4 5 6 7 8 9 10 11 12 13 
117581 1 2 3 4 5 6 7 8 9 10 11 12 13 
117631 1 2 3 4 5 6 7 8 9 10 11 12 13 
117681 1 2 3 4 5 6 7 8 9 10 11 12 13 
117731 1 2 3 4 5 6 7 8 9 10 11 12 13 
117781 1 2 3 4 5 6 7 8 9 10 11 12 13 
117831 1 2 3 4 5 6 7 8 9 10 11 12 13 
117881 1 2 3 4 5 6 7 8 9 10 11 12 13 
117932 1 2 3 4 5 6 7 8 9 10 11 12 13 
117982 1 2 3 4 5 6 7 8 9 10 11 12 13 
118032 1 2 3 4 5 6 7 8 9 10 11 12 13 
118082 1 2 3 4 5 6 7 8 9 10 11 12 13 
118132 1 2 3 4 5 6 7 8 9 10 11 12 13 
118182 1 2 3 4 5 6 7 8 9 10 11 12 13 
118232 1 2 3 4 5 6 7 8 9 10 11 12 13 
118282 1 2 3 4 5 7 9 3072 -256 15374 462 256 512 768 4 6 8 10 3072 3328 28174 256 768 1280 6 7 9 11 12 13 
118433 512 1024 1536 8 10 11 12 
