978030 0 0 0 0 0 0 0 0 0 0 8200 8200 5 
978080 0 0 0 0 0 0 0 0 0 0 8200 8200 5 
978130 0 0 0 0 0 0 0 0 0 0 8200 8200 5 
978181 0 0 0 0 0 0 0 0 0 0 8200 8200 5 
978231 0 0 0 0 0 0 0 0 0 0 8200 8200 5 
978281 0 0 0 0 0 0 0 0 0 0 8200 8200 5 
978331 0 0 0 0 0 0 0 0 0 0 8200 8200 5 
978381 0 0 0 0 0 0 0 0 0 0 8200 8200 5 
978431 0 0 0 0 0 0 0 0 0 0 8200 8200 5 
978481 0 0 0 0 0 0 0 0 0 0 8200 8200 5 
978532 0 0 0 0 0 0 0 0 0 0 8200 8200 5 
978582 0 0 0 0 0 0 0 0 0 0 8200 8200 5 
978632 0 0 0 0 0 0 0 0 0 0 8200 8200 5 
978682 0 0 0 0 0 0 0 0 0 0 8200 8200 5 
978732 0 0 0 0 0 0 0 0 0 0 8200 8200 5 
978782 0 0 0 0 0 0 0 0 0 0 8200 8200 5 
978832 0 0 0 0 0 0 0 0 0 0 8200 8200 5 
978882 0 0 0 0 0 0 0 0 0 0 8200 8200 5 
978932 0 0 0 0 0 0 0 0 0 0 8200 8200 5 
978982 0 0 0 0 0 0 0 0 0 0 8200 8200 5 
979032 0 0 0 0 0 0 0 0 0 0 8200 8200 5 
979083 0 0 0 0 0 0 0 0 0 0 8200 8200 5 
979133 0 0 0 0 0 0 0 0 0 0 8200 8200 5 
979183 0 0 0 0 0 0 0 0 0 0 8200 8200 5 
979233 0 0 0 0 0 0 0 0 0 0 8200 8200 5 
979283 0 0 0 0 0 0 0 0 0 0 8200 8200 5 
979333 0 0 0 0 0 0 0 0 0 0 8200 8200 5 
979383 0 0 0 0 0 0 0 0 0 0 8200 8200 5 
979433 0 0 0 0 0 0 0 0 0 0 8200 8200 5 
979483 0 0 0 0 0 0 0 0 0 0 8200 8200 5 
979533 0 0 0 0 0 0 0 0 0 0 8200 8200 5 
979583 0 0 0 0 0 0 0 0 0 0 8200 8200 5 
979634 0 0 0 0 0 0 0 0 0 0 8200 8200 5 
979684 0 0 0 0 0 0 0 0 0 0 8200 8200 5 
979734 0 0 0 0 0 0 0 0 0 0 8200 8200 5 
979784 0 0 0 0 0 0 0 0 0 0 8200 8200 5 
979834 0 0 0 0 0 0 0 0 0 0 8200 8200 5 
979884 0 0 0 0 0 0 0 0 0 0 8200 8200 5 
979934 0 0 0 0 0 0 0 0 0 0 8200 8200 5 
979984 0 0 0 0 0 0 0 0 0 0 8200 8200 5 
980034 0 0 0 0 0 0 0 0 0 0 8200 8200 5 
980086 0 0 0 0 0 0 0 0 0 0 8200 8200 5 
980136 0 0 0 0 0 0 0 0 0 0 8200 8200 5 
980186 0 0 0 0 0 0 0 0 0 0 8200 8200 5 
980236 0 0 0 0 0 0 0 0 0 0 8200 8200 5 
980286 0 0 0 0 0 0 0 0 0 0 8200 8200 5 
980336 0 0 0 0 0 0 0 0 0 0 8200 8200 5 
980386 0 0 0 0 0 0 0 0 0 0 8200 8200 5 
980436 0 0 0 0 0 0 0 0 0 0 8200 8200 5 
980487 0 0 0 0 0 0 0 0 0 0 8200 8200 5 
980537 0 0 0 0 0 0 0 0 0 0 8200 8200 5 
980587 0 0 0 0 0 0 0 0 0 0 8200 8200 5 
980637 0 0 0 0 0 0 0 0 0 0 8200 8200 5 
980687 0 0 0 0 0 0 0 0 0 0 8200 8200 5 
980737 0 0 0 0 0 0 0 0 0 0 8200 8200 5 
980787 0 0 0 0 0 0 0 0 0 0 8200 8200 5 
980837 0 0 0 0 0 0 0 0 0 0 8200 8200 5 
980887 0 0 0 0 0 0 0 0 0 0 8200 8200 5 
980937 0 0 0 0 0 0 0 0 0 0 8200 8200 5 
980987 0 0 0 0 0 0 0 0 0 0 8200 8200 5 
981038 0 0 0 0 0 0 0 0 0 0 8200 8200 5 
981088 0 0 0 0 0 0 0 0 0 0 8200 8200 5 
981138 0 0 0 0 0 0 0 0 0 0 8200 8200 5 
981188 0 0 0 0 0 0 0 0 0 0 8200 8200 5 
981238 0 0 0 0 0 0 0 0 0 0 8200 8200 5 
981288 0 0 0 0 0 0 0 0 0 0 8200 8200 5 
981338 0 0 0 0 0 0 0 0 0 0 8200 8200 5 
981388 0 0 0 0 0 0 0 0 0 0 8200 8200 5 
981438 0 0 0 0 0 0 0 0 0 0 8200 8200 5 
981488 0 0 0 0 0 0 0 0 0 0 8200 8200 5 
981538 0 0 0 0 0 0 0 0 0 0 8200 8200 5 
981589 0 0 0 0 0 0 0 0 0 0 8200 8200 5 
981639 0 0 0 0 0 0 0 0 0 0 8200 8200 5 
981689 0 0 0 0 0 0 0 0 0 0 8200 8200 5 
981739 0 0 0 0 0 0 0 0 0 0 8200 8200 5 
981790 0 0 0 0 0 0 0 0 0 0 8200 8200 5 
981840 0 0 0 0 0 0 0 0 0 0 8200 8200 5 
981890 0 0 0 0 0 0 0 0 0 0 8200 8200 5 
981940 0 0 0 0 0 0 0 0 0 0 8200 8200 5 
981990 0 0 0 0 0 0 0 0 0 0 8200 8200 5 
982040 0 0 0 0 0 0 0 0 0 0 8200 8200 5 
982090 0 0 0 0 0 0 0 0 0 0 8200 8200 5 
982140 0 0 0 0 0 0 0 0 0 0 8200 8200 5 
982191 0 0 0 0 0 0 0 0 0 0 8200 8200 5 
982241 0 0 0 0 0 0 0 0 0 0 8200 8200 5 
982291 0 0 0 0 0 0 0 0 0 0 8200 8200 5 
982341 0 0 0 0 0 0 0 0 0 0 8200 8200 5 
982391 0 0 0 0 0 0 0 0 0 0 8200 8200 5 
982442 0 0 0 0 0 0 0 0 0 0 8200 8200 5 
982492 0 0 0 0 0 0 0 0 0 0 8200 8200 5 
982542 0 0 0 0 0 0 0 0 0 0 8200 8200 5 
982592 0 0 0 0 0 0 0 0 0 0 8200 8200 5 
982642 0 0 0 0 0 0 0 0 0 0 8200 8200 5 
982692 0 0 0 0 0 0 0 0 0 0 8200 8200 5 
982742 0 0 0 0 0 0 0 0 0 0 8200 8200 5 
982792 0 0 0 0 0 0 0 0 0 0 8200 8200 5 
982842 0 0 0 0 0 0 0 0 0 0 8200 8200 5 
982893 0 0 0 0 0 0 0 0 0 0 8200 8200 5 
982943 0 0 0 0 0 0 0 0 0 0 8200 8200 5 
982993 0 0 0 0 0 0 0 0 0 0 8200 8200 5 
983043 0 0 0 0 0 0 0 0 0 0 8200 8200 5 
983093 0 0 0 0 0 0 0 0 0 0 8200 8200 5 
983143 0 0 0 0 0 0 0 0 0 0 8200 8200 5 
983193 0 0 0 0 0 0 0 0 0 0 8200 8200 5 
983243 0 0 0 0 0 0 0 0 0 0 8200 8200 5 
983293 0 0 0 0 0 0 0 0 0 0 8200 8200 5 
983343 0 0 0 0 0 0 0 0 0 0 8200 8200 5 
983393 0 0 0 0 0 0 0 0 0 0 8200 8200 5 
