907813 0 0 0 0 0 0 0 0 0 0 0 0 0 
907863 0 0 0 0 0 0 0 0 0 0 0 0 0 
907913 0 0 0 0 0 0 0 0 0 0 0 0 0 
907963 0 0 0 0 0 0 0 0 0 0 0 0 0 
908013 0 0 0 0 0 0 0 0 0 0 0 0 0 
908063 0 0 0 0 0 0 0 0 0 0 0 0 0 
908113 0 0 0 0 0 0 0 0 0 0 0 0 0 
908163 0 0 0 0 0 0 0 0 0 0 0 0 0 
908214 0 0 0 0 0 0 0 0 0 0 0 0 0 
908264 0 0 0 0 0 0 0 0 0 0 0 0 0 
908314 0 0 0 0 0 0 0 0 0 0 0 0 0 
908364 0 0 0 0 0 0 0 0 0 0 0 0 0 
908414 0 0 0 0 0 0 0 0 0 0 0 0 0 
908464 0 0 0 0 0 0 0 0 0 0 0 0 0 
908514 0 0 0 0 0 0 0 0 0 0 0 0 0 
908564 0 0 0 0 0 0 0 0 0 0 0 0 0 
908614 0 0 0 0 0 0 0 0 0 0 0 0 0 
908664 0 0 0 0 0 0 0 0 0 0 0 0 0 
908715 0 0 0 0 0 0 0 0 0 0 0 0 0 
908765 0 0 0 0 0 0 0 0 0 0 0 0 0 
908815 0 0 0 0 0 0 0 0 0 0 0 0 0 
908865 0 0 0 0 0 0 0 0 0 0 0 0 0 
908915 0 0 0 0 0 0 0 0 0 0 0 0 0 
908966 0 0 0 0 0 0 0 0 0 0 0 0 0 
909016 0 0 0 0 0 0 0 0 0 0 0 0 0 
909066 0 0 0 0 0 0 0 0 0 0 0 0 0 
909116 0 0 0 0 0 0 0 0 0 0 0 0 0 
909166 0 0 0 0 0 0 0 0 0 0 0 0 0 
909216 0 0 0 0 0 0 0 0 0 0 0 0 0 
909268 0 0 0 0 0 0 0 0 0 0 0 0 0 
909318 0 0 0 0 0 0 0 0 0 0 0 0 0 
909368 0 0 0 0 0 0 0 0 0 0 0 0 0 
909418 0 0 0 0 0 0 0 0 0 0 0 0 0 
909468 0 0 0 0 0 0 0 0 0 0 0 0 0 
909518 0 0 0 0 0 0 0 0 0 0 0 0 0 
909568 0 0 0 0 0 0 0 0 0 0 0 0 0 
909618 0 0 0 0 0 0 0 0 0 0 0 0 0 
909669 0 0 0 0 0 0 0 0 0 0 0 0 0 
909719 0 0 0 0 0 0 0 0 0 0 0 0 0 
909769 0 0 0 0 0 0 0 0 0 0 0 0 0 
909819 0 0 0 0 0 0 0 0 0 0 0 0 0 
909869 0 0 0 0 0 0 0 0 0 0 0 0 0 
909919 0 0 0 0 0 0 0 0 0 0 0 0 0 
909969 0 0 0 0 0 0 0 0 0 0 0 0 0 
910020 0 0 0 0 0 0 0 0 0 0 0 0 0 
910070 0 0 0 0 0 0 0 0 0 0 0 0 0 
910120 0 0 0 0 0 0 0 0 0 0 0 0 0 
910171 0 0 0 0 0 0 0 0 0 0 0 0 0 
910221 0 0 0 0 0 0 0 0 0 0 0 0 0 
910271 0 0 0 0 0 0 0 0 0 0 0 0 0 
910321 0 0 0 0 0 0 0 0 0 0 0 0 0 
910371 0 0 0 0 0 0 0 0 0 0 0 0 0 
910421 0 0 0 0 0 0 0 0 0 0 0 0 0 
910471 0 0 0 0 0 0 0 0 0 0 0 0 0 
910521 0 0 0 0 0 0 0 0 0 0 0 0 0 
910571 0 0 0 0 0 0 0 0 0 0 0 0 0 
910621 0 0 0 0 0 0 0 0 0 0 0 0 0 
910671 0 0 0 0 0 0 0 0 0 0 0 0 0 
910722 0 0 0 0 0 0 0 0 0 0 0 0 0 
910772 0 0 0 0 0 0 0 0 0 0 0 0 0 
910822 0 0 0 0 0 0 0 0 0 0 0 0 0 
910872 0 0 0 0 0 0 0 0 0 0 0 0 0 
910922 0 0 0 0 0 0 0 0 0 0 0 0 0 
910972 0 0 0 0 0 0 0 0 0 0 0 0 0 
911022 0 0 0 0 0 0 0 0 0 0 0 0 0 
911072 0 0 0 0 0 0 0 0 0 0 0 0 0 
911122 0 0 0 0 0 0 0 0 0 0 0 0 0 
911172 0 0 0 0 0 0 0 0 0 0 0 0 0 
911223 0 0 0 0 0 0 0 0 0 0 0 0 0 
911273 0 0 0 0 0 0 0 0 0 0 0 0 0 
911323 0 0 0 0 0 0 0 0 0 0 0 0 0 
911373 0 0 0 0 0 0 0 0 0 0 0 0 0 
911423 0 0 0 0 0 0 0 0 0 0 0 0 0 
911473 0 0 0 0 0 0 0 0 0 0 0 0 0 
911524 0 0 0 0 0 0 0 0 0 0 0 0 0 
911574 0 0 0 0 0 0 0 0 0 0 0 0 0 
911624 0 0 0 0 0 0 0 0 0 0 0 0 0 
911674 0 0 0 0 0 0 0 0 0 0 0 0 0 
911724 0 0 0 0 0 0 0 0 0 0 0 0 0 
911774 0 0 0 0 0 0 0 0 0 0 0 0 0 
911824 0 0 0 0 0 0 0 0 0 0 0 0 0 
911874 0 0 0 0 0 0 0 0 0 0 0 0 0 
911924 0 0 0 0 0 0 0 0 0 0 0 0 0 
911974 0 0 0 0 0 0 0 0 0 0 0 0 0 
912025 0 0 0 0 0 0 0 0 0 0 0 0 0 
912075 0 0 0 0 0 0 0 0 0 0 0 0 0 
912125 0 0 0 0 0 0 0 0 0 0 0 0 0 
912175 0 0 0 0 0 0 0 0 0 0 0 0 0 
912225 0 0 0 0 0 0 0 0 0 0 0 0 0 
912275 0 0 0 0 0 0 0 0 0 0 0 0 0 
912325 0 0 0 0 0 0 0 0 0 0 0 0 0 
912375 0 0 0 0 0 0 0 0 0 0 0 0 0 
912425 0 0 0 0 0 0 0 0 0 0 0 0 0 
912475 0 0 0 0 0 0 0 0 0 0 0 0 0 
912525 0 0 0 0 0 0 0 0 0 0 0 0 0 
912575 0 0 0 0 0 0 0 0 0 0 0 0 0 
912626 0 0 0 0 0 0 0 0 0 0 0 0 0 
912676 0 0 0 0 0 0 0 0 0 0 0 0 0 
912726 0 0 0 0 0 0 0 0 0 0 0 0 0 
912776 0 0 0 0 0 0 0 0 0 0 0 0 0 
912826 0 0 0 0 0 0 0 0 0 0 0 0 0 
912876 0 0 0 0 0 0 0 0 0 0 0 0 0 
912926 0 0 0 0 0 0 0 0 0 0 0 0 0 
912976 0 0 0 0 0 0 0 0 0 0 0 0 0 
913026 0 0 0 0 0 0 0 0 0 0 0 0 0 
913076 0 0 0 0 0 0 0 0 0 0 0 0 0 
913127 0 0 0 0 0 0 0 0 0 0 0 0 0 
913177 0 0 0 0 0 0 0 0 0 0 0 0 0 
