995709 0 0 0 0 0 0 0 0 0 0 0 0 0 
995759 0 0 0 0 0 0 0 0 0 0 0 0 0 
995809 0 0 0 0 0 0 0 0 0 0 0 0 0 
995859 0 0 0 0 0 0 0 0 0 0 0 0 0 
995909 0 0 0 0 0 0 0 0 0 0 0 0 0 
995959 0 0 0 0 0 0 0 0 0 0 0 0 0 
996009 0 0 0 0 0 0 0 0 0 0 0 0 0 
996059 0 0 0 0 0 0 0 0 0 0 0 0 0 
996109 0 0 0 0 0 0 0 0 0 0 0 0 0 
996160 0 0 0 0 0 0 0 0 0 0 0 0 0 
996210 0 0 0 0 0 0 0 0 0 0 0 0 0 
996260 0 0 0 0 0 0 0 0 0 0 0 0 0 
996310 0 0 0 0 0 0 0 0 0 0 0 0 0 
996360 0 0 0 0 0 0 0 0 0 0 0 0 0 
996410 0 0 0 0 0 0 0 0 0 0 0 0 0 
996460 0 0 0 0 0 0 0 0 0 0 0 0 0 
996510 0 0 0 0 0 0 0 0 0 0 0 0 0 
996560 0 0 0 0 0 0 0 0 0 0 0 0 0 
996610 0 0 0 0 0 0 0 0 0 0 0 0 0 
996660 0 0 0 0 0 0 0 0 0 0 0 0 0 
996711 0 0 0 0 0 0 0 0 0 0 0 0 0 
996761 0 0 0 0 0 0 0 0 0 0 0 0 0 
996811 0 0 0 0 0 0 0 0 0 0 0 0 0 
996861 0 0 0 0 0 0 0 0 0 0 0 0 0 
996911 0 0 0 0 0 0 0 0 0 0 0 0 0 
996961 0 0 0 0 0 0 0 0 0 0 0 0 0 
997011 0 0 0 0 0 0 0 0 0 0 0 0 0 
997062 0 0 0 0 0 0 0 0 0 0 0 0 0 
997112 0 0 0 0 0 0 0 0 0 0 0 0 0 
997162 0 0 0 0 0 0 0 0 0 0 0 0 0 
997212 0 0 0 0 0 0 0 0 0 0 0 0 0 
997262 0 0 0 0 0 0 0 0 0 0 0 0 0 
997312 0 0 0 0 0 0 0 0 0 0 0 0 0 
997362 0 0 0 0 0 0 0 0 0 0 0 0 0 
997412 0 0 0 0 0 0 0 0 0 0 0 0 0 
997462 0 0 0 0 0 0 0 0 0 0 0 0 0 
997512 0 0 0 0 0 0 0 0 0 0 0 0 0 
997562 0 0 0 0 0 0 0 0 0 0 0 0 0 
997613 0 0 0 0 0 0 0 0 0 0 0 0 0 
997663 0 0 0 0 0 0 0 0 0 0 0 0 0 
997713 0 0 0 0 0 0 0 0 0 0 0 0 0 
997763 0 0 0 0 0 0 0 0 0 0 0 0 0 
997813 0 0 0 0 0 0 0 0 0 0 0 0 0 
997863 0 0 0 0 0 0 0 0 0 0 0 0 0 
997913 0 0 0 0 0 0 0 0 0 0 0 0 0 
997963 0 0 0 0 0 0 0 0 0 0 0 0 0 
998013 0 0 0 0 0 0 0 0 0 0 0 0 0 
998063 0 0 0 0 0 0 0 0 0 0 0 0 0 
998113 0 0 0 0 0 0 0 0 0 0 0 0 0 
998164 0 0 0 0 0 0 0 0 0 0 0 0 0 
998214 0 0 0 0 0 0 0 0 0 0 0 0 0 
998264 0 0 0 0 0 0 0 0 0 0 0 0 0 
998314 0 0 0 0 0 0 0 0 0 0 0 0 0 
998364 0 0 0 0 0 0 0 0 0 0 0 0 0 
998414 0 0 0 0 0 0 0 0 0 0 0 0 0 
998464 0 0 0 0 0 0 0 0 0 0 0 0 0 
998514 0 0 0 0 0 0 0 0 0 0 0 0 0 
998564 0 0 0 0 0 0 0 0 0 0 0 0 0 
998614 0 0 0 0 0 0 0 0 0 0 0 0 0 
998664 0 0 0 0 0 0 0 0 0 0 0 0 0 
998715 0 0 0 0 0 0 0 0 0 0 0 0 0 
998765 0 0 0 0 0 0 0 0 0 0 0 0 0 
998815 0 0 0 0 0 0 0 0 0 0 0 0 0 
998865 0 0 0 0 0 0 0 0 0 0 0 0 0 
998915 0 0 0 0 0 0 0 0 0 0 0 0 0 
998965 0 0 0 0 0 0 0 0 0 0 0 0 0 
999015 0 0 0 0 0 0 0 0 0 0 0 0 0 
999065 0 0 0 0 0 0 0 0 0 0 0 0 0 
999115 0 0 0 0 0 0 0 0 0 0 0 0 0 
999165 0 0 0 0 0 0 0 0 0 0 0 0 0 
999215 0 0 0 0 0 0 0 0 0 0 0 0 0 
999266 0 0 0 0 0 0 0 0 0 0 0 0 0 
999316 0 0 0 0 0 0 0 0 0 0 0 0 0 
999366 0 0 0 0 0 0 0 0 0 0 0 0 0 
999416 0 0 0 0 0 0 0 0 0 0 0 0 0 
999466 0 0 0 0 0 0 0 0 0 0 0 0 0 
999516 0 0 0 0 0 0 0 0 0 0 0 0 0 
999566 0 0 0 0 0 0 0 0 0 0 0 0 0 
999616 0 0 0 0 0 0 0 0 0 0 0 0 0 
999666 0 0 0 0 0 0 0 0 0 0 0 0 0 
999716 0 0 0 0 0 0 0 0 0 0 0 0 0 
999766 0 0 0 0 0 0 0 0 0 0 0 0 0 
999817 0 0 0 0 0 0 0 0 0 0 0 0 0 
999867 0 0 0 0 0 0 0 0 0 0 0 0 0 
999917 0 0 0 0 0 0 0 0 0 0 0 0 0 
999967 0 0 0 0 0 0 0 0 0 0 0 0 0 
1000017 0 0 0 0 0 0 0 0 0 0 0 0 0 
1000067 0 0 0 0 0 0 0 0 0 0 0 0 0 
1000117 0 0 0 0 0 0 0 0 0 0 0 0 0 
1000167 0 0 0 0 0 0 0 0 0 0 0 0 0 
1000217 0 0 0 0 0 0 0 0 0 0 0 0 0 
1000268 0 0 0 0 0 0 0 0 0 0 0 0 0 
1000318 0 0 0 0 0 0 0 0 0 0 0 0 0 
1000368 0 0 0 0 0 0 0 0 0 0 0 0 0 
1000418 0 0 0 0 0 0 0 0 0 0 0 0 0 
1000468 0 0 0 0 0 0 0 0 0 0 0 0 0 
1000518 0 0 0 0 0 0 0 0 0 0 0 0 0 
1000568 0 0 0 0 0 0 0 0 0 0 0 0 0 
1000618 0 0 0 0 0 0 0 0 0 0 0 0 0 
1000668 0 0 0 0 0 0 0 0 0 0 0 0 0 
1000718 0 0 0 0 0 0 0 0 0 0 0 0 0 
1000769 0 0 0 0 0 0 0 0 0 0 0 0 0 
1000819 0 0 0 0 0 0 0 0 0 0 0 0 0 
1000869 0 0 0 0 0 0 0 0 0 0 0 0 0 
1000919 0 0 0 0 0 0 0 0 0 0 0 0 0 
1000969 0 0 0 0 0 0 0 0 0 0 0 0 0 
1001019 0 0 0 0 0 0 0 0 0 0 0 0 0 
1001069 0 0 0 0 0 0 0 0 0 0 0 0 0 
