5866 0 0 0 0 0 0 0 0 0 0 0 0 0 
5916 0 0 0 0 0 0 0 0 0 0 0 0 0 
5966 0 0 0 0 0 0 0 0 0 0 0 0 0 
6016 0 0 0 0 0 0 0 0 0 0 0 0 0 
6066 0 0 0 0 0 0 0 0 0 0 0 0 0 
6117 0 0 0 0 0 0 0 0 0 0 0 0 0 
6167 0 0 0 0 0 0 0 0 0 0 0 0 0 
6217 0 0 0 0 0 0 0 0 0 0 0 0 0 
6267 0 0 0 0 0 0 0 0 0 0 0 0 0 
6317 0 0 0 0 0 0 0 0 0 0 0 0 0 
6367 0 0 0 0 0 0 0 0 0 0 0 0 0 
6417 0 0 0 0 0 0 0 0 0 0 0 0 0 
6467 0 0 0 0 0 0 0 0 0 0 0 0 0 
6518 0 0 0 0 0 0 0 0 0 0 0 0 0 
6568 0 0 0 0 0 0 0 0 0 0 0 0 0 
6618 0 0 0 0 0 0 0 0 0 0 0 0 0 
6668 0 0 0 0 0 0 0 0 0 0 0 0 0 
6718 0 0 0 0 0 0 0 0 0 0 0 0 0 
6768 0 0 0 0 0 0 0 0 0 0 0 0 0 
6818 0 0 0 0 0 0 0 0 0 0 0 0 0 
6868 0 0 0 0 0 0 0 0 0 0 0 0 0 
6918 0 0 0 0 0 0 0 0 0 0 0 0 0 
6968 0 0 0 0 0 0 0 0 0 0 0 0 0 
7018 0 0 0 0 0 0 0 0 0 0 0 0 0 
7069 0 0 0 0 0 0 0 0 0 0 0 0 0 
7119 0 0 0 0 0 0 0 0 0 0 0 0 0 
7169 0 0 0 0 0 0 0 0 0 0 0 0 0 
7219 0 0 0 0 0 0 0 0 0 0 0 0 0 
7269 0 0 0 0 0 0 0 0 0 0 0 0 0 
7319 0 0 0 0 0 0 0 0 0 0 0 0 0 
7369 0 0 0 0 0 0 0 0 0 0 0 0 0 
7419 0 0 0 0 0 0 0 0 0 0 0 0 0 
7469 0 0 0 0 0 0 0 0 0 0 0 0 0 
7519 0 0 0 0 0 0 0 0 0 0 0 0 0 
7570 0 0 0 0 0 0 0 0 0 0 0 0 0 
7620 0 0 0 0 0 0 0 0 0 0 0 0 0 
7670 0 0 0 0 0 0 0 0 0 0 0 0 0 
7720 0 0 0 0 0 0 0 0 0 0 0 0 0 
7770 0 0 0 0 0 0 0 0 0 0 0 0 0 
7820 0 0 0 0 0 0 0 0 0 0 0 0 0 
7870 0 0 0 0 0 0 0 0 0 0 0 0 0 
7920 0 0 0 0 0 0 0 0 0 0 0 0 0 
7970 0 0 0 0 0 0 0 0 0 0 0 0 0 
8020 0 0 0 0 0 0 0 0 0 0 0 0 0 
8071 0 0 0 0 0 0 0 0 0 0 0 0 0 
8121 0 0 0 0 0 0 0 0 0 0 0 0 0 
8171 0 0 0 0 0 0 0 0 0 0 0 0 0 
8221 0 0 0 0 0 0 0 0 0 0 0 0 0 
8271 0 0 0 0 0 0 0 0 0 0 0 0 0 
8321 0 0 0 0 0 0 0 0 0 0 0 0 0 
8371 0 0 0 0 0 0 0 0 0 0 0 0 0 
8421 0 0 0 0 0 0 0 0 0 0 0 0 0 
8471 0 0 0 0 0 0 0 0 0 0 0 0 0 
8521 0 0 0 0 0 0 0 0 0 0 0 0 0 
8571 0 0 0 0 0 0 0 0 0 0 0 0 0 
8622 0 0 0 0 0 0 0 0 0 0 0 0 0 
8672 0 0 0 0 0 0 0 0 0 0 0 0 0 
8722 0 0 0 0 0 0 0 0 0 0 0 0 0 
8772 0 0 0 0 0 0 0 0 0 0 0 0 0 
8822 0 0 0 0 0 0 0 0 0 0 0 0 0 
8872 0 0 0 0 0 0 0 0 0 0 0 0 0 
8922 0 0 0 0 0 0 0 0 0 0 0 0 0 
8972 0 0 0 0 0 0 0 0 0 0 0 0 0 
9022 0 0 0 0 0 0 0 0 0 0 0 0 0 
9072 0 0 0 0 0 0 0 0 0 0 0 0 0 
9122 0 0 0 0 0 0 0 0 0 0 0 0 0 
9173 0 0 0 0 0 0 0 0 0 0 0 0 0 
9223 0 0 0 0 0 0 0 0 0 0 0 0 0 
9273 0 0 0 0 0 0 0 0 0 0 0 0 0 
9323 0 0 0 0 0 0 0 0 0 0 0 0 0 
9373 0 0 0 0 0 0 0 0 0 0 0 0 0 
9423 0 0 0 0 0 0 0 0 0 0 0 0 0 
9473 0 0 0 0 0 0 0 0 0 0 0 0 0 
9523 0 0 0 0 0 0 0 0 0 0 0 0 0 
9573 0 0 0 0 0 0 0 0 0 0 0 0 0 
9624 0 0 0 0 0 0 0 0 0 0 0 0 0 
9673 0 0 0 0 0 0 0 0 0 0 0 0 0 
9724 0 0 0 0 0 0 0 0 0 0 0 0 0 
9774 0 0 0 0 0 0 0 0 0 0 0 0 0 
9824 0 0 0 0 0 0 0 0 0 0 0 0 0 
9874 0 0 0 0 0 0 0 0 0 0 0 0 0 
9924 0 0 0 0 0 0 0 0 0 0 0 0 0 
9974 0 0 0 0 0 0 0 0 0 0 0 0 0 
10024 0 0 0 0 0 0 0 0 0 0 0 0 0 
10074 0 0 0 0 0 0 0 0 0 0 0 0 0 
10124 0 0 0 0 0 0 0 0 0 0 0 0 0 
10174 0 0 0 0 0 0 0 0 0 0 0 0 0 
10225 0 0 0 0 0 0 0 0 0 0 0 0 0 
10275 0 0 0 0 0 0 0 0 0 0 0 0 0 
10325 0 0 0 0 0 0 0 0 0 0 0 0 0 
10375 0 0 0 0 0 0 0 0 0 0 0 0 0 
10425 0 0 0 0 0 0 0 0 0 0 0 0 0 
10475 0 0 0 0 0 0 0 0 0 0 0 0 0 
10525 0 0 0 0 0 0 0 0 0 0 0 0 0 
10575 0 0 0 0 0 0 0 0 0 0 0 0 0 
10625 0 0 0 0 0 0 0 0 0 0 0 0 0 
10676 0 0 0 0 0 0 0 0 0 0 0 0 0 
10726 0 0 0 0 0 0 0 0 0 0 0 0 0 
10776 0 0 0 0 0 0 0 0 0 0 0 0 0 
10826 0 0 0 0 0 0 0 0 0 0 0 0 0 
10876 0 0 0 0 0 0 0 0 0 0 0 0 0 
10927 0 0 0 0 0 0 0 0 0 0 0 0 0 
10977 0 0 0 0 0 0 0 0 0 0 0 0 0 
11027 0 0 0 0 0 0 0 0 0 0 0 0 0 
11077 0 0 0 0 0 0 0 0 0 0 0 0 0 
11127 0 0 0 0 0 0 0 0 0 0 0 0 0 
11177 0 0 0 0 0 0 0 0 0 0 0 0 0 
11227 0 0 0 0 0 0 0 0 0 0 0 0 0 
