159172 0 0 0 0 0 0 0 0 0 0 0 0 0 
159223 0 0 0 0 0 0 0 0 0 0 0 0 0 
159273 0 0 0 0 0 0 0 0 0 0 0 0 0 
159323 0 0 0 0 0 0 0 0 0 0 0 0 0 
159373 0 0 0 0 0 0 0 0 0 0 0 0 0 
159423 0 0 0 0 0 0 0 0 0 0 0 0 0 
159473 0 0 0 0 0 0 0 0 0 0 0 0 0 
159523 0 0 0 0 0 0 0 0 0 0 0 0 0 
159574 0 0 0 0 0 0 0 0 0 0 0 0 0 
159624 0 0 0 0 0 0 0 0 0 0 0 0 0 
159674 0 0 0 0 0 0 0 0 0 0 0 0 0 
159724 0 0 0 0 0 0 0 0 0 0 0 0 0 
159774 0 0 0 0 0 0 0 0 0 0 0 0 0 
159824 0 0 0 0 0 0 0 0 0 0 0 0 0 
159874 0 0 0 0 0 0 0 0 0 0 0 0 0 
159924 0 0 0 0 0 0 0 0 0 0 0 0 0 
159974 0 0 0 0 0 0 0 0 0 0 0 0 0 
160024 0 0 0 0 0 0 0 0 0 0 0 0 0 
160075 0 0 0 0 0 0 0 0 0 0 0 0 0 
160125 0 0 0 0 0 0 0 0 0 0 0 0 0 
160175 0 0 0 0 0 0 0 0 0 0 0 0 0 
160225 0 0 0 0 0 0 0 0 0 0 0 0 0 
160275 0 0 0 0 0 0 0 0 0 0 0 0 0 
160325 0 0 0 0 0 0 0 0 0 0 0 0 0 
160375 0 0 0 0 0 0 0 0 0 0 0 0 0 
160425 0 0 0 0 0 0 0 0 0 0 0 0 0 
160475 0 0 0 0 0 0 0 0 0 0 0 0 0 
160526 0 0 0 0 0 0 0 0 0 0 0 0 0 
160576 0 0 0 0 0 0 0 0 0 0 0 0 0 
160626 0 0 0 0 0 0 0 0 0 0 0 0 0 
160676 0 0 0 0 0 0 0 0 0 0 0 0 0 
160726 0 0 0 0 0 0 0 0 0 0 0 0 0 
160776 0 0 0 0 0 0 0 0 0 0 0 0 0 
160826 0 0 0 0 0 0 0 0 0 0 0 0 0 
160876 0 0 0 0 0 0 0 0 0 0 0 0 0 
160926 0 0 0 0 0 0 0 0 0 0 0 0 0 
160976 0 0 0 0 0 0 0 0 0 0 0 0 0 
161026 0 0 0 0 0 0 0 0 0 0 0 0 0 
161077 0 0 0 0 0 0 0 0 0 0 0 0 0 
161127 0 0 0 0 0 0 0 0 0 0 0 0 0 
161177 0 0 0 0 0 0 0 0 0 0 0 0 0 
161227 0 0 0 0 0 0 0 0 0 0 0 0 0 
161277 0 0 0 0 0 0 0 0 0 0 0 0 0 
161327 0 0 0 0 0 0 0 0 0 0 0 0 0 
161377 0 0 0 0 0 0 0 0 0 0 0 0 0 
161427 0 0 0 0 0 0 0 0 0 0 0 0 0 
161477 0 0 0 0 0 0 0 0 0 0 0 0 0 
161527 0 0 0 0 0 0 0 0 0 0 0 0 0 
161578 0 0 0 0 0 0 0 0 0 0 0 0 0 
161628 0 0 0 0 0 0 0 0 0 0 0 0 0 
161678 0 0 0 0 0 0 0 0 0 0 0 0 0 
161728 0 0 0 0 0 0 0 0 0 0 0 0 0 
161778 0 0 0 0 0 0 0 0 0 0 0 0 0 
161828 0 0 0 0 0 0 0 0 0 0 0 0 0 
161879 0 0 0 0 0 0 0 0 0 0 0 0 0 
161929 0 0 0 0 0 0 0 0 0 0 0 0 0 
161979 0 0 0 0 0 0 0 0 0 0 0 0 0 
162029 0 0 0 0 0 0 0 0 0 0 0 0 0 
162079 0 0 0 0 0 0 0 0 0 0 0 0 0 
162130 0 0 0 0 0 0 0 0 0 0 0 0 0 
162180 0 0 0 0 0 0 0 0 0 0 0 0 0 
162230 0 0 0 0 0 0 0 0 0 0 0 0 0 
162280 0 0 0 0 0 0 0 0 0 0 0 0 0 
162330 0 0 0 0 0 0 0 0 0 0 0 0 0 
162380 0 0 0 0 0 0 0 0 0 0 0 0 0 
162430 0 0 0 0 0 0 0 0 0 0 0 0 0 
162480 0 0 0 0 0 0 0 0 0 0 0 0 0 
162530 0 0 0 0 0 0 0 0 0 0 0 0 0 
162580 0 0 0 0 0 0 0 0 0 0 0 0 0 
162631 0 0 0 0 0 0 0 0 0 0 0 0 0 
162681 0 0 0 0 0 0 0 0 0 0 0 0 0 
162731 0 0 0 0 0 0 0 0 0 0 0 0 0 
162781 0 0 0 0 0 0 0 0 0 0 0 0 0 
162831 0 0 0 0 0 0 0 0 0 0 0 0 0 
162881 0 0 0 0 0 0 0 0 0 0 0 0 0 
162931 0 0 0 0 0 0 0 0 0 0 0 0 0 
162981 0 0 0 0 0 0 0 0 0 0 0 0 0 
163031 0 0 0 0 0 0 0 0 0 0 0 0 0 
163081 0 0 0 0 0 0 0 0 0 0 0 0 0 
163131 0 0 0 0 0 0 0 0 0 0 0 0 0 
163182 0 0 0 0 0 0 0 0 0 0 0 0 0 
163232 0 0 0 0 0 0 0 0 0 0 0 0 0 
163282 0 0 0 0 0 0 0 0 0 0 0 0 0 
163332 0 0 0 0 0 0 0 0 0 0 0 0 0 
163382 0 0 0 0 0 0 0 0 0 0 0 0 0 
163432 0 0 0 0 0 0 0 0 0 0 0 0 0 
163482 0 0 0 0 0 0 0 0 0 0 0 0 0 
163532 0 0 0 0 0 0 0 0 0 0 0 0 0 
163582 0 0 0 0 0 0 0 0 0 0 0 0 0 
163632 0 0 0 0 0 0 0 0 0 0 0 0 0 
163683 0 0 0 0 0 0 0 0 0 0 0 0 0 
163733 0 0 0 0 0 0 0 0 0 0 0 0 0 
163783 0 0 0 0 0 0 0 0 0 0 0 0 0 
163833 0 0 0 0 0 0 0 0 0 0 0 0 0 
163883 0 0 0 0 0 0 0 0 0 0 0 0 0 
163933 0 0 0 0 0 0 0 0 0 0 0 0 0 
163983 0 0 0 0 0 0 0 0 0 0 0 0 0 
164033 0 0 0 0 0 0 0 0 0 0 0 0 0 
164083 0 0 0 0 0 0 0 0 0 0 0 0 0 
164133 0 0 0 0 0 0 0 0 0 0 0 0 0 
164184 0 0 0 0 0 0 0 0 0 0 0 0 0 
164234 0 0 0 0 0 0 0 0 0 0 0 0 0 
164284 0 0 0 0 0 0 0 0 0 0 0 0 0 
164334 0 0 0 0 0 0 0 0 0 0 0 0 0 
164384 0 0 0 0 0 0 0 0 0 0 0 0 0 
164434 0 0 0 0 0 0 0 0 0 0 0 0 0 
164484 0 0 0 0 0 0 0 0 0 0 0 0 0 
164534 0 0 0 0 0 0 0 0 0 0 0 0 0 
