1390055410 0 0 0 0 6 -4 1 3 1 1 -1 -1 -2 
1392573012 0 0 0 0 6 -3 1 2 1 1 -1 -1 -2 
1394304610 0 0 0 0 6 -3 0 1 1 1 -1 -1 -2 
1395090608 0 0 0 0 6 -3 -1 0 1 0 -1 -1 -2 
1396821394 0 0 0 0 7 -2 -1 -1 1 -1 -1 -1 -2 
1397569680 0 0 0 0 7 -2 -1 -2 1 -1 -1 -1 -2 
1399339396 0 0 0 0 6 -3 -1 -2 2 -1 -1 -1 -2 
1400087402 0 0 0 0 6 -2 0 -3 2 -1 -1 -1 -2 
1401858988 0 0 0 0 7 -1 0 -3 2 -1 -1 -1 -2 
1402606200 0 0 0 0 6 -1 1 -4 2 -1 -1 -1 -2 
1405122196 0 0 0 0 5 -4 -2 -5 2 0 -1 -1 -2 
1407012238 0 0 0 0 5 -2 0 -4 1 0 -1 -1 -2 
1407602580 0 0 0 0 5 -2 -1 -3 2 0 -1 -1 -2 
1409530184 0 0 0 0 4 -4 -2 -1 1 0 -1 -1 -2 
1410120476 0 0 0 0 4 -5 -3 -1 1 0 -1 -1 -2 
1412007218 0 0 0 0 4 -3 -1 -1 0 0 -1 -1 -2 
1412636980 0 0 0 0 4 -3 -1 0 -1 0 -1 -1 -2 
1414524578 0 0 0 0 5 -3 -2 1 0 0 -1 -1 -2 
1415114582 0 0 0 0 5 -3 -1 1 1 0 -1 -1 -2 
1417632574 0 0 0 0 6 -2 1 1 3 -1 -1 -1 -2 
1419678564 0 0 0 0 4 -2 0 1 5 -1 -1 -1 -2 
1420150576 0 0 0 0 3 -3 -1 1 6 0 -1 -1 -2 
1422195236 0 0 0 0 2 0 0 1 9 3 -1 -1 -2 
1422627642 0 0 0 0 2 0 0 1 9 2 -1 -1 -2 
1424712034 0 0 0 0 2 -2 0 2 9 -1 -1 -1 -2 
1425144852 0 0 0 0 1 -3 0 1 8 -1 -1 -1 -2 
1427227360 0 0 0 0 -3 -5 -4 -2 2 -2 -1 -1 -2 
1427660566 0 0 0 0 -3 -4 -3 -2 1 -1 -1 -1 -2 
1430177758 0 0 0 0 -1 0 -4 -5 2 -5 -1 -1 -2 
1432380554 0 0 0 0 0 -3 -3 -6 4 -7 -1 -1 -2 
1432655360 0 0 0 0 -1 -3 -3 -6 3 -6 -1 -1 -2 
1434897752 0 0 0 0 -1 -5 -4 -6 -2 -3 -1 -1 -2 
1435173350 0 0 0 0 -1 -5 -3 -6 -2 -3 -1 -1 -2 
1437376542 0 0 0 0 -3 -7 -5 -7 -7 -3 -1 -1 -2 
1437690954 0 0 0 0 -3 -6 -4 -7 -8 -2 -1 -1 -2 
1439893738 0 0 0 0 -1 -6 -2 -4 -12 1 -1 -3 -2 
1440168544 0 0 0 0 -1 -6 -3 -3 -12 1 -1 -2 -2 
1442685448 0 0 0 0 1 -8 -3 -1 -14 1 -1 -13 -2 
1445047738 0 0 0 0 4 -9 -5 0 -14 2 -1 -13 -2 
1445244144 0 0 0 0 3 -10 -4 0 -14 2 -1 -13 -2 
1447564640 0 0 0 0 7 -9 -4 4 -13 -2 -1 -13 -2 
1447761734 0 0 0 0 7 -10 -3 4 -14 -2 -1 -13 -2 
1450045794 0 0 0 0 11 -8 -7 9 -14 -3 -1 -13 -2 
1450242532 0 0 0 0 10 -7 -7 9 -15 -3 -1 -13 -2 
1452564134 0 0 0 0 12 -6 -4 13 -15 -3 13 -13 -2 
1452760528 0 0 0 0 12 -5 -3 14 -15 -3 13 -13 -2 
1455200444 0 0 0 0 11 -3 -3 14 -22 -2 13 -13 -2 
1457716922 0 0 0 0 15 0 -1 11 -29 -1 7 -37 -2 
1457913722 0 0 0 0 15 0 0 10 -30 -2 7 -37 -2 
1460235318 0 0 0 0 18 4 0 6 -33 0 7 -37 -2 
1460392118 0 0 0 0 18 4 0 5 -33 0 7 -37 -2 
1462752922 0 0 0 0 24 6 5 0 -35 0 7 -37 -2 
1462870914 0 0 0 0 24 6 5 0 -35 0 7 -37 -2 
1465230518 0 0 0 0 28 5 7 -5 -35 0 7 -37 -2 
1465387768 0 0 0 0 29 5 6 -6 -35 0 7 -37 -2 
1467746102 0 0 0 0 34 5 8 -13 -30 0 7 -37 -2 
1470262906 0 0 0 0 37 4 11 -17 -28 0 -12 -37 -2 
1470420104 0 0 0 0 37 4 12 -17 -29 0 -12 -37 -2 
1472778102 0 0 0 0 37 -2 9 -20 -29 -1 -12 -37 -2 
1472895708 0 0 0 0 37 -2 9 -21 -29 -1 -12 -37 -2 
1475256104 0 0 0 0 42 -3 10 -22 -32 -2 -12 -37 -2 
1475413698 0 0 0 0 42 -3 11 -22 -32 -2 -12 -37 -2 
1477773952 0 0 0 0 44 -4 11 -23 -35 -2 -12 -37 -2 
1477931290 0 0 0 0 44 -4 12 -23 -35 -2 -12 -37 -2 
1480293292 0 0 0 0 47 -7 12 -23 -37 -3 -12 -37 -2 
1482809290 0 0 0 0 55 -9 16 -22 -35 -2 -12 -37 -2 
1483085226 0 0 0 0 55 -9 16 -21 -35 -2 -12 -37 -2 
1485288880 0 0 0 0 59 -11 18 -21 -34 0 -12 -37 -2 
1485603692 0 0 0 0 59 -12 19 -21 -34 0 -12 -37 -2 
1487805688 0 0 0 0 60 -14 22 -21 -38 -1 -12 -45 -2 
1488081688 0 0 0 0 61 -13 22 -21 -39 -1 -12 -47 -2 
1490323286 0 0 0 0 66 -17 25 -25 -40 -2 -22 -47 -2 
1490598478 0 0 0 0 65 -18 24 -25 -40 -2 -34 -47 -2 
1492802070 0 0 0 0 68 -17 26 -29 -37 2 -38 -40 -2 
1495319736 0 0 0 0 74 -18 34 -30 -27 6 -38 -39 -2 
1495791272 0 0 0 0 75 -18 35 -30 -25 6 -38 -39 -2 
1497836464 0 0 0 0 80 -20 41 -29 -9 5 -38 -1 -2 
1498309262 0 0 0 0 79 -21 45 -28 -5 5 -38 -1 -2 
1500354466 0 0 0 0 73 -25 48 -21 8 4 -12 -1 -2 
1500786866 0 0 0 0 72 -25 49 -19 10 4 -12 -1 -2 
1502831662 0 0 0 0 68 -29 46 -8 22 5 -1 13 -2 
1503303662 0 0 0 0 68 -31 44 -5 24 5 -1 13 -2 
1505350866 0 0 0 0 65 -33 38 8 30 6 -1 37 -2 
1507867262 0 0 0 0 63 -34 30 20 37 8 13 37 -2 
1508458056 0 0 0 0 62 -32 29 22 38 8 13 47 -2 
1510382460 0 0 0 0 58 -28 25 30 40 8 37 47 -2 
1510972058 0 0 0 0 56 -27 24 32 41 8 37 47 -2 
1512860450 0 0 0 0 56 -24 20 35 43 7 37 47 -2 
1513490456 0 0 0 0 55 -22 21 36 44 7 37 47 -2 
1515378146 0 0 0 0 51 -18 16 36 47 5 37 47 -2 
1516008452 0 0 0 0 50 -16 17 36 48 5 37 47 -2 
1517896050 0 0 0 0 45 -14 14 34 50 6 37 47 -2 
1520412034 0 0 0 0 39 -11 8 26 51 5 37 47 -2 
1521159646 0 0 0 0 37 -11 9 23 52 5 15 47 -2 
1522891230 0 0 0 0 33 -10 7 18 51 5 13 47 -2 
1523678430 0 0 0 0 32 -9 5 15 52 6 13 47 -2 
1525408840 0 0 0 0 25 -6 4 8 52 6 1 47 -2 
1526154996 0 0 0 0 25 -5 4 5 50 6 1 47 -2 
1527923636 0 0 0 0 23 -8 0 -2 50 8 1 47 -2 
1528671230 0 0 0 0 22 -9 0 -6 49 8 1 47 -2 
1530404028 0 0 0 0 15 -9 0 -12 49 6 1 47 -2 
1532922618 0 0 0 0 8 -11 -4 -16 48 5 -13 47 -2 
1533827228 0 0 0 0 9 -15 -5 -17 47 4 -13 47 -2 
1535440426 0 0 0 0 4 -16 -4 -17 49 6 -13 47 -2 
1536345626 0 0 0 0 1 -17 -6 -17 50 6 -13 47 -2 
1537917612 0 0 0 0 -5 -15 -8 -15 48 5 -13 47 -2 
1538861616 0 0 0 0 -5 -18 -8 -13 44 3 -13 47 -2 
1540436014 0 0 0 0 -8 -19 -8 -8 44 3 -1 47 -2 
1541380806 0 0 0 0 -10 -21 -8 -5 45 4 -1 47 -2 
1542953604 0 0 0 0 -16 -17 -7 2 46 1 -1 47 -2 
1545469202 0 0 0 0 -20 -21 -3 12 47 -1 -1 47 -2 
1546530818 0 0 0 0 -21 -22 -2 16 48 0 13 47 -2 
1547947604 0 0 0 0 -25 -20 2 21 46 1 13 47 -2 
1549048410 0 0 0 0 -26 -18 7 27 46 1 39 47 -2 
1550464008 0 0 0 0 -28 -18 4 32 42 1 37 47 -2 
1551526144 0 0 0 0 -29 -16 3 34 42 1 37 47 -2 
1552982404 0 0 0 0 -33 -7 6 37 46 3 37 47 -2 
1554044390 0 0 0 0 -36 -4 13 39 48 2 47 47 -2 
1555461076 0 0 0 0 -37 -4 16 40 49 2 47 47 -2 
1557975586 0 0 0 0 -46 2 10 38 52 -1 47 47 -2 
1559231590 0 0 0 0 -50 2 15 37 51 -2 39 47 -2 
1560490788 0 0 0 0 -51 2 19 35 47 -5 37 47 -2 
1561710386 0 0 0 0 -50 4 20 33 46 -5 37 47 -2 
1562969192 0 0 0 0 -54 13 18 