1627277 1 2 3 4 5 6 7 8 9 10 11 12 13 
1627327 1 2 3 4 5 6 7 8 9 10 11 12 13 
1627377 1 2 3 4 5 6 7 8 9 10 11 12 13 
1627427 1 2 3 4 5 6 7 8 9 10 11 12 13 
1627478 1 2 3 4 5 6 7 8 9 10 11 12 13 
1627528 1 2 3 4 5 6 7 8 9 10 11 12 13 
1627578 1 2 3 4 5 6 7 8 9 10 11 12 13 
1627628 1 2 3 4 5 6 7 8 9 10 11 12 13 
1627678 1 2 3 4 5 6 7 8 9 10 11 12 13 
1627728 1 2 3 4 5 6 7 8 9 10 11 12 13 
1627779 1 2 3 4 5 6 7 8 9 10 11 12 13 
1627829 1 2 3 4 5 6 7 8 9 10 11 12 13 
1627879 1 2 3 4 5 6 7 8 9 10 11 12 13 
1627929 1 2 3 4 5 6 7 8 9 10 11 12 13 
1627979 1 2 3 4 5 6 7 8 9 10 11 12 13 
1628029 1 2 3 4 5 6 7 8 9 10 11 12 13 
1628079 1 2 3 4 5 6 7 8 9 10 11 12 13 
1628129 1 2 3 4 5 6 7 8 9 10 11 12 13 
1628179 1 2 3 4 5 6 7 8 9 10 11 12 13 
1628229 1 2 3 4 5 6 7 8 9 10 11 12 13 
1628279 1 2 3 4 5 6 7 8 9 10 11 12 13 
1628330 1 2 3 4 5 6 7 8 9 10 11 12 13 
1628380 1 2 3 4 5 6 7 8 9 10 11 12 13 
1628430 1 2 3 4 5 6 7 8 9 10 11 12 13 
1628480 1 2 3 4 5 6 7 8 9 10 11 12 13 
1628530 1 2 3 4 5 6 7 8 9 10 11 12 13 
1628580 1 2 3 4 5 6 7 8 9 10 11 12 13 
1628630 1 2 3 4 5 6 7 8 9 10 11 12 13 
1628681 1 2 3 4 5 6 7 8 9 10 11 12 13 
1628731 1 2 3 4 5 6 7 8 9 10 11 12 13 
1628781 1 2 3 4 5 6 7 8 9 10 11 12 13 
1628831 1 2 3 4 5 6 7 8 9 10 11 12 13 
1628881 1 2 3 4 5 6 7 8 9 10 11 12 13 
1628931 1 2 3 4 5 6 7 8 9 10 11 12 13 
1628981 1 2 3 4 5 6 7 8 9 10 11 12 13 
1629031 1 2 3 4 5 6 7 8 9 10 11 12 13 
1629081 1 2 3 4 5 6 7 8 9 10 11 12 13 
1629131 1 2 3 4 5 6 7 8 9 10 11 12 13 
1629182 1 2 3 4 5 6 7 8 9 10 11 12 13 
1629232 1 2 3 4 5 6 7 8 9 10 11 12 13 
1629282 1 2 3 4 5 6 7 8 9 10 11 12 13 
1629332 1 2 3 4 5 6 7 8 9 10 11 12 13 
1629382 1 2 3 4 5 6 7 8 9 10 11 12 13 
1629432 1 2 3 4 5 6 7 8 9 10 11 12 13 
1629482 1 2 3 4 5 6 7 8 9 10 11 12 13 
1629532 1 2 3 4 5 6 7 8 9 10 11 12 13 
1629582 1 2 3 4 5 6 7 8 9 10 11 12 13 
1629632 1 2 3 4 5 6 7 8 9 10 11 12 13 
1629682 1 2 3 4 5 6 7 8 9 10 11 12 13 
1629733 1 2 3 4 5 6 7 8 9 10 11 12 13 
1629783 1 2 3 4 5 6 7 8 9 10 11 12 13 
1629833 1 2 3 4 5 6 7 8 9 10 11 12 13 
1629883 1 2 3 4 5 6 7 8 9 10 11 12 13 
1629933 1 2 3 4 5 6 7 8 9 10 11 12 13 
1629983 1 2 3 4 5 6 7 8 9 10 11 12 13 
1630033 1 2 3 4 5 6 7 8 9 10 11 12 13 
1630083 1 2 3 4 5 6 7 8 9 10 11 12 13 
1630133 1 2 3 4 5 6 7 8 9 10 11 12 13 
1630183 1 2 3 4 5 6 7 8 9 10 11 12 13 
1630233 1 2 3 4 5 6 7 8 9 10 11 12 13 
1630284 1 2 3 4 5 6 7 8 9 10 11 12 13 
1630334 1 2 3 4 5 6 7 8 9 10 11 12 13 
1630384 1 2 3 4 5 6 7 8 9 10 11 12 13 
1630434 1 2 3 4 5 6 7 8 9 10 11 12 13 
1630484 1 2 3 4 5 6 7 8 9 10 11 12 13 
1630534 1 2 3 4 5 6 7 8 9 10 11 12 13 
1630584 1 2 3 4 5 6 7 8 9 10 11 12 13 
1630634 1 2 3 4 5 6 7 8 9 10 11 12 13 
1630684 1 2 3 4 5 6 7 8 9 10 11 12 13 
1630734 1 2 3 4 5 6 7 8 9 10 11 12 13 
1630784 1 2 3 4 5 6 7 8 9 10 11 12 13 
1630835 1 2 3 4 5 6 7 8 9 10 11 12 13 
1630885 1 2 3 4 5 6 7 8 9 10 11 12 13 
1630935 1 2 3 4 5 6 7 8 9 10 11 12 13 
1630985 1 2 3 4 5 6 7 8 9 10 11 12 13 
1631035 1 2 3 4 5 6 7 8 9 10 11 12 13 
1631085 1 2 3 4 5 6 7 8 9 10 11 12 13 
1631135 1 2 3 4 5 6 7 8 9 10 11 12 13 
1631185 1 2 3 4 5 6 7 8 9 10 11 12 13 
1631237 1 2 3 4 5 6 7 8 9 10 11 12 13 
1631287 1 2 3 4 5 6 7 8 9 10 11 12 13 
1631337 1 2 3 4 5 6 7 8 9 10 11 12 13 
1631387 1 2 3 4 5 6 7 8 9 10 11 12 13 
1631437 1 2 3 4 5 6 7 8 9 10 11 12 13 
1631488 1 2 3 4 5 6 7 8 9 10 11 12 13 
1631538 1 2 3 4 5 6 7 8 9 10 11 12 13 
1631588 1 2 3 4 5 6 7 8 9 10 11 12 13 
1631638 1 2 3 4 5 6 7 8 9 10 11 12 13 
1631688 1 2 3 4 5 6 7 8 9 10 11 12 13 
1631738 1 2 3 4 5 6 7 8 9 10 11 12 13 
1631788 1 2 3 4 5 6 7 8 9 10 11 12 13 
1631838 1 2 3 4 5 6 7 8 9 10 11 12 13 
1631888 1 2 3 4 5 6 7 8 9 10 11 12 13 
1631938 1 2 3 4 5 6 7 8 9 10 11 12 13 
1631988 1 2 3 4 5 6 7 8 9 10 11 12 13 
1632039 1 2 3 4 5 6 7 8 9 10 11 12 13 
1632089 1 2 3 4 5 6 7 8 9 10 11 12 13 
1632139 1 2 3 4 5 6 7 8 9 10 11 12 13 
1632189 1 2 3 4 5 6 7 8 9 10 11 12 13 
1632239 1 2 3 4 5 6 7 8 9 10 11 12 13 
1632289 1 2 3 4 5 6 7 8 9 10 11 12 13 
1632340 1 2 3 4 5 6 7 8 9 10 11 12 13 
1632390 1 2 3 4 5 6 7 8 9 10 11 12 13 
1632440 1 2 3 4 5 6 7 8 9 10 11 12 13 
1632490 1 2 3 4 5 6 7 8 9 10 11 12 13 
1632540 1 2 3 4 5 6 7 8 9 10 11 12 13 
1632590 1 2 3 4 5 6 7 8 9 10 11 12 13 
1632640 1 2 3 4 5 6 7 8 9 10 11 12 13 
1632690 1 2 3 4 5 6 7 8 9 10 11 12 13 
1632740 1 2 3 4 5 6 7 8 9 10 11 12 13 
1632791 1 2 3 4 5 6 7 8 9 10 11 12 13 
1632841 1 2 3 4 5 6 7 8 9 10 11 12 13 
1632891 1 2 3 4 5 6 7 8 9 10 11 12 13 
1632941 1 2 3 4 5 6 7 8 9 10 11 12 13 
1632991 1 2 3 4 5 6 7 8 9 10 11 12 13 
1633041 1 2 3 4 5 6 7 8 9 10 11 12 13 
1633091 1 2 3 4 5 6 7 8 9 10 11 12 13 
1633141 1 2 3 4 5 6 7 8 9 10 11 12 13 
1633191 1 2 3 4 5 6 7 8 9 10 11 12 13 
1633241 1 2 3 4 5 6 7 8 9 10 11 12 13 
1633291 1 2 3 4 5 6 7 8 9 10 11 12 13 
1633342 1 2 3 4 5 6 7 8 9 10 11 12 13 
1633392 1 2 3 4 5 6 7 8 9 10 11 12 13 
1633442 1 2 3 4 5 6 7 8 9 10 11 12 13 
1633492 1 2 3 4 5 6 7 8 9 10 11 12 13 
1633542 1 2 3 4 5 6 7 8 9 10 11 12 13 
1633592 1 2 3 4 5 6 7 8 9 10 11 12 13 
1633642 1 2 3 4 5 6 7 8 9 10 11 12 13 
1633695 1 2 3 4 5 6 7 8 9 10 11 12 13 
1633745 1 2 3 4 5 6 7 8 9 10 11 12 13 
1633796 1 2 3 4 5 6 7 8 9 10 11 12 13 
1633846 1 2 3 4 5 6 7 8 9 10 11 12 13 
1633896 1 2 3 4 5 6 7 8 9 10 11 12 13 
1633946 1 2 3 4 5 6 7 8 9 10 11 12 13 
1633996 1 2 3 4 5 6 7 8 9 10 11 12 13 
1634046 1 2 3 4 5 6 7 8 9 10 11 12 13 
1634096 1 2 3 4 5 6 7 8 9 10 11 12 13 
1634146 1 2 3 4 5 6 7 8 9 10 11 12 13 
1634196 1 2 3 4 5 6 7 8 9 10 11 12 13 
1634247 1 2 3 4 5 6 7 8 9 10 11 12 13 
1634297 1 2 3 4 5 6 7 8 9 10 11 12 13 
1634347 1 2 3 4 5 6 7 8 9 10 11 12 13 
1634397 1 2 3 4 5 6 7 8 9 10 11 12 13 
1634447 1 2 3 4 5 6 7 8 9 10 11 12 13 
1634497 1 2 3 4 5 6 7 8 9 10 11 12 13 
1634547 1 2 3 4 5 6 7 8 9 10 11 12 13 
1634597 1 2 3 4 5 6 7 8 9 10 11 12 13 
1634647 1 2 3 4 5 6 7 8 9 10 11 12 13 
1634699 1 2 3 4 5 6 7 8 9 10 11 12 13 
1634749 1 2 3 4 5 6 7 8 9 10 11 12 13 
1634799 1 2 3 4 5 6 7 8 9 10 11 12 13 
1634849 1 2 3 4 5 6 7 8 9 10 11 12 13 
1634899 1 2 3 4 5 6 7 8 9 10 11 12 13 
1634949 1 2 3 4 5 6 7 8 9 10 11 12 13 
1634999 1 2 3 4 5 6 7 8 9 10 11 12 13 
1635049 1 2 3 4 5 6 7 8 9 10 11 12 13 
1635099 1 2 3 4 5 6 7 8 9 10 11 12 13 
1635149 1 2 3 4 5 6 7 8 9 10 11 12 13 
1635200 1 2 3 4 5 6 7 8 9 10 11 12 13 
1635250 1 2 3 4 5 6 7 8 9 10 11 12 13 
1635300 1 2 3 4 5 6 7 8 9 10 11 12 13 
1635350 1 2 3 4 5 6 7 8 9 10 11 12 13 
1635400 1 2 3 4 5 6 7 8 9 10 11 12 13 
1635451 1 2 3 4 5 6 7 8 9 10 11 12 13 
1635501 1 2 3 4 5 6 7 8 9 10 11 12 13 
1635551 1 2 3 4 5 6 7 8 9 10 11 12 13 
1635601 1 2 3 4 5 6 7 8 9 10 11 12 13 
1635651 1 2 3 4 5 6 7 8 9 10 11 12 13 
1635707 1 2 3 4 5 6 7 8 9 10 11 12 13 
1635757 1 2 3 4 5 6 7 8 9 10 11 12 13 
1635807 1 2 3 4 5 6 7 8 9 10 11 12 13 
1635857 1 2 3 4 5 6 7 8 9 10 11 12 13 
1635907 1 2 3 4 5 6 7 8 9 10 11 12 13 
1635957 1 2 3 4 5 6 7 8 9 10 11 12 13 
1636007 1 2 3 4 5 6 7 8 9 10 11 12 13 
1636057 1 2 3 4 5 6 7 8 9 10 11 12 13 
1636107 1 2 3 4 5 6 7 8 9 10 11 12 13 
1636158 1 2 3 4 5 6 7 8 9 10 11 12 13 
1636208 1 2 3 4 5 6 7 8 9 10 11 12 13 
1636258 1 2 3 4 5 6 7 8 9 10 11 12 13 
1636308 1 2 3 4 5 6 7 8 9 10 11 12 13 
1636358 1 2 3 4 5 6 7 8 9 10 11 12 13 
1636408 1 2 3 4 5 6 7 8 9 10 11 12 13 
1636459 1 2 3 4 5 6 7 8 9 10 11 12 13 
1636509 1 2 3 4 5 6 7 8 9 10 11 12 13 
1636559 1 2 3 4 5 6 7 8 9 10 11 12 13 
1636609 1 2 3 4 5 6 7 8 9 10 11 12 13 
1636659 1 2 3 4 5 6 7 8 9 10 11 12 13 
1636709 1 2 3 4 5 6 7 8 9 10 11 12 13 
1636759 1 2 3 4 5 6 7 8 9 10 11 12 13 
1636809 1 2 3 4 5 6 7 8 9 10 11 12 13 
1636859 1 2 3 4 5 6 7 8 9 10 11 12 13 
1636910 1 2 3 4 5 6 7 8 9 10 11 12 13 
1636960 1 2 3 4 5 6 7 8 9 10 11 12 13 
1637010 1 2 3 4 5 6 7 8 9 10 11 12 13 
1637060 1 2 3 4 5 6 7 8 9 10 11 12 13 
1637111 1 2 3 4 5 6 7 0 0 0 0 0 8 0 0 0 0 0 0 0 0 0 0 0 0 0 0 0 0 0 0 0 0 9 0 0 0 0 0 0 0 0 0 10 0 0 0 0 0 0 
