69624 0 0 0 0 0 0 0 0 0 0 10 5 1 
69674 0 0 0 0 0 0 0 0 0 0 10 5 1 
69725 0 0 0 0 0 0 0 0 0 0 10 5 1 
69775 0 0 0 0 0 0 0 0 0 0 10 5 1 
69825 0 0 0 0 0 0 0 0 0 0 10 5 1 
69875 0 0 0 0 0 0 0 0 0 0 10 5 1 
69925 0 0 0 0 0 0 0 0 0 0 10 5 1 
69975 0 0 0 0 0 0 0 0 0 0 10 5 1 
70027 0 0 0 0 0 0 0 0 0 0 10 5 1 
70077 0 0 0 0 0 0 0 0 0 0 10 5 1 
70127 0 0 0 0 0 0 0 0 0 0 10 5 1 
70177 0 0 0 0 0 0 0 0 0 0 10 5 1 
70227 0 0 0 0 0 0 0 0 0 0 10 5 1 
70278 0 0 0 0 0 0 0 0 0 0 10 5 1 
70328 0 0 0 0 0 0 0 0 0 0 10 5 1 
70378 0 0 0 0 0 0 0 0 0 0 10 5 1 
70428 0 0 0 0 0 0 0 0 0 0 10 5 1 
70478 0 0 0 0 0 0 0 0 0 0 10 5 1 
70528 0 0 0 0 0 0 0 0 0 0 10 5 1 
70578 0 0 0 0 0 0 0 0 0 0 10 5 1 
70628 0 0 0 0 0 0 0 0 0 0 10 5 1 
70679 0 0 0 0 0 0 0 0 0 0 10 5 1 
70729 0 0 0 0 0 0 0 0 0 0 10 5 1 
70779 0 0 0 0 0 0 0 0 0 0 10 5 1 
70829 0 0 0 0 0 0 0 0 0 0 10 5 1 
70879 0 0 0 0 0 0 0 0 0 0 10 5 1 
70929 0 0 0 0 0 0 0 0 0 0 10 5 1 
70979 0 0 0 0 0 0 0 0 0 0 10 5 1 
71029 0 0 0 0 0 0 0 0 0 0 10 5 1 
71079 0 0 0 0 0 0 0 0 0 0 10 5 1 
71129 0 0 0 0 0 0 0 0 0 0 10 5 1 
71180 0 0 0 0 0 0 0 0 0 0 10 5 1 
71230 0 0 0 0 0 0 0 0 0 0 10 5 1 
71280 0 0 0 0 0 0 0 0 0 0 10 5 1 
71330 0 0 0 0 0 0 0 0 0 0 10 5 1 
71380 0 0 0 0 0 0 0 0 0 0 10 5 1 
71430 0 0 0 0 0 0 0 0 0 0 10 5 1 
71480 0 0 0 0 0 0 0 0 0 0 10 5 1 
71530 0 0 0 0 0 0 0 0 0 0 10 5 1 
71580 0 0 0 0 0 0 0 0 0 0 10 5 1 
71631 0 0 0 0 0 0 0 0 0 0 10 5 1 
71681 0 0 0 0 0 0 0 0 0 0 10 5 1 
71731 0 0 0 0 0 0 0 0 0 0 10 5 1 
71781 0 0 0 0 0 0 0 0 0 0 10 5 1 
71832 0 0 0 0 0 0 0 0 0 0 10 5 1 
71882 0 0 0 0 0 0 0 0 0 0 10 5 1 
71932 0 0 0 0 0 0 0 0 0 0 10 5 1 
71982 0 0 0 0 0 0 0 0 0 0 10 5 1 
72032 0 0 0 0 0 0 0 0 0 0 10 5 1 
72095 0 0 0 0 0 0 0 0 0 0 10 5 1 
72145 0 0 0 0 0 0 0 0 0 0 10 5 1 
72195 0 0 0 0 0 0 0 0 0 0 10 5 1 
72245 0 0 0 0 0 0 0 0 0 0 10 5 1 
72295 0 0 0 0 0 0 0 0 0 0 10 5 1 
72345 0 0 0 0 0 0 0 0 0 0 10 5 1 
72396 0 0 0 0 0 0 0 0 0 0 10 5 1 
72446 0 0 0 0 0 0 0 0 0 0 10 5 1 
72496 0 0 0 0 0 0 0 0 0 0 10 5 1 
72546 0 0 0 0 0 0 0 0 0 0 10 5 1 
72596 0 0 0 0 0 0 0 0 0 0 10 5 1 
72646 0 0 0 0 0 0 0 0 0 0 10 5 1 
72696 0 0 0 0 0 0 0 0 0 0 10 5 1 
72747 0 0 0 0 0 0 0 0 0 0 10 5 1 
72797 0 0 0 0 0 0 0 0 0 0 10 5 1 
72847 0 0 0 0 0 0 0 0 0 0 10 5 1 
72897 0 0 0 0 0 0 0 0 0 0 10 5 1 
72947 0 0 0 0 0 0 0 0 0 0 10 5 1 
72997 0 0 0 0 0 0 0 0 0 0 10 5 1 
73047 0 0 0 0 0 0 0 0 0 0 10 5 1 
73097 0 0 0 0 0 0 0 0 0 0 10 5 1 
73147 0 0 0 0 0 0 0 0 0 0 10 5 1 
73198 0 0 0 0 0 0 0 0 0 0 10 5 1 
73249 0 0 0 0 0 0 0 0 0 0 10 5 1 
73299 0 0 0 0 0 0 0 0 0 0 10 5 1 
73349 0 0 0 0 0 0 0 0 0 0 10 5 1 
73399 0 0 0 0 0 0 0 0 0 0 10 5 1 
73452 0 0 0 0 0 0 0 0 0 0 10 5 1 
73502 0 0 0 0 0 0 0 0 0 0 10 5 1 
73552 0 0 0 0 0 0 0 0 0 0 10 5 1 
73603 0 0 0 0 0 0 0 0 0 0 10 5 1 
73653 0 0 0 0 0 0 0 0 0 0 10 5 1 
73703 0 0 0 0 0 0 0 0 0 0 10 5 1 
73753 0 0 0 0 0 0 0 0 0 0 10 5 1 
73804 0 0 0 0 0 0 0 0 0 0 10 5 1 
73856 0 0 0 0 0 0 0 0 0 0 10 5 1 
73906 0 0 0 0 0 0 0 0 0 0 10 5 1 
73956 0 0 0 0 0 0 0 0 0 0 10 5 1 
74006 0 0 0 0 0 0 0 0 0 0 10 5 1 
74056 0 0 0 0 0 0 0 0 0 0 10 5 1 
74106 0 0 0 0 0 0 0 0 0 0 10 5 1 
74156 0 0 0 0 0 0 0 0 0 0 10 5 1 
74206 0 0 0 0 0 0 0 0 0 0 10 5 1 
74257 0 0 0 0 0 0 0 0 0 0 10 5 1 
74307 0 0 0 0 0 0 0 0 0 0 10 5 1 
74358 0 0 0 0 0 0 0 0 0 0 10 5 1 
74408 0 0 0 0 0 0 0 0 0 0 10 5 1 
74458 0 0 0 0 0 0 0 0 0 0 10 5 1 
74508 0 0 0 0 0 0 0 0 0 0 10 5 1 
74562 0 0 0 0 0 0 0 0 0 0 10 5 1 
74612 0 0 0 0 0 0 0 0 0 0 10 5 1 
74662 0 0 0 0 0 0 0 0 0 0 10 5 1 
74713 0 0 0 0 0 0 0 0 0 0 10 5 1 
74763 0 0 0 0 0 0 0 0 0 0 10 5 1 
74813 0 0 0 0 0 0 0 0 0 0 10 5 1 
74863 0 0 0 0 0 0 0 0 0 0 10 5 1 
74913 0 0 0 0 0 0 0 0 0 0 10 5 1 
74964 0 0 0 0 0 0 0 0 0 0 10 5 1 
75014 0 0 0 0 0 0 0 0 0 0 10 5 1 
