1705037 1 2 3 4 5 6 7 8 9 10 11 12 13 
1705087 1 2 3 4 5 6 7 8 9 10 11 12 13 
1705138 1 2 3 4 5 6 7 8 9 10 11 12 13 
1705188 1 2 3 4 5 6 7 8 9 10 11 12 13 
1705238 1 2 3 4 5 6 7 8 9 10 11 12 13 
1705288 1 2 3 4 5 6 7 8 9 10 11 12 13 
1705338 1 2 3 4 5 6 7 8 9 10 11 12 13 
1705388 1 2 3 4 5 6 7 8 9 10 11 12 13 
1705438 1 2 3 4 5 6 7 8 9 10 11 12 13 
1705488 1 2 3 4 5 6 7 8 9 10 11 12 13 
1705539 1 2 3 4 5 6 7 8 9 10 11 12 13 
1705589 1 2 3 4 5 6 7 8 9 10 11 12 13 
1705639 1 2 3 4 5 6 7 8 9 10 11 12 13 
1705689 1 2 3 4 5 6 7 8 9 10 11 12 13 
1705739 1 2 3 4 5 6 7 8 9 10 11 12 13 
1705789 1 2 3 4 5 6 7 8 9 10 11 12 13 
1705839 1 2 3 4 5 6 7 8 9 10 11 12 13 
1705889 1 2 3 4 5 6 7 8 9 10 11 12 13 
1705939 1 2 3 4 5 6 7 8 9 10 11 12 13 
1705990 1 2 3 4 5 6 7 8 9 10 11 12 13 
1706040 1 2 3 4 5 6 7 8 9 10 11 12 13 
1706090 1 2 3 4 5 6 7 8 9 10 11 12 13 
1706140 1 2 3 4 5 6 7 8 9 10 11 12 13 
1706190 1 2 3 4 5 6 7 8 9 10 11 12 13 
1706240 1 2 3 4 5 6 7 8 9 10 11 12 13 
1706290 1 2 3 4 5 6 7 8 9 10 11 12 13 
1706340 1 2 3 4 5 6 7 8 9 10 11 12 13 
1706390 1 2 3 4 5 6 7 8 9 10 11 12 13 
1706440 1 2 3 4 5 6 7 8 9 10 11 12 13 
1706491 1 2 3 4 5 6 7 8 9 10 11 12 13 
1706541 1 2 3 4 5 6 7 8 9 10 11 12 13 
1706591 1 2 3 4 5 6 7 8 9 10 11 12 13 
1706641 1 2 3 4 5 6 7 8 9 10 11 12 13 
1706691 1 2 3 4 5 6 7 8 9 10 11 12 13 
1706741 1 2 3 4 5 6 7 8 9 10 11 12 13 
1706791 1 2 3 4 5 6 7 8 9 10 11 12 13 
1706841 1 2 3 4 5 6 7 8 9 10 11 12 13 
1706891 1 2 3 4 5 6 7 8 9 10 11 12 13 
1706941 1 2 3 4 5 6 7 8 9 10 11 12 13 
1706991 1 2 3 4 5 6 7 8 9 10 11 12 13 
1707042 1 2 3 4 5 6 7 8 9 10 11 12 13 
1707092 1 2 3 4 5 6 7 8 9 10 11 12 13 
1707142 1 2 3 4 5 6 7 8 9 10 11 12 13 
1707192 1 2 3 4 5 6 7 8 9 10 11 12 13 
1707242 1 2 3 4 5 6 7 8 9 10 11 12 13 
1707292 1 2 3 4 5 6 7 8 9 10 11 12 13 
1707342 1 2 3 4 5 6 7 8 9 10 11 12 13 
1707392 1 2 3 4 5 6 7 8 9 10 11 12 13 
1707442 1 2 3 4 5 6 7 8 9 10 11 12 13 
1707492 1 2 3 4 5 6 7 8 9 10 11 12 13 
1707542 1 2 3 4 5 6 7 8 9 10 11 12 13 
1707592 1 2 3 4 5 6 7 8 9 10 11 12 13 
1707643 1 2 3 4 5 6 7 8 9 10 11 12 13 
1707693 1 2 3 4 5 6 7 8 9 10 11 12 13 
1707743 1 2 3 4 5 6 7 8 9 10 11 12 13 
1707793 1 2 3 4 5 6 7 8 9 10 11 12 13 
1707843 1 2 3 4 5 6 7 8 9 10 11 12 13 
1707893 1 2 3 4 5 6 7 8 9 10 11 12 13 
1707943 1 2 3 4 5 6 7 8 9 10 11 12 13 
1707993 1 2 3 4 5 6 7 8 9 10 11 12 13 
1708043 1 2 3 4 5 6 7 8 9 10 11 12 13 
1708093 1 2 3 4 5 6 7 8 9 10 11 12 13 
1708144 1 2 3 4 5 6 7 8 9 10 11 12 13 
1708194 1 2 3 4 5 6 7 8 9 10 11 12 13 
1708244 1 2 3 4 5 6 7 8 9 10 11 12 13 
1708294 1 2 3 4 5 6 7 8 9 10 11 12 13 
1708344 1 2 3 4 5 6 7 8 9 10 11 12 13 
1708394 1 2 3 4 5 6 7 8 9 10 11 12 13 
1708444 1 2 3 4 5 6 7 8 9 10 11 12 13 
1708494 1 2 3 4 5 6 7 8 9 10 11 12 13 
1708544 1 2 3 4 5 6 7 8 9 10 11 12 13 
1708594 1 2 3 4 5 6 7 8 9 10 11 12 13 
1708644 1 2 3 4 5 6 7 8 9 10 11 12 13 
1708694 1 2 3 4 5 6 7 8 9 10 11 12 13 
1708744 1 2 3 4 5 6 7 8 9 10 11 12 13 
1708795 1 2 3 4 5 6 7 8 9 10 11 12 13 
1708845 1 2 3 4 5 6 7 8 9 10 11 12 13 
1708895 1 2 3 4 5 6 7 8 9 10 11 12 13 
1708945 1 2 3 4 5 6 7 8 9 10 11 12 13 
1708995 1 2 3 4 5 6 7 8 9 10 11 12 13 
1709045 1 2 3 4 5 6 7 8 9 10 11 12 13 
1709095 1 2 3 4 5 6 7 8 9 10 11 12 13 
1709145 1 2 3 4 5 6 7 8 9 10 11 12 13 
1709195 1 2 3 4 5 6 7 8 9 10 11 12 13 
1709245 1 2 3 4 5 6 7 8 9 10 11 12 13 
1709295 1 2 3 4 5 6 7 8 9 10 11 12 13 
1709346 1 2 3 4 5 6 7 8 9 10 11 12 13 
1709396 1 2 3 4 5 6 7 8 9 10 11 12 13 
1709446 1 2 3 4 5 6 7 8 9 10 11 12 13 
1709496 1 2 3 4 5 6 7 8 9 10 11 12 13 
1709546 1 2 3 4 5 6 7 8 9 10 11 12 13 
1709596 1 2 3 4 5 6 7 8 9 10 11 12 13 
1709646 1 2 3 4 5 6 7 8 9 10 11 12 13 
1709697 1 2 3 4 5 6 7 8 9 10 11 12 13 
1709747 1 2 3 4 5 6 7 8 9 10 11 12 13 
1709797 1 2 3 4 5 6 7 8 9 10 11 12 13 
1709847 1 2 3 4 5 6 7 8 9 10 11 12 13 
1709897 1 2 3 4 5 6 7 8 9 10 11 12 13 
1709947 1 2 3 4 5 6 7 8 9 10 11 12 13 
1709997 1 2 3 4 5 6 7 8 9 10 11 12 13 
1710047 1 2 3 4 5 6 7 8 9 10 11 12 13 
1710097 1 2 3 4 5 6 7 8 9 10 11 12 13 
1710147 1 2 3 4 5 6 7 8 9 10 11 12 13 
1710197 1 2 3 4 5 6 7 8 9 10 11 12 13 
1710248 1 2 3 4 5 6 7 8 9 10 11 12 13 
1710298 1 2 3 4 5 6 7 8 9 10 11 12 13 
1710348 1 2 3 4 5 6 7 8 9 10 11 12 13 
1710398 1 2 3 4 5 6 7 8 9 10 11 12 13 
1710448 1 2 3 4 5 6 7 8 9 10 11 12 13 
1710498 1 2 3 4 5 6 7 8 9 10 11 12 13 
1710548 1 2 3 4 5 6 7 8 9 10 11 12 13 
1710598 1 2 3 4 5 6 7 8 9 10 11 12 13 
1710648 1 2 3 4 5 6 7 8 9 10 11 12 13 
1710698 1 2 3 4 5 6 7 8 9 10 11 12 13 
1710748 1 2 3 4 5 6 7 8 9 10 11 12 13 
1710798 1 2 3 4 5 6 7 8 9 10 11 12 13 
1710848 1 2 3 4 5 6 7 8 9 10 11 12 13 
1710899 1 2 3 4 5 6 7 8 9 10 11 12 13 
1710949 1 2 3 4 5 6 7 8 9 10 11 12 13 
1710999 1 2 3 4 5 6 7 8 9 10 11 12 13 
1711049 1 2 3 4 5 6 7 8 9 10 11 12 13 
1711099 1 2 3 4 5 6 7 8 9 10 11 12 13 
1711149 1 2 3 4 5 6 7 8 9 10 11 12 13 
1711199 1 2 3 4 5 6 7 8 9 10 11 12 13 
1711249 1 2 3 4 5 6 7 8 9 10 11 12 13 
1711299 1 2 3 4 5 6 7 8 9 10 11 12 13 
1711349 1 2 3 4 5 6 7 8 9 10 11 12 13 
1711400 1 2 3 4 5 6 7 8 9 10 11 12 13 
1711450 1 2 3 4 5 6 7 8 9 10 11 12 13 
1711500 1 2 3 4 5 6 7 8 9 10 11 12 13 
1711550 1 2 3 4 5 6 7 8 9 10 11 12 13 
1711600 1 2 3 4 5 6 7 8 9 10 11 12 13 
1711650 1 2 3 4 5 6 7 8 9 10 11 12 13 
1711700 1 2 3 4 5 6 7 8 9 10 11 12 13 
1711750 1 2 3 4 5 6 7 8 9 10 11 12 13 
1711800 1 2 3 4 5 6 7 8 9 10 11 12 13 
1711850 1 2 3 4 5 6 7 8 9 10 11 12 13 
1711900 1 2 3 4 5 6 7 8 9 10 11 12 13 
1711951 1 2 3 4 5 6 7 8 9 10 11 12 13 
1712001 1 2 3 4 5 6 7 8 9 10 11 12 13 
1712051 1 2 3 4 5 6 7 8 9 10 11 12 13 
1712101 1 2 3 4 5 6 7 8 9 10 11 12 13 
1712151 1 2 3 4 5 6 7 8 9 10 11 12 13 
1712201 1 2 3 4 5 6 7 8 9 10 11 12 13 
1712251 1 2 3 4 5 6 7 8 9 10 11 12 13 
1712301 1 2 3 4 5 6 7 8 9 10 11 12 13 
1712351 1 2 3 4 5 6 7 8 9 10 11 12 13 
1712401 1 2 3 4 5 6 7 8 9 10 11 12 13 
1712452 1 2 3 4 5 6 7 8 9 10 11 12 13 
1712502 1 2 3 4 5 6 7 8 9 10 11 12 13 
1712552 1 2 3 4 5 6 7 8 9 10 11 12 13 
1712602 1 2 3 4 5 6 7 8 9 10 11 12 13 
1712652 1 2 3 4 5 6 7 8 9 10 11 12 13 
1712702 1 2 3 4 5 6 7 8 9 10 11 12 13 
1712752 1 2 3 4 5 6 7 8 9 10 11 12 13 
1712802 1 2 3 4 5 6 7 8 9 10 11 12 13 
1712852 1 2 3 4 5 6 7 8 9 10 11 12 13 
1712902 1 2 3 4 5 6 7 8 9 10 11 12 13 
1712952 1 2 3 4 5 6 7 8 9 10 11 12 13 
1713003 1 2 3 4 5 6 7 8 9 10 11 12 13 
1713053 1 2 3 4 5 6 7 8 9 10 11 12 13 
1713103 1 2 3 4 5 6 7 8 9 10 11 12 13 
1713153 1 2 3 4 5 6 7 8 9 10 11 12 13 
1713203 1 2 3 4 5 6 7 8 9 10 11 12 13 
1713253 1 2 3 4 5 6 7 8 9 10 11 12 13 
1713303 1 2 3 4 5 6 7 8 9 10 11 12 13 
1713353 1 2 3 4 5 6 7 8 9 10 11 12 13 
1713403 1 2 3 4 5 6 7 8 9 10 11 12 13 
1713454 1 2 3 4 5 6 7 8 9 10 11 12 13 
1713504 1 2 3 4 5 6 7 8 9 10 11 12 13 
1713554 1 2 3 4 5 6 7 8 9 10 11 12 13 
1713604 1 2 3 4 5 6 7 8 9 10 11 12 13 
1713654 1 2 3 4 5 6 7 8 9 10 11 12 13 
1713704 1 2 3 4 5 6 7 8 9 10 11 12 13 
1713754 1 2 3 4 5 6 7 8 9 10 11 12 13 
1713804 1 2 3 4 5 6 7 8 9 10 11 12 13 
1713854 1 2 3 4 5 6 7 8 9 10 11 12 13 
1713904 1 2 3 4 5 6 7 8 9 10 11 12 13 
1713954 1 2 3 4 5 6 7 8 9 10 11 12 13 
1714005 1 2 3 4 5 6 7 8 9 10 11 12 13 
1714055 1 2 3 4 5 6 7 8 9 10 11 12 13 
1714105 1 2 3 4 5 6 7 8 9 10 11 12 13 
1714155 1 2 3 4 5 6 7 8 9 10 11 12 13 
1714205 1 2 3 4 5 6 7 8 9 10 11 12 13 
1714255 1 2 3 4 5 6 7 8 9 10 11 12 13 
1714305 1 2 3 4 5 6 7 8 9 10 11 12 13 
1714355 1 2 3 4 5 6 7 8 9 10 11 12 13 
1714405 1 2 3 4 5 6 7 8 9 10 11 12 13 
1714455 1 2 3 4 5 6 7 8 9 10 11 12 13 
1714506 1 2 3 4 5 6 7 8 9 10 11 12 13 
1714556 1 2 3 4 5 6 7 8 9 10 11 12 13 
1714606 1 2 3 4 5 6 7 8 9 10 11 12 13 
1714656 1 2 3 4 5 6 7 8 9 10 11 12 13 
1714706 1 2 3 4 5 6 7 8 9 10 11 12 13 
1714756 1 2 3 4 5 6 7 8 9 10 11 12 13 
1714806 1 2 3 4 5 6 7 8 9 10 11 12 13 
1714856 1 2 3 4 5 6 7 8 9 10 11 12 13 
1714906 1 2 3 4 5 6 7 0 0 0 0 0 0 0 0 0 0 0 0 0 0 0 0 0 0 9 0 0 0 0 0 10 0 0 0 0 0 0 0 0 0 0 0 0 0 0 12 0 0 0 
