13507 0 0 0 0 0 0 0 0 0 0 10 5 1 
13557 0 0 0 0 0 0 0 0 0 0 10 5 1 
13607 0 0 0 0 0 0 0 0 0 0 10 5 1 
13657 0 0 0 0 0 0 0 0 0 0 10 5 1 
13707 0 0 0 0 0 0 0 0 0 0 10 5 1 
13757 0 0 0 0 0 0 0 0 0 0 10 5 1 
13807 0 0 0 0 0 0 0 0 0 0 10 5 1 
13857 0 0 0 0 0 0 0 0 0 0 10 5 1 
13907 0 0 0 0 0 0 0 0 0 0 10 5 1 
13957 0 0 0 0 0 0 0 0 0 0 10 5 1 
14007 0 0 0 0 0 0 0 0 0 0 10 5 1 
14058 0 0 0 0 0 0 0 0 0 0 10 5 1 
14109 0 0 0 0 0 0 0 0 0 0 10 5 1 
14159 0 0 0 0 0 0 0 0 0 0 10 5 1 
14209 0 0 0 0 0 0 0 0 0 0 10 5 1 
14259 0 0 0 0 0 0 0 0 0 0 10 5 1 
14309 0 0 0 0 0 0 0 0 0 0 10 5 1 
14359 0 0 0 0 0 0 0 0 0 0 10 5 1 
14409 0 0 0 0 0 0 0 0 0 0 10 5 1 
14459 0 0 0 0 0 0 0 0 0 0 10 5 1 
14509 0 0 0 0 0 0 0 0 0 0 10 5 1 
14559 0 0 0 0 0 0 0 0 0 0 10 5 1 
14610 0 0 0 0 0 0 0 0 0 0 10 5 1 
14660 0 0 0 0 0 0 0 0 0 0 10 5 1 
14710 0 0 0 0 0 0 0 0 0 0 10 5 1 
14760 0 0 0 0 0 0 0 0 0 0 10 5 1 
14810 0 0 0 0 0 0 0 0 0 0 10 5 1 
14860 0 0 0 0 0 0 0 0 0 0 10 5 1 
14910 0 0 0 0 0 0 0 0 0 0 10 5 1 
14960 0 0 0 0 0 0 0 0 0 0 10 5 1 
15010 0 0 0 0 0 0 0 0 0 0 10 5 1 
15060 0 0 0 0 0 0 0 0 0 0 10 5 1 
15110 0 0 0 0 0 0 0 0 0 0 10 5 1 
15161 0 0 0 0 0 0 0 0 0 0 10 5 1 
15211 0 0 0 0 0 0 0 0 0 0 10 5 1 
15261 0 0 0 0 0 0 0 0 0 0 10 5 1 
15311 0 0 0 0 0 0 0 0 0 0 10 5 1 
15361 0 0 0 0 0 0 0 0 0 0 10 5 1 
15411 0 0 0 0 0 0 0 0 0 0 10 5 1 
15461 0 0 0 0 0 0 0 0 0 0 10 5 1 
15511 0 0 0 0 0 0 0 0 0 0 10 5 1 
15561 0 0 0 0 0 0 0 0 0 0 10 5 1 
15611 0 0 0 0 0 0 0 0 0 0 10 5 1 
15661 0 0 0 0 0 0 0 0 0 0 10 5 1 
15712 0 0 0 0 0 0 0 0 0 0 10 5 1 
15762 0 0 0 0 0 0 0 0 0 0 10 5 1 
15812 0 0 0 0 0 0 0 0 0 0 10 5 1 
15862 0 0 0 0 0 0 0 0 0 0 10 5 1 
15912 0 0 0 0 0 0 0 0 0 0 10 5 1 
15962 0 0 0 0 0 0 0 0 0 0 10 5 1 
16012 0 0 0 0 0 0 0 0 0 0 10 5 1 
16062 0 0 0 0 0 0 0 0 0 0 10 5 1 
16112 0 0 0 0 0 0 0 0 0 0 10 5 1 
16162 0 0 0 0 0 0 0 0 0 0 10 5 1 
16213 0 0 0 0 0 0 0 0 0 0 10 5 1 
16263 0 0 0 0 0 0 0 0 0 0 10 5 1 
16313 0 0 0 0 0 0 0 0 0 0 10 5 1 
16363 0 0 0 0 0 0 0 0 0 0 10 5 1 
16413 0 0 0 0 0 0 0 0 0 0 10 5 1 
16463 0 0 0 0 0 0 0 0 0 0 10 5 1 
16513 0 0 0 0 0 0 0 0 0 0 10 5 1 
16563 0 0 0 0 0 0 0 0 0 0 10 5 1 
16613 0 0 0 0 0 0 0 0 0 0 10 5 1 
16663 0 0 0 0 0 0 0 0 0 0 10 5 1 
16714 0 0 0 0 0 0 0 0 0 0 10 5 1 
16764 0 0 0 0 0 0 0 0 0 0 10 5 1 
16814 0 0 0 0 0 0 0 0 0 0 10 5 1 
16864 0 0 0 0 0 0 0 0 0 0 10 5 1 
16914 0 0 0 0 0 0 0 0 0 0 10 5 1 
16964 0 0 0 0 0 0 0 0 0 0 10 5 1 
17014 0 0 0 0 0 0 0 0 0 0 10 5 1 
17064 0 0 0 0 0 0 0 0 0 0 10 5 1 
17114 0 0 0 0 0 0 0 0 0 0 10 5 1 
17164 0 0 0 0 0 0 0 0 0 0 10 5 1 
17214 0 0 0 0 0 0 0 0 0 0 10 5 1 
17265 0 0 0 0 0 0 0 0 0 0 10 5 1 
17315 0 0 0 0 0 0 0 0 0 0 10 5 1 
17365 0 0 0 0 0 0 0 0 0 0 10 5 1 
17415 0 0 0 0 0 0 0 0 0 0 10 5 1 
17465 0 0 0 0 0 0 0 0 0 0 10 5 1 
17515 0 0 0 0 0 0 0 0 0 0 10 5 1 
17565 0 0 0 0 0 0 0 0 0 0 10 5 1 
17615 0 0 0 0 0 0 0 0 0 0 10 5 1 
17665 0 0 0 0 0 0 0 0 0 0 10 5 1 
17715 0 0 0 0 0 0 0 0 0 0 10 5 1 
17766 0 0 0 0 0 0 0 0 0 0 10 5 1 
17816 0 0 0 0 0 0 0 0 0 0 10 5 1 
17866 0 0 0 0 0 0 0 0 0 0 10 5 1 
17916 0 0 0 0 0 0 0 0 0 0 10 5 1 
17966 0 0 0 0 0 0 0 0 0 0 10 5 1 
18016 0 0 0 0 0 0 0 0 0 0 10 5 1 
18066 0 0 0 0 0 0 0 0 0 0 10 5 1 
18116 0 0 0 0 0 0 0 0 0 0 10 5 1 
18166 0 0 0 0 0 0 0 0 0 0 10 5 1 
18216 0 0 0 0 0 0 0 0 0 0 10 5 1 
18267 0 0 0 0 0 0 0 0 0 0 10 5 1 
18317 0 0 0 0 0 0 0 0 0 0 10 5 1 
18367 0 0 0 0 0 0 0 0 0 0 10 5 1 
18417 0 0 0 0 0 0 0 0 0 0 10 5 1 
18467 0 0 0 0 0 0 0 0 0 0 10 5 1 
18517 0 0 0 0 0 0 0 0 0 0 10 5 1 
18567 0 0 0 0 0 0 0 0 0 0 10 5 1 
18617 0 0 0 0 0 0 0 0 0 0 10 5 1 
18667 0 0 0 0 0 0 0 0 0 0 10 5 1 
18717 0 0 0 0 0 0 0 0 0 0 10 5 1 
18768 0 0 0 0 0 0 0 0 0 0 10 5 1 
18818 0 0 0 0 0 0 0 0 0 0 10 5 1 
18868 0 0 0 0 0 0 0 0 0 0 10 5 1 
