90954 0 0 0 0 0 0 0 0 0 0 2808 -32436 475 
91004 0 0 0 0 0 0 0 0 0 0 2808 -32436 475 
91054 0 0 0 0 0 0 0 0 0 0 2808 -32436 475 
91104 0 0 0 0 0 0 0 0 0 0 2808 -32436 475 
91154 0 0 0 0 0 0 0 0 0 0 2808 -32436 475 
91205 0 0 0 0 0 0 0 0 0 0 2808 -32436 475 
91255 0 0 0 0 0 0 0 0 0 0 2808 -32436 475 
91305 0 0 0 0 0 0 0 0 0 0 2808 -32436 475 
91355 0 0 0 0 0 0 0 0 0 0 2808 -32436 475 
91405 0 0 0 0 0 0 0 0 0 0 2808 -32436 475 
91455 0 0 0 0 0 0 0 0 0 0 2808 -32436 475 
91505 0 0 0 0 0 0 0 0 0 0 2808 -32436 475 
91555 0 0 0 0 0 0 0 0 0 0 2808 -32436 475 
91605 0 0 0 0 0 0 0 0 0 0 2808 -32436 475 
91656 0 0 0 0 0 0 0 0 0 0 2808 -32436 475 
91706 0 0 0 0 0 0 0 0 0 0 2808 -32436 475 
91756 0 0 0 0 0 0 0 0 0 0 2808 -32436 475 
91806 0 0 0 0 0 0 0 0 0 0 2808 -32436 475 
91856 0 0 0 0 0 0 0 0 0 0 2808 -32436 475 
91906 0 0 0 0 0 0 0 0 0 0 2808 -32436 475 
91956 0 0 0 0 0 0 0 0 0 0 2808 -32436 475 
92006 0 0 0 0 0 0 0 0 0 0 2808 -32436 475 
92056 0 0 0 0 0 0 0 0 0 0 2808 -32436 475 
92106 0 0 0 0 0 0 0 0 0 0 2808 -32436 475 
92157 0 0 0 0 0 0 0 0 0 0 2808 -32436 475 
92207 0 0 0 0 0 0 0 0 0 0 2808 -32436 475 
92257 0 0 0 0 0 0 0 0 0 0 2808 -32436 475 
92307 0 0 0 0 0 0 0 0 0 0 2808 -32436 475 
92357 0 0 0 0 0 0 0 0 0 0 2808 -32436 475 
92407 0 0 0 0 0 0 0 0 0 0 2808 -32436 475 
92457 0 0 0 0 0 0 0 0 0 0 2808 -32436 475 
92507 0 0 0 0 0 0 0 0 0 0 2808 -32436 475 
92557 0 0 0 0 0 0 0 0 0 0 2808 -32436 475 
92607 0 0 0 0 0 0 0 0 0 0 2808 -32436 475 
92658 0 0 0 0 0 0 0 0 0 0 2808 -32436 475 
92708 0 0 0 0 0 0 0 0 0 0 2808 -32436 475 
92758 0 0 0 0 0 0 0 0 0 0 2808 -32436 475 
92808 0 0 0 0 0 0 0 0 0 0 2808 -32436 475 
92858 0 0 0 0 0 0 0 0 0 0 2808 -32436 475 
92908 0 0 0 0 0 0 0 0 0 0 2808 -32436 475 
92958 0 0 0 0 0 0 0 0 0 0 2808 -32436 475 
93008 0 0 0 0 0 0 0 0 0 0 2808 -32436 475 
93058 0 0 0 0 0 0 0 0 0 0 2808 -32436 475 
93108 0 0 0 0 0 0 0 0 0 0 2808 -32436 475 
93159 0 0 0 0 0 0 0 0 0 0 2808 -32436 475 
93214 0 0 0 0 0 0 0 0 0 0 2808 -32436 475 
93264 0 0 0 0 0 0 0 0 0 0 2808 -32436 475 
93314 0 0 0 0 0 0 0 0 0 0 2808 -32436 475 
93364 0 0 0 0 0 0 0 0 0 0 2808 -32436 475 
93414 0 0 0 0 0 0 0 0 0 0 2808 -32436 475 
93464 0 0 0 0 0 0 0 0 0 0 2808 -32436 475 
93514 0 0 0 0 0 0 0 0 0 0 2808 -32436 475 
93564 0 0 0 0 0 0 0 0 0 0 2808 -32436 475 
93614 0 0 0 0 0 0 0 0 0 0 2808 -32436 475 
93664 0 0 0 0 0 0 0 0 0 0 2808 -32436 475 
93714 0 0 0 0 0 0 0 0 0 0 2808 -32436 475 
93765 0 0 0 0 0 0 0 0 0 0 2808 -32436 475 
93815 0 0 0 0 0 0 0 0 0 0 2808 -32436 475 
93865 0 0 0 0 0 0 0 0 0 0 2808 -32436 475 
93915 0 0 0 0 0 0 0 0 0 0 2808 -32436 475 
93965 0 0 0 0 0 0 0 0 0 0 2808 -32436 475 
94015 0 0 0 0 0 0 0 0 0 0 2808 -32436 475 
94065 0 0 0 0 0 0 0 0 0 0 2808 -32436 475 
94115 0 0 0 0 0 0 0 0 0 0 2808 -32436 475 
94165 0 0 0 0 0 0 0 0 0 0 2808 -32436 475 
94215 0 0 0 0 0 0 0 0 0 0 2808 -32436 475 
94265 0 0 0 0 0 0 0 0 0 0 2808 -32436 475 
94316 0 0 0 0 0 0 0 0 0 0 2808 -32436 475 
94366 0 0 0 0 0 0 0 0 0 0 2808 -32436 475 
94416 0 0 0 0 0 0 0 0 0 0 2808 -32436 475 
94466 0 0 0 0 0 0 0 0 0 0 2808 -32436 475 
94516 0 0 0 0 0 0 0 0 0 0 2808 -32436 475 
94566 0 0 0 0 0 0 0 0 0 0 2808 -32436 475 
94616 0 0 0 0 0 0 0 0 0 0 2808 -32436 475 
94666 0 0 0 0 0 0 0 0 0 0 2808 -32436 475 
94716 0 0 0 0 0 0 0 0 0 0 2808 -32436 475 
94766 0 0 0 0 0 0 0 0 0 0 2808 -32436 475 
94817 0 0 0 0 0 0 0 0 0 0 2808 -32436 475 
94867 0 0 0 0 0 0 0 0 0 0 2808 -32436 475 
94917 0 0 0 0 0 0 0 0 0 0 2808 -32436 475 
94967 0 0 0 0 0 0 0 0 0 0 2808 -32436 475 
95017 0 0 0 0 0 0 0 0 0 0 2808 -32436 475 
95067 0 0 0 0 0 0 0 0 0 0 2808 -32436 475 
95120 0 0 0 0 0 0 0 0 0 0 2808 -32436 475 
95171 0 0 0 0 0 0 0 0 0 0 2808 -32436 475 
95221 0 0 0 0 0 0 0 0 0 0 2808 -32436 475 
95271 0 0 0 0 0 0 0 0 0 0 2808 -32436 475 
95321 0 0 0 0 0 0 0 0 0 0 2808 -32436 475 
95371 0 0 0 0 0 0 0 0 0 0 2808 -32436 475 
95421 0 0 0 0 0 0 0 0 0 0 2808 -32436 475 
95471 0 0 0 0 0 0 0 0 0 0 2808 -32436 475 
95521 0 0 0 0 0 0 0 0 0 0 2808 -32436 475 
95571 0 0 0 0 0 0 0 0 0 0 2808 -32436 475 
95621 0 0 0 0 0 0 0 0 0 0 2808 -32436 475 
95672 0 0 0 0 0 0 0 0 0 0 2808 -32436 475 
95722 0 0 0 0 0 0 0 0 0 0 2808 -32436 475 
95772 0 0 0 0 0 0 0 0 0 0 2808 -32436 475 
95822 0 0 0 0 0 0 0 0 0 0 2808 -32436 475 
95872 0 0 0 0 0 0 0 0 0 0 2808 -32436 475 
95922 0 0 0 0 0 0 0 0 0 0 2808 -32436 475 
95972 0 0 0 0 0 0 0 0 0 0 2808 -32436 475 
96022 0 0 0 0 0 0 0 0 0 0 2808 -32436 475 
96072 0 0 0 0 0 0 0 0 0 0 2808 -32436 475 
96122 0 0 0 0 0 0 0 0 0 0 2808 -32436 475 
96173 0 0 0 0 0 0 0 0 0 0 2808 -32436 475 
96223 0 0 0 0 0 0 0 0 0 0 2808 -32436 475 
96273 0 0 0 0 0 0 0 0 0 0 2808 -32436 475 
96323 0 0 0 0 0 0 0 0 0 0 2808 -32436 475 
96373 0 0 0 0 0 0 0 0 0 0 2808 -32436 475 
96423 0 0 0 0 0 0 0 0 0 0 2808 -32436 475 
96473 0 0 0 0 0 0 0 0 0 0 2808 -32436 475 
96523 0 0 0 0 0 0 0 0 0 0 2808 -32436 475 
96573 0 0 0 0 0 0 0 0 0 0 2808 -32436 475 
96623 0 0 0 0 0 0 0 0 0 0 2808 -32436 475 
96673 0 0 0 0 0 0 0 0 0 0 2808 -32436 475 
96724 0 0 0 0 0 0 0 0 0 0 2808 -32436 475 
96774 0 0 0 0 0 0 0 0 0 0 2808 -32436 475 
96824 0 0 0 0 0 0 0 0 0 0 2808 -32436 475 
96874 0 0 0 0 0 0 0 0 0 0 2808 -32436 475 
96924 0 0 0 0 0 0 0 0 0 0 2808 -32436 475 
96974 0 0 0 0 0 0 0 0 0 0 2808 -32436 475 
97024 0 0 0 0 0 0 0 0 0 0 2808 -32436 475 
97074 0 0 0 0 0 0 0 0 0 0 2808 -32436 475 
97124 0 0 0 0 0 0 0 0 0 0 2808 -32436 475 
97174 0 0 0 0 0 0 0 0 0 0 2808 -32436 475 
97225 0 0 0 0 0 0 0 0 0 0 2808 -32436 475 
97275 0 0 0 0 0 0 0 0 0 0 2808 -32436 475 
97325 0 0 0 0 0 0 0 0 0 0 2808 -32436 475 
97375 0 0 0 0 0 0 0 0 0 0 2808 -32436 475 
97425 0 0 0 0 0 0 0 0 0 0 2808 -32436 475 
97475 0 0 0 0 0 0 0 0 0 0 2808 -32436 475 
97525 0 0 0 0 0 0 0 0 0 0 2808 -32436 475 
97575 0 0 0 0 0 0 0 0 0 0 2808 -32436 475 
97625 0 0 0 0 0 0 0 0 0 0 2808 -32436 475 
97675 0 0 0 0 0 0 0 0 0 0 2808 -32436 475 
97725 0 0 0 0 0 0 0 0 0 0 2808 -32436 475 
97776 0 0 0 0 0 0 0 0 0 0 2808 -32436 475 
97826 0 0 0 0 0 0 0 0 0 0 2808 -32436 475 
97876 0 0 0 0 0 0 0 0 0 0 2808 -32436 475 
97926 0 0 0 0 0 0 0 0 0 0 2808 -32436 475 
97976 0 0 0 0 0 0 0 0 0 0 2808 -32436 475 
98026 0 0 0 0 0 0 0 0 0 0 2808 -32436 475 
98076 0 0 0 0 0 0 0 0 0 0 2808 -32436 475 
98126 0 0 0 0 0 0 0 0 0 0 2808 -32436 475 
98176 0 0 0 0 0 0 0 0 0 0 2808 -32436 475 
98226 0 0 0 0 0 0 0 0 0 0 2808 -32436 475 
98277 0 0 0 0 0 0 0 0 0 0 2808 -32436 475 
98327 0 0 0 0 0 0 0 0 0 0 2808 -32436 475 
98377 0 0 0 0 0 0 0 0 0 0 2808 -32436 475 
98427 0 0 0 0 0 0 0 0 0 0 2808 -32436 475 
98477 0 0 0 0 0 0 0 0 0 0 2808 -32436 475 
98527 0 0 0 0 0 0 0 0 0 0 2808 -32436 475 
98577 0 0 0 0 0 0 0 0 0 0 2808 -32436 475 
98627 0 0 0 0 0 0 0 0 0 0 2808 -32436 475 
98677 0 0 0 0 0 0 0 0 0 0 2808 -32436 475 
98727 0 0 0 0 0 0 0 0 0 0 2808 -32436 475 
98777 0 0 0 0 0 0 0 0 0 0 2808 -32436 475 
98827 0 0 0 0 0 0 0 0 0 0 2808 -32436 475 
98878 0 0 0 0 0 0 0 0 0 0 2808 -32436 475 
98928 0 0 0 0 0 0 0 0 0 0 2808 -32436 475 
98978 0 0 0 0 0 0 0 0 0 0 2808 -32436 475 
99028 0 0 0 0 0 0 0 0 0 0 2808 -32436 475 
99078 0 0 0 0 0 0 0 0 0 0 2808 -32436 475 
99128 0 0 0 0 0 0 0 0 0 0 2808 -32436 475 
99178 0 0 0 0 0 0 0 0 0 0 2808 -32436 475 
99228 0 0 0 0 0 0 0 0 0 0 2808 -32436 475 
99278 0 0 0 0 0 0 0 0 0 0 2808 -32436 475 
99328 0 0 0 0 0 0 0 0 0 0 2808 -32436 475 
99378 0 0 0 0 0 0 0 0 0 0 2808 -32436 475 
99429 0 0 0 0 0 0 0 0 0 0 2808 -32436 475 
99479 0 0 0 0 0 0 0 0 0 0 2808 -32436 475 
99529 0 0 0 0 0 0 0 0 0 0 2808 -32436 475 
99579 0 0 0 0 0 0 0 0 0 0 2808 -32436 475 
99629 0 0 0 0 0 0 0 0 0 0 2808 -32436 475 
99679 0 0 0 0 0 0 0 0 0 0 2808 -32436 475 
99729 0 0 0 0 0 0 0 0 0 0 2808 -32436 475 
99779 0 0 0 0 0 0 0 0 0 0 2808 -32436 475 
99829 0 0 0 0 0 0 0 0 0 0 2808 -32436 475 
99879 0 0 0 0 0 0 0 0 0 0 2808 -32436 475 
99929 0 0 0 0 0 0 0 0 0 0 2808 -32436 475 
99980 0 0 0 0 0 0 0 0 0 0 2808 -32436 475 
100030 0 0 0 0 0 0 0 0 0 0 2808 -32436 475 
100080 0 0 0 0 0 0 0 0 0 0 2808 -32436 475 
100130 0 0 0 0 0 0 0 0 0 0 2808 -32436 475 
100180 0 0 0 0 0 0 0 0 0 0 2808 -32436 475 
100230 0 0 0 0 0 0 0 0 0 0 2808 -32436 475 
100280 0 0 0 0 0 0 0 0 0 0 2808 -32436 475 
100330 0 0 0 0 0 0 0 0 0 0 2808 -32436 475 
100380 0 0 0 0 0 0 0 0 0 0 2808 -32436 475 
100431 0 0 0 0 0 0 0 0 0 0 2808 -32436 475 
100481 0 0 0 0 0 0 0 0 0 0 2808 -32436 475 
100531 0 0 0 0 0 0 0 0 0 0 2808 -32436 475 
100581 0 0 0 0 0 0 0 0 0 0 2808 -32436 475 
100631 0 0 0 0 0 0 0 0 0 0 2808 -32436 475 
100681 0 0 0 0 0 0 0 0 0 0 2808 -32436 475 
100731 0 0 0 0 0 0 0 0 0 0 2808 -32436 475 
100781 0 0 0 0 0 0 0 0 0 0 2808 -32436 475 
100831 0 0 0 0 0 0 0 0 0 0 2808 -32436 475 
100886 0 0 0 0 0 0 0 0 0 0 2808 -32436 475 
100936 0 0 0 0 0 0 0 0 0 0 2808 -32436 475 
100986 0 0 0 0 0 0 0 0 0 0 2808 -32436 475 
101037 0 0 0 0 0 0 0 0 0 0 2808 -32436 475 
101087 0 0 0 0 0 0 0 0 0 0 0 0 0 0 0 0 0 0 0 0 0 0 0 0 0 0 0 0 0 0 0 0 0 0 0 0 0 0 0 0 0 0 0 0 0 0 0 0 0 0 
