8707 0 0 0 0 0 0 0 0 0 0 0 0 0 
8757 0 0 0 0 0 0 0 0 0 0 0 0 0 
8807 0 0 0 0 0 0 0 0 0 0 0 0 0 
8857 0 0 0 0 0 0 0 0 0 0 0 0 0 
8907 0 0 0 0 0 0 0 0 0 0 0 0 0 
8957 0 0 0 0 0 0 0 0 0 0 0 0 0 
9007 0 0 0 0 0 0 0 0 0 0 0 0 0 
9058 0 0 0 0 0 0 0 0 0 0 0 0 0 
9108 0 0 0 0 0 0 0 0 0 0 0 0 0 
9158 0 0 0 0 0 0 0 0 0 0 0 0 0 
9208 0 0 0 0 0 0 0 0 0 0 0 0 0 
9258 0 0 0 0 0 0 0 0 0 0 0 0 0 
9308 0 0 0 0 0 0 0 0 0 0 0 0 0 
9358 0 0 0 0 0 0 0 0 0 0 0 0 0 
9408 0 0 0 0 0 0 0 0 0 0 0 0 0 
9458 0 0 0 0 0 0 0 0 0 0 0 0 0 
9508 0 0 0 0 0 0 0 0 0 0 0 0 0 
9559 0 0 0 0 0 0 0 0 0 0 0 0 0 
9609 0 0 0 0 0 0 0 0 0 0 0 0 0 
9659 0 0 0 0 0 0 0 0 0 0 0 0 0 
9709 0 0 0 0 0 0 0 0 0 0 0 0 0 
9759 0 0 0 0 0 0 0 0 0 0 0 0 0 
9809 0 0 0 0 0 0 0 0 0 0 0 0 0 
9859 0 0 0 0 0 0 0 0 0 0 0 0 0 
9909 0 0 0 0 0 0 0 0 0 0 0 0 0 
9959 0 0 0 0 0 0 0 0 0 0 0 0 0 
10009 0 0 0 0 0 0 0 0 0 0 0 0 0 
10059 0 0 0 0 0 0 0 0 0 0 0 0 0 
10110 0 0 0 0 0 0 0 0 0 0 0 0 0 
10160 0 0 0 0 0 0 0 0 0 0 0 0 0 
10210 0 0 0 0 0 0 0 0 0 0 0 0 0 
10260 0 0 0 0 0 0 0 0 0 0 0 0 0 
10310 0 0 0 0 0 0 0 0 0 0 0 0 0 
10360 0 0 0 0 0 0 0 0 0 0 0 0 0 
10410 0 0 0 0 0 0 0 0 0 0 0 0 0 
10460 0 0 0 0 0 0 0 0 0 0 0 0 0 
10510 0 0 0 0 0 0 0 0 0 0 0 0 0 
10560 0 0 0 0 0 0 0 0 0 0 0 0 0 
10610 0 0 0 0 0 0 0 0 0 0 0 0 0 
10661 0 0 0 0 0 0 0 0 0 0 0 0 0 
10711 0 0 0 0 0 0 0 0 0 0 0 0 0 
10761 0 0 0 0 0 0 0 0 0 0 0 0 0 
10811 0 0 0 0 0 0 0 0 0 0 0 0 0 
10861 0 0 0 0 0 0 0 0 0 0 0 0 0 
10911 0 0 0 0 0 0 0 0 0 0 0 0 0 
10961 0 0 0 0 0 0 0 0 0 0 0 0 0 
11011 0 0 0 0 0 0 0 0 0 0 0 0 0 
11061 0 0 0 0 0 0 0 0 0 0 0 0 0 
11111 0 0 0 0 0 0 0 0 0 0 0 0 0 
11161 0 0 0 0 0 0 0 0 0 0 0 0 0 
11211 0 0 0 0 0 0 0 0 0 0 0 0 0 
11262 0 0 0 0 0 0 0 0 0 0 0 0 0 
11312 0 0 0 0 0 0 0 0 0 0 0 0 0 
11362 0 0 0 0 0 0 0 0 0 0 0 0 0 
11412 0 0 0 0 0 0 0 0 0 0 0 0 0 
11462 0 0 0 0 0 0 0 0 0 0 0 0 0 
11512 0 0 0 0 0 0 0 0 0 0 0 0 0 
11562 0 0 0 0 0 0 0 0 0 0 0 0 0 
11612 0 0 0 0 0 0 0 0 0 0 0 0 0 
11662 0 0 0 0 0 0 0 0 0 0 0 0 0 
11713 0 0 0 0 0 0 0 0 0 0 0 0 0 
11763 0 0 0 0 0 0 0 0 0 0 0 0 0 
11813 0 0 0 0 0 0 0 0 0 0 0 0 0 
11863 0 0 0 0 0 0 0 0 0 0 0 0 0 
11913 0 0 0 0 0 0 0 0 0 0 0 0 0 
11963 0 0 0 0 0 0 0 0 0 0 0 0 0 
12013 0 0 0 0 0 0 0 0 0 0 0 0 0 
12063 0 0 0 0 0 0 0 0 0 0 0 0 0 
12113 0 0 0 0 0 0 0 0 0 0 0 0 0 
12163 0 0 0 0 0 0 0 0 0 0 0 0 0 
12213 0 0 0 0 0 0 0 0 0 0 0 0 0 
12264 0 0 0 0 0 0 0 0 0 0 0 0 0 
12314 0 0 0 0 0 0 0 0 0 0 0 0 0 
12364 0 0 0 0 0 0 0 0 0 0 0 0 0 
12414 0 0 0 0 0 0 0 0 0 0 0 0 0 
12464 0 0 0 0 0 0 0 0 0 0 0 0 0 
12514 0 0 0 0 0 0 0 0 0 0 0 0 0 
12564 0 0 0 0 0 0 0 0 0 0 0 0 0 
12614 0 0 0 0 0 0 0 0 0 0 0 0 0 
12664 0 0 0 0 0 0 0 0 0 0 0 0 0 
12714 0 0 0 0 0 0 0 0 0 0 0 0 0 
12764 0 0 0 0 0 0 0 0 0 0 0 0 0 
12815 0 0 0 0 0 0 0 0 0 0 0 0 0 
12865 0 0 0 0 0 0 0 0 0 0 0 0 0 
12915 0 0 0 0 0 0 0 0 0 0 0 0 0 
12965 0 0 0 0 0 0 0 0 0 0 0 0 0 
13015 0 0 0 0 0 0 0 0 0 0 0 0 0 
13065 0 0 0 0 0 0 0 0 0 0 0 0 0 
13115 0 0 0 0 0 0 0 0 0 0 0 0 0 
13165 0 0 0 0 0 0 0 0 0 0 0 0 0 
13215 0 0 0 0 0 0 0 0 0 0 0 0 0 
13265 0 0 0 0 0 0 0 0 0 0 0 0 0 
13316 0 0 0 0 0 0 0 0 0 0 0 0 0 
13366 0 0 0 0 0 0 0 0 0 0 0 0 0 
13416 0 0 0 0 0 0 0 0 0 0 0 0 0 
13466 0 0 0 0 0 0 0 0 0 0 0 0 0 
13516 0 0 0 0 0 0 0 0 0 0 0 0 0 
13566 0 0 0 0 0 0 0 0 0 0 0 0 0 
13616 0 0 0 0 0 0 0 0 0 0 0 0 0 
13666 0 0 0 0 0 0 0 0 0 0 0 0 0 
13716 0 0 0 0 0 0 0 0 0 0 0 0 0 
13766 0 0 0 0 0 0 0 0 0 0 0 0 0 
13816 0 0 0 0 0 0 0 0 0 0 0 0 0 
13867 0 0 0 0 0 0 0 0 0 0 0 0 0 
13917 0 0 0 0 0 0 0 0 0 0 0 0 0 
13967 0 0 0 0 0 0 0 0 0 0 0 0 0 
14017 0 0 0 0 0 0 0 0 0 0 0 0 0 
14067 0 0 0 0 0 0 0 0 0 0 0 0 0 
