3014904 0 2 3 4 5 6 7 8 9 10 11 12 13 
3014954 0 2 3 4 5 6 7 8 9 10 11 12 13 
3015004 0 2 3 4 5 6 7 8 9 10 11 12 13 
3015054 0 2 3 4 5 6 7 8 9 10 11 12 13 
3015104 0 2 3 4 5 6 7 8 9 10 11 12 13 
3015154 0 2 3 4 5 6 7 8 9 10 11 12 13 
3015204 0 2 3 4 5 6 7 8 9 10 11 12 13 
3015255 0 2 3 4 5 6 7 8 9 10 11 12 13 
3015305 0 2 3 4 5 6 7 8 9 10 11 12 13 
3015355 0 2 3 4 5 6 7 8 9 10 11 12 13 
3015405 0 2 3 4 5 6 7 8 9 10 11 12 13 
3015455 0 2 3 4 5 6 7 8 9 10 11 12 13 
3015505 0 2 3 4 5 6 7 8 9 10 11 12 13 
3015555 0 2 3 4 5 6 7 8 9 10 11 12 13 
3015605 0 2 3 4 5 6 7 8 9 10 11 12 13 
3015655 0 2 3 4 5 6 7 8 9 10 11 12 13 
3015706 0 2 3 4 5 6 7 8 9 10 11 12 13 
3015756 0 2 3 4 5 6 7 8 9 10 11 12 13 
3015806 0 2 3 4 5 6 7 8 9 10 11 12 13 
3015856 0 2 3 4 5 6 7 8 9 10 11 12 13 
3015906 0 2 3 4 5 6 7 8 9 10 11 12 13 
3015956 0 2 3 4 5 6 7 8 9 10 11 12 13 
3016006 0 2 3 4 5 6 7 8 9 10 11 12 13 
3016056 0 2 3 4 5 6 7 8 9 10 11 12 13 
3016106 0 2 3 4 5 6 7 8 9 10 11 12 13 
3016156 0 2 3 4 5 6 7 8 9 10 11 12 13 
3016207 0 2 3 4 5 6 7 8 9 10 11 12 13 
3016257 0 2 3 4 5 6 7 8 9 10 11 12 13 
3016307 0 2 3 4 5 6 7 8 9 10 11 12 13 
3016357 0 2 3 4 5 6 7 8 9 10 11 12 13 
3016407 0 2 3 4 5 6 7 8 9 10 11 12 13 
3016457 0 2 3 4 5 6 7 8 9 10 11 12 13 
3016507 0 2 3 4 5 6 7 8 9 10 11 12 13 
3016558 0 2 3 4 5 6 7 8 9 10 11 12 13 
3016608 0 2 3 4 5 6 7 8 9 10 11 12 13 
3016658 0 2 3 4 5 6 7 8 9 10 11 12 13 
3016708 0 2 3 4 5 6 7 8 9 10 11 12 13 
3016758 0 2 3 4 5 6 7 8 9 10 11 12 13 
3016808 0 2 3 4 5 6 7 8 9 10 11 12 13 
3016858 0 2 3 4 5 6 7 8 9 10 11 12 13 
3016908 0 2 3 4 5 6 7 8 9 10 11 12 13 
3016958 0 2 3 4 5 6 7 8 9 10 11 12 13 
3017008 0 2 3 4 5 6 7 8 9 10 11 12 13 
3017059 0 2 3 4 5 6 7 8 9 10 11 12 13 
3017109 0 2 3 4 5 6 7 8 9 10 11 12 13 
3017159 0 2 3 4 5 6 7 8 9 10 11 12 13 
3017209 0 2 3 4 5 6 7 8 9 10 11 12 13 
3017259 0 2 3 4 5 6 7 8 9 10 11 12 13 
3017309 0 2 3 4 5 6 7 8 9 10 11 12 13 
3017359 0 2 3 4 5 6 7 8 9 10 11 12 13 
3017409 0 2 3 4 5 6 7 8 9 10 11 12 13 
3017459 0 2 3 4 5 6 7 8 9 10 11 12 13 
3017510 0 2 3 4 5 6 7 8 9 10 11 12 13 
3017560 0 2 3 4 5 6 7 8 9 10 11 12 13 
3017610 0 2 3 4 5 6 7 8 9 10 11 12 13 
3017660 0 2 3 4 5 6 7 8 9 10 11 12 13 
3017710 0 2 3 4 5 6 7 8 9 10 11 12 13 
3017760 0 2 3 4 5 6 7 8 9 10 11 12 13 
3017810 0 2 3 4 5 6 7 8 9 10 11 12 13 
3017860 0 2 3 4 5 6 7 8 9 10 11 12 13 
3017910 0 2 3 4 5 6 7 8 9 10 11 12 13 
3017960 0 2 3 4 5 6 7 8 9 10 11 12 13 
3018011 0 2 3 4 5 6 7 8 9 10 11 12 13 
3018061 0 2 3 4 5 6 7 8 9 10 11 12 13 
3018111 0 2 3 4 5 6 7 8 9 10 11 12 13 
3018161 0 2 3 4 5 6 7 8 9 10 11 12 13 
3018211 0 2 3 4 5 6 7 8 9 10 11 12 13 
3018261 0 2 3 4 5 6 7 8 9 10 11 12 13 
3018311 0 2 3 4 5 6 7 8 9 10 11 12 13 
3018361 0 2 3 4 5 6 7 8 9 10 11 12 13 
3018411 0 2 3 4 5 6 7 8 9 10 11 12 13 
3018463 0 2 3 4 5 6 7 8 9 10 11 12 13 
3018514 0 2 3 4 5 6 7 8 9 10 11 12 13 
3018564 0 2 3 4 5 6 7 8 9 10 11 12 13 
3018614 0 2 3 4 5 6 7 8 9 10 11 12 13 
3018664 0 2 3 4 5 6 7 8 9 10 11 12 13 
3018714 0 2 3 4 5 6 7 8 9 10 11 12 13 
3018764 0 2 3 4 5 6 7 8 9 10 11 12 13 
3018814 0 2 3 4 5 6 7 8 9 10 11 12 13 
3018864 0 2 3 4 5 6 7 8 9 10 11 12 13 
3018914 0 2 3 4 5 6 7 8 9 10 11 12 13 
3018964 0 2 3 4 5 6 7 8 9 10 11 12 13 
3019015 0 2 3 4 5 6 7 8 9 10 11 12 13 
3019065 0 2 3 4 5 6 7 8 9 10 11 12 13 
3019115 0 2 3 4 5 6 7 8 9 10 11 12 13 
3019165 0 2 3 4 5 6 7 8 9 10 11 12 13 
3019215 0 2 3 4 5 6 7 8 9 10 11 12 13 
3019265 0 2 3 4 5 6 7 8 9 10 11 12 13 
3019315 0 2 3 4 5 6 7 8 9 10 11 12 13 
3019365 0 2 3 4 5 6 7 8 9 10 11 12 13 
3019415 0 2 3 4 5 6 7 8 9 10 11 12 13 
3019465 0 2 3 4 5 6 7 8 9 10 11 12 13 
3019515 0 2 3 4 5 6 7 8 9 10 11 12 13 
3019565 0 2 3 4 5 6 7 8 9 10 11 12 13 
3019616 0 2 3 4 5 6 7 8 9 10 11 12 13 
3019666 0 2 3 4 5 6 7 8 9 10 11 12 13 
3019716 0 2 3 4 5 6 7 8 9 10 11 12 13 
3019766 0 2 3 4 5 6 7 8 9 10 11 12 13 
3019816 0 2 3 4 5 6 7 8 9 10 11 12 13 
3019866 0 2 3 4 5 6 7 8 9 10 11 12 13 
3019916 0 2 3 4 5 6 7 8 9 10 11 12 13 
3019966 0 2 3 4 5 6 7 8 9 10 11 12 13 
3020016 0 2 3 4 5 6 7 8 9 10 11 12 13 
3020066 0 2 3 4 5 6 7 8 9 10 11 12 13 
3020116 0 2 3 4 5 6 7 8 9 10 11 12 13 
3020167 0 2 3 4 5 6 7 8 9 10 11 12 13 
3020217 0 2 3 4 5 6 7 8 9 10 11 12 13 
3020267 0 2 3 4 5 6 7 8 9 10 11 12 13 
3020317 0 2 3 4 5 6 7 8 9 10 11 12 13 
3020367 0 2 3 4 5 6 7 8 9 10 11 12 13 
3020417 0 2 3 4 5 6 7 8 9 10 11 12 13 
3020467 0 2 3 4 5 6 7 8 9 10 11 12 13 
3020517 0 2 3 4 5 6 7 8 9 10 11 12 13 
3020567 0 2 3 4 5 6 7 8 9 10 11 12 13 
3020617 0 2 3 4 5 6 7 8 9 10 11 12 13 
3020668 0 2 3 4 5 6 7 8 9 10 11 12 13 
3020718 0 2 3 4 5 6 7 8 9 10 11 12 13 
3020768 0 2 3 4 5 6 7 8 9 10 11 12 13 
3020818 0 2 3 4 5 6 7 8 9 10 11 12 13 
3020868 0 2 3 4 5 6 7 8 9 10 11 12 13 
3020918 0 2 3 4 5 6 7 8 9 10 11 12 13 
3020968 0 2 3 4 5 6 7 8 9 10 11 12 13 
3021018 0 2 3 4 5 6 7 8 9 10 11 12 13 
3021068 0 2 3 4 5 6 7 8 9 10 11 12 13 
3021118 0 2 3 4 5 6 7 8 9 10 11 12 13 
3021168 0 2 3 4 5 6 7 8 9 10 11 12 13 
3021219 0 2 3 4 5 6 7 8 9 10 11 12 13 
3021269 0 2 3 4 5 6 7 8 9 10 11 12 13 
3021319 0 2 3 4 5 6 7 8 9 10 11 12 13 
3021369 0 2 3 4 5 6 7 8 9 10 11 12 13 
3021419 0 2 3 4 5 6 7 8 9 10 11 12 13 
3021469 0 2 3 4 5 6 7 8 9 10 11 12 13 
3021519 0 2 3 4 5 6 7 8 9 10 11 12 13 
3021569 0 2 3 4 5 6 7 8 9 10 11 12 13 
3021619 0 2 3 4 5 6 7 8 9 10 11 12 13 
3021669 0 2 3 4 5 6 7 8 9 10 11 12 13 
3021720 0 2 3 4 5 6 7 8 9 10 11 12 13 
3021770 0 2 3 4 5 6 7 8 9 10 11 12 13 
3021820 0 2 3 4 5 6 7 8 9 10 11 12 13 
3021870 0 2 3 4 5 6 7 8 9 10 11 12 13 
3021920 0 2 3 4 5 6 7 8 9 10 11 12 13 
3021970 0 2 3 4 5 6 7 8 9 10 11 12 13 
3022020 0 2 3 4 5 6 7 8 9 10 11 12 13 
3022070 0 2 3 4 5 6 7 8 9 10 11 12 13 
3022120 0 2 3 4 5 6 7 8 9 10 11 12 13 
3022170 0 2 3 4 5 6 7 8 9 10 11 12 13 
3022220 0 2 3 4 5 6 7 8 9 10 11 12 13 
3022271 0 2 3 4 5 6 7 8 9 10 11 12 13 
3022321 0 2 3 4 5 6 7 8 9 10 11 12 13 
3022371 0 2 3 4 5 6 7 8 9 10 11 12 13 
3022421 0 2 3 4 5 6 7 8 9 10 11 12 13 
3022471 0 2 3 4 5 6 7 8 9 10 11 12 13 
3022521 0 2 3 4 5 6 7 8 9 10 11 12 13 
3022571 0 2 3 4 5 6 7 8 9 10 11 12 13 
3022621 0 2 3 4 5 6 7 8 9 10 11 12 13 
3022671 0 2 3 4 5 6 7 8 9 10 11 12 13 
3022721 0 2 3 4 5 6 7 8 9 10 11 12 13 
3022772 0 2 3 4 5 6 7 8 9 10 11 12 13 
3022822 0 2 3 4 5 6 7 8 9 10 11 12 13 
3022872 0 2 3 4 5 6 7 8 9 10 11 12 13 
3022922 0 2 3 4 5 6 7 8 9 10 11 12 13 
3022972 0 2 3 4 5 6 7 8 9 10 11 12 13 
3023022 0 2 3 4 5 6 7 8 9 10 11 12 13 
3023072 0 2 3 4 5 6 7 8 9 10 11 12 13 
3023122 0 2 3 4 5 6 7 8 9 10 11 12 13 
3023172 0 2 3 4 5 6 7 8 9 10 11 12 13 
3023222 0 2 3 4 5 6 7 8 9 10 11 12 13 
3023272 0 2 3 4 5 6 7 8 9 10 11 12 13 
3023323 0 2 3 4 5 6 7 8 9 10 11 12 13 
3023373 0 2 3 4 5 6 7 8 9 10 11 12 13 
3023423 0 2 3 4 5 6 7 8 9 10 11 12 13 
3023473 0 2 3 4 5 6 7 8 9 10 11 12 13 
3023523 0 2 3 4 5 6 7 8 9 10 11 12 13 
3023573 0 2 3 4 5 6 7 8 9 10 11 12 13 
3023623 0 2 3 4 5 6 7 8 9 10 11 12 13 
3023673 0 2 3 4 5 6 7 8 9 10 11 12 13 
3023723 0 2 3 4 5 6 7 8 9 10 11 12 13 
3023773 0 2 3 4 5 6 7 8 9 10 11 12 13 
3023823 0 2 3 4 5 6 7 8 9 10 11 12 13 
3023874 0 2 3 4 5 6 7 8 9 10 11 12 13 
3023924 0 2 3 4 5 6 7 8 9 10 11 12 13 
3023974 0 2 3 4 5 6 7 8 9 10 11 12 13 
3024024 0 2 3 4 5 6 7 8 9 10 11 12 13 
3024074 0 2 3 4 5 6 7 8 9 10 11 12 13 
3024124 0 2 3 4 5 6 7 8 9 10 11 12 13 
3024174 0 2 3 4 5 6 7 8 9 10 11 12 13 
3024224 0 2 3 4 5 6 7 8 9 10 11 12 13 
3024275 0 2 3 4 5 6 7 8 9 10 11 12 13 
3024325 0 2 3 4 5 6 7 8 9 10 11 12 13 
3024375 0 2 3 4 5 6 7 8 9 10 11 12 13 
3024425 0 2 3 4 5 6 7 8 9 10 11 12 13 
3024475 0 2 3 4 5 6 7 8 9 10 11 12 13 
3024525 0 2 3 4 5 6 7 8 9 10 11 12 13 
3024575 0 2 3 4 5 6 7 8 9 10 11 12 13 
3024625 0 2 3 4 5 6 7 8 9 10 11 12 13 
3024675 0 2 3 4 5 6 7 8 9 10 11 12 13 
3024725 0 2 3 4 5 6 7 8 9 10 11 12 13 
3024775 0 2 3 4 5 6 7 8 9 10 11 12 13 
3024825 0 2 3 4 5 6 7 8 9 10 11 12 13 
3024876 0 2 3 4 5 6 7 8 9 10 11 12 13 
3024926 0 2 3 4 5 6 7 8 9 10 11 12 13 
3024976 0 2 3 4 5 6 7 8 9 10 11 0 0 0 0 0 0 0 0 0 0 0 0 0 0 0 0 0 0 0 13 0 0 0 0 0 0 0 0 0 0 0 0 0 0 0 0 0 0 0 
