3675007 1 2 3 4 5 6 7 8 9 10 11 12 13 
3675057 1 2 3 4 5 6 7 8 9 10 11 12 13 
3675107 1 2 3 4 5 6 7 8 9 10 11 12 13 
3675157 1 2 3 4 5 6 7 8 9 10 11 12 13 
3675208 1 2 3 4 5 6 7 8 9 10 11 12 13 
3675258 1 2 3 4 5 6 7 8 9 10 11 12 13 
3675308 1 2 3 4 5 6 7 8 9 10 11 12 13 
3675358 1 2 3 4 5 6 7 8 9 10 11 12 13 
3675408 1 2 3 4 5 6 7 8 9 10 11 12 13 
3675458 1 2 3 4 5 6 7 8 9 10 11 12 13 
3675508 1 2 3 4 5 6 7 8 9 10 11 12 13 
3675558 1 2 3 4 5 6 7 8 9 10 11 12 13 
3675609 1 2 3 4 5 6 7 8 9 10 11 12 13 
3675659 1 2 3 4 5 6 7 8 9 10 11 12 13 
3675709 1 2 3 4 5 6 7 8 9 10 11 12 13 
3675759 1 2 3 4 5 6 7 8 9 10 11 12 13 
3675809 1 2 3 4 5 6 7 8 9 10 11 12 13 
3675859 1 2 3 4 5 6 7 8 9 10 11 12 13 
3675909 1 2 3 4 5 6 7 8 9 10 11 12 13 
3675959 1 2 3 4 5 6 7 8 9 10 11 12 13 
3676009 1 2 3 4 5 6 7 8 9 10 11 12 13 
3676059 1 2 3 4 5 6 7 8 9 10 11 12 13 
3676109 1 2 3 4 5 6 7 8 9 10 11 12 13 
3676160 1 2 3 4 5 6 7 8 9 10 11 12 13 
3676210 1 2 3 4 5 6 7 8 9 10 11 12 13 
3676260 1 2 3 4 5 6 7 8 9 10 11 12 13 
3676310 1 2 3 4 5 6 7 8 9 10 11 12 13 
3676360 1 2 3 4 5 6 7 8 9 10 11 12 13 
3676410 1 2 3 4 5 6 7 8 9 10 11 12 13 
3676460 1 2 3 4 5 6 7 8 9 10 11 12 13 
3676510 1 2 3 4 5 6 7 8 9 10 11 12 13 
3676560 1 2 3 4 5 6 7 8 9 10 11 12 13 
3676612 1 2 3 4 5 6 7 8 9 10 11 12 13 
3676662 1 2 3 4 5 6 7 8 9 10 11 12 13 
3676712 1 2 3 4 5 6 7 8 9 10 11 12 13 
3676762 1 2 3 4 5 6 7 8 9 10 11 12 13 
3676812 1 2 3 4 5 6 7 8 9 10 11 12 13 
3676864 1 2 3 4 5 6 7 8 9 10 11 12 13 
3676914 1 2 3 4 5 6 7 8 9 10 11 12 13 
3676964 1 2 3 4 5 6 7 8 9 10 11 12 13 
3677015 1 2 3 4 5 6 7 8 9 10 11 12 13 
3677065 1 2 3 4 5 6 7 8 9 10 11 12 13 
3677115 1 2 3 4 5 6 7 8 9 10 11 12 13 
3677165 1 2 3 4 5 6 7 8 9 10 11 12 13 
3677215 1 2 3 4 5 6 7 8 9 10 11 12 13 
3677265 1 2 3 4 5 6 7 8 9 10 11 12 13 
3677315 1 2 3 4 5 6 7 8 9 10 11 12 13 
3677366 1 2 3 4 5 6 7 8 9 10 11 12 13 
3677416 1 2 3 4 5 6 7 8 9 10 11 12 13 
3677466 1 2 3 4 5 6 7 8 9 10 11 12 13 
3677517 1 2 3 4 5 6 7 8 9 10 11 12 13 
3677567 1 2 3 4 5 6 7 8 9 10 11 12 13 
3677617 1 2 3 4 5 6 7 8 9 10 11 12 13 
3677667 1 2 3 4 5 6 7 8 9 10 11 12 13 
3677717 1 2 3 4 5 6 7 8 9 10 11 12 13 
3677767 1 2 3 4 5 6 7 8 9 10 11 12 13 
3677817 1 2 3 4 5 6 7 8 9 10 11 12 13 
3677867 1 2 3 4 5 6 7 8 9 10 11 12 13 
3677917 1 2 3 4 5 6 7 8 9 10 11 12 13 
3677967 1 2 3 4 5 6 7 8 9 10 11 12 13 
3678018 1 2 3 4 5 6 7 8 9 10 11 12 13 
3678068 1 2 3 4 5 6 7 8 9 10 11 12 13 
3678118 1 2 3 4 5 6 7 8 9 10 11 12 13 
3678168 1 2 3 4 5 6 7 8 9 10 11 12 13 
3678218 1 2 3 4 5 6 7 8 9 10 11 12 13 
3678268 1 2 3 4 5 6 7 8 9 10 11 12 13 
3678318 1 2 3 4 5 6 7 8 9 10 11 12 13 
3678368 1 2 3 4 5 6 7 8 9 10 11 12 13 
3678418 1 2 3 4 5 6 7 8 9 10 11 12 13 
3678468 1 2 3 4 5 6 7 8 9 10 11 12 13 
3678518 1 2 3 4 5 6 7 8 9 10 11 12 13 
3678569 1 2 3 4 5 6 7 8 9 10 11 12 13 
3678619 1 2 3 4 5 6 7 8 9 10 11 12 13 
3678669 1 2 3 4 5 6 7 8 9 10 11 12 13 
3678719 1 2 3 4 5 6 7 8 9 10 11 12 13 
3678769 1 2 3 4 5 6 7 8 9 10 11 12 13 
3678819 1 2 3 4 5 6 7 8 9 10 11 12 13 
3678869 1 2 3 4 5 6 7 8 9 10 11 12 13 
3678919 1 2 3 4 5 6 7 8 9 10 11 12 13 
3678969 1 2 3 4 5 6 7 8 9 10 11 12 13 
3679019 1 2 3 4 5 6 7 8 9 10 11 12 13 
3679070 1 2 3 4 5 6 7 8 9 10 11 12 13 
3679120 1 2 3 4 5 6 7 8 9 10 11 12 13 
3679170 1 2 3 4 5 6 7 8 9 10 11 12 13 
3679220 1 2 3 4 5 6 7 8 9 10 11 12 13 
3679270 1 2 3 4 5 6 7 8 9 10 11 12 13 
3679320 1 2 3 4 5 6 7 8 9 10 11 12 13 
3679370 1 2 3 4 5 6 7 8 9 10 11 12 13 
3679420 1 2 3 4 5 6 7 8 9 10 11 12 13 
3679470 1 2 3 4 5 6 7 8 9 10 11 12 13 
3679520 1 2 3 4 5 6 7 8 9 10 11 12 13 
3679570 1 2 3 4 5 6 7 8 9 10 11 12 13 
3679621 1 2 3 4 5 6 7 8 9 10 11 12 13 
3679671 1 2 3 4 5 6 7 8 9 10 11 12 13 
3679721 1 2 3 4 5 6 7 8 9 10 11 12 13 
3679771 1 2 3 4 5 6 7 8 9 10 11 12 13 
3679821 1 2 3 4 5 6 7 8 9 10 11 12 13 
3679871 1 2 3 4 5 6 7 8 9 10 11 12 13 
3679921 1 2 3 4 5 6 7 8 9 10 11 12 13 
3679971 1 2 3 4 5 6 7 8 9 10 11 12 13 
3680021 1 2 3 4 5 6 7 8 9 10 11 12 13 
3680071 1 2 3 4 5 6 7 8 9 10 11 12 13 
3680121 1 2 3 4 5 6 7 8 9 10 11 12 13 
3680172 1 2 3 4 5 6 7 8 9 10 11 12 13 
3680222 1 2 3 4 5 6 7 8 9 10 11 12 13 
3680272 1 2 3 4 5 6 7 8 9 10 11 12 13 
3680322 1 2 3 4 5 6 7 8 9 10 11 12 13 
3680372 1 2 3 4 5 6 7 8 9 10 11 12 13 
3680422 1 2 3 4 5 6 7 8 9 10 11 12 13 
3680472 1 2 3 4 5 6 7 8 9 10 11 12 13 
3680522 1 2 3 4 5 6 7 8 9 10 11 12 13 
3680572 1 2 3 4 5 6 7 8 9 10 11 12 13 
3680622 1 2 3 4 5 6 7 8 9 10 11 12 13 
3680672 1 2 3 4 5 6 7 8 9 10 11 12 13 
3680723 1 2 3 4 5 6 7 8 9 10 11 12 13 
3680773 1 2 3 4 5 6 7 8 9 10 11 12 13 
3680823 1 2 3 4 5 6 7 8 9 10 11 12 13 
3680873 1 2 3 4 5 6 7 8 9 10 11 12 13 
3680923 1 2 3 4 5 6 7 8 9 10 11 12 13 
3680973 1 2 3 4 5 6 7 8 9 10 11 12 13 
3681023 1 2 3 4 5 6 7 8 9 10 11 12 13 
3681073 1 2 3 4 5 6 7 8 9 10 11 12 13 
3681123 1 2 3 4 5 6 7 8 9 10 11 12 13 
3681173 1 2 3 4 5 6 7 8 9 10 11 12 13 
3681224 1 2 3 4 5 6 7 8 9 10 11 12 13 
3681274 1 2 3 4 5 6 7 8 9 10 11 12 13 
3681324 1 2 3 4 5 6 7 8 9 10 11 12 13 
3681374 1 2 3 4 5 6 7 8 9 10 11 12 13 
3681424 1 2 3 4 5 6 7 8 9 10 11 12 13 
3681474 1 2 3 4 5 6 7 8 9 10 11 12 13 
3681524 1 2 3 4 5 6 7 8 9 10 11 12 13 
3681574 1 2 3 4 5 6 7 8 9 10 11 12 13 
3681624 1 2 3 4 5 6 7 8 9 10 11 12 13 
3681674 1 2 3 4 5 6 7 8 9 10 11 12 13 
3681724 1 2 3 4 5 6 7 8 9 10 11 12 13 
3681775 1 2 3 4 5 6 7 8 9 10 11 12 13 
3681825 1 2 3 4 5 6 7 8 9 10 11 12 13 
3681875 1 2 3 4 5 6 7 8 9 10 11 12 13 
3681925 1 2 3 4 5 6 7 8 9 10 11 12 13 
3681975 1 2 3 4 5 6 7 8 9 10 11 12 13 
3682025 1 2 3 4 5 6 7 8 9 10 11 12 13 
3682075 1 2 3 4 5 6 7 8 9 10 11 12 13 
3682126 1 2 3 4 5 6 7 8 9 10 11 12 13 
3682177 1 2 3 4 5 6 7 8 9 10 11 12 13 
3682227 1 2 3 4 5 6 7 8 9 10 11 12 13 
3682277 1 2 3 4 5 6 7 8 9 10 11 12 13 
3682327 1 2 3 4 5 6 7 8 9 10 11 12 13 
3682377 1 2 3 4 5 6 7 8 9 10 11 12 13 
3682427 1 2 3 4 5 6 7 8 9 10 11 12 13 
3682477 1 2 3 4 5 6 7 8 9 10 11 12 13 
3682527 1 2 3 4 5 6 7 8 9 10 11 12 13 
3682577 1 2 3 4 5 6 7 8 9 10 11 12 13 
3682627 1 2 3 4 5 6 7 8 9 10 11 12 13 
3682677 1 2 3 4 5 6 7 8 9 10 11 12 13 
3682728 1 2 3 4 5 6 7 8 9 10 11 12 13 
3682778 1 2 3 4 5 6 7 8 9 10 11 12 13 
3682828 1 2 3 4 5 6 7 8 9 10 11 12 13 
3682878 1 2 3 4 5 6 7 8 9 10 11 12 13 
3682928 1 2 3 4 5 6 7 8 9 10 11 12 13 
3682978 1 2 3 4 5 6 7 8 9 10 11 12 13 
3683028 1 2 3 4 5 6 7 8 9 10 11 12 13 
3683078 1 2 3 4 5 6 7 8 9 10 11 12 13 
3683128 1 2 3 4 5 6 7 8 9 10 11 12 13 
3683178 1 2 3 4 5 6 7 8 9 10 11 12 13 
3683228 1 2 3 4 5 6 7 8 9 10 11 12 13 
3683278 1 2 3 4 5 6 7 8 9 10 11 12 13 
3683329 1 2 3 4 5 6 7 8 9 10 11 12 13 
3683379 1 2 3 4 5 6 7 8 9 10 11 12 13 
3683429 1 2 3 4 5 6 7 8 9 10 11 12 13 
3683479 1 2 3 4 5 6 7 8 9 10 11 12 13 
3683529 1 2 3 4 5 6 7 8 9 10 11 12 13 
3683579 1 2 3 4 5 6 7 8 9 10 11 12 13 
3683629 1 2 3 4 5 6 7 8 9 10 11 12 13 
3683679 1 2 3 4 5 6 7 8 9 10 11 12 13 
3683729 1 2 3 4 5 6 7 8 9 10 11 12 13 
3683779 1 2 3 4 5 6 7 8 9 10 11 12 13 
3683830 1 2 3 4 5 6 7 8 9 10 11 12 13 
3683880 1 2 3 4 5 6 7 8 9 10 11 12 13 
3683930 1 2 3 4 5 6 7 8 9 10 11 12 13 
3683980 1 2 3 4 5 6 7 8 9 10 11 12 13 
3684030 1 2 3 4 5 6 7 8 9 10 11 12 13 
3684080 1 2 3 4 5 6 7 8 9 10 11 12 13 
3684130 1 2 3 4 5 6 7 8 9 10 11 12 13 
3684181 1 2 3 4 5 6 7 8 9 10 11 12 13 
3684231 1 2 3 4 5 6 7 8 9 10 11 12 13 
3684281 1 2 3 4 5 6 7 8 9 10 11 12 13 
3684331 1 2 3 4 5 6 7 8 9 10 11 12 13 
3684381 1 2 3 4 5 6 7 8 9 10 11 12 13 
3684431 1 2 3 4 5 6 7 8 9 10 11 12 13 
3684481 1 2 3 4 5 6 7 8 9 10 11 12 13 
3684531 1 2 3 4 5 6 7 8 9 10 11 12 13 
3684581 1 2 3 4 5 6 7 8 9 10 11 12 13 
3684632 1 2 3 4 5 6 7 8 9 10 11 12 13 
3684682 1 2 3 4 5 6 7 8 9 10 11 12 13 
3684732 1 2 3 4 5 6 7 8 9 10 11 12 13 
3684782 1 2 3 4 5 6 7 8 9 10 11 12 13 
3684832 1 2 3 4 5 6 7 8 9 10 11 12 13 
3684882 1 2 3 4 5 6 7 8 9 10 11 12 13 
3684932 1 2 3 4 5 6 7 8 9 10 11 12 -256 30222 56 2 4 6 8 9 2816 3328 -22514 256 3 5 7 9 3072 -256 14394 512 3 4 6 8 10 3328 -256 3086 256 768 5 7 8 9 11 13 14395 512 
