864859 0 0 0 0 0 0 0 0 0 0 0 108 0 
864909 0 0 0 0 0 0 0 0 0 0 0 108 0 
864959 0 0 0 0 0 0 0 0 0 0 0 108 0 
865010 0 0 0 0 0 0 0 0 0 0 0 108 0 
865060 0 0 0 0 0 0 0 0 0 0 0 108 0 
865110 0 0 0 0 0 0 0 0 0 0 0 108 0 
865160 0 0 0 0 0 0 0 0 0 0 0 108 0 
865210 0 0 0 0 0 0 0 0 0 0 0 108 0 
865260 0 0 0 0 0 0 0 0 0 0 0 108 0 
865310 0 0 0 0 0 0 0 0 0 0 0 108 0 
865360 0 0 0 0 0 0 0 0 0 0 0 108 0 
865410 0 0 0 0 0 0 0 0 0 0 0 108 0 
865461 0 0 0 0 0 0 0 0 0 0 0 108 0 
865511 0 0 0 0 0 0 0 0 0 0 0 108 0 
865561 0 0 0 0 0 0 0 0 0 0 0 108 0 
865611 0 0 0 0 0 0 0 0 0 0 0 108 0 
865661 0 0 0 0 0 0 0 0 0 0 0 108 0 
865711 0 0 0 0 0 0 0 0 0 0 0 108 0 
865761 0 0 0 0 0 0 0 0 0 0 0 108 0 
865811 0 0 0 0 0 0 0 0 0 0 0 108 0 
865861 0 0 0 0 0 0 0 0 0 0 0 108 0 
865911 0 0 0 0 0 0 0 0 0 0 0 108 0 
865961 0 0 0 0 0 0 0 0 0 0 0 108 0 
866011 0 0 0 0 0 0 0 0 0 0 0 108 0 
866062 0 0 0 0 0 0 0 0 0 0 0 108 0 
866112 0 0 0 0 0 0 0 0 0 0 0 108 0 
866162 0 0 0 0 0 0 0 0 0 0 0 108 0 
866212 0 0 0 0 0 0 0 0 0 0 0 108 0 
866262 0 0 0 0 0 0 0 0 0 0 0 108 0 
866312 0 0 0 0 0 0 0 0 0 0 0 108 0 
866362 0 0 0 0 0 0 0 0 0 0 0 108 0 
866412 0 0 0 0 0 0 0 0 0 0 0 108 0 
866462 0 0 0 0 0 0 0 0 0 0 0 108 0 
866512 0 0 0 0 0 0 0 0 0 0 0 108 0 
866562 0 0 0 0 0 0 0 0 0 0 0 108 0 
866613 0 0 0 0 0 0 0 0 0 0 0 108 0 
866663 0 0 0 0 0 0 0 0 0 0 0 108 0 
866713 0 0 0 0 0 0 0 0 0 0 0 108 0 
866763 0 0 0 0 0 0 0 0 0 0 0 108 0 
866813 0 0 0 0 0 0 0 0 0 0 0 108 0 
866864 0 0 0 0 0 0 0 0 0 0 0 108 0 
866914 0 0 0 0 0 0 0 0 0 0 0 108 0 
866964 0 0 0 0 0 0 0 0 0 0 0 108 0 
867014 0 0 0 0 0 0 0 0 0 0 0 108 0 
867064 0 0 0 0 0 0 0 0 0 0 0 108 0 
867114 0 0 0 0 0 0 0 0 0 0 0 108 0 
867164 0 0 0 0 0 0 0 0 0 0 0 108 0 
867214 0 0 0 0 0 0 0 0 0 0 0 108 0 
867264 0 0 0 0 0 0 0 0 0 0 0 108 0 
867314 0 0 0 0 0 0 0 0 0 0 0 108 0 
867364 0 0 0 0 0 0 0 0 0 0 0 108 0 
867415 0 0 0 0 0 0 0 0 0 0 0 108 0 
867465 0 0 0 0 0 0 0 0 0 0 0 108 0 
867515 0 0 0 0 0 0 0 0 0 0 0 108 0 
867568 0 0 0 0 0 0 0 0 0 0 0 108 0 
867618 0 0 0 0 0 0 0 0 0 0 0 108 0 
867668 0 0 0 0 0 0 0 0 0 0 0 108 0 
867718 0 0 0 0 0 0 0 0 0 0 0 108 0 
867768 0 0 0 0 0 0 0 0 0 0 0 108 0 
867821 0 0 0 0 0 0 0 0 0 0 0 108 0 
867871 0 0 0 0 0 0 0 0 0 0 0 108 0 
867921 0 0 0 0 0 0 0 0 0 0 0 108 0 
867971 0 0 0 0 0 0 0 0 0 0 0 108 0 
868021 0 0 0 0 0 0 0 0 0 0 0 108 0 
868071 0 0 0 0 0 0 0 0 0 0 0 108 0 
868123 0 0 0 0 0 0 0 0 0 0 0 108 0 
868173 0 0 0 0 0 0 0 0 0 0 0 108 0 
868225 0 0 0 0 0 0 0 0 0 0 0 108 0 
868275 0 0 0 0 0 0 0 0 0 0 0 108 0 
868325 0 0 0 0 0 0 0 0 0 0 0 108 0 
868375 0 0 0 0 0 0 0 0 0 0 0 108 0 
868425 0 0 0 0 0 0 0 0 0 0 0 108 0 
868477 0 0 0 0 0 0 0 0 0 0 0 108 0 
868527 0 0 0 0 0 0 0 0 0 0 0 108 0 
868577 0 0 0 0 0 0 0 0 0 0 0 108 0 
868627 0 0 0 0 0 0 0 0 0 0 0 108 0 
868677 0 0 0 0 0 0 0 0 0 0 0 108 0 
868727 0 0 0 0 0 0 0 0 0 0 0 108 0 
868777 0 0 0 0 0 0 0 0 0 0 0 108 0 
868827 0 0 0 0 0 0 0 0 0 0 0 108 0 
868877 0 0 0 0 0 0 0 0 0 0 0 108 0 
868927 0 0 0 0 0 0 0 0 0 0 0 108 0 
868977 0 0 0 0 0 0 0 0 0 0 0 108 0 
869028 0 0 0 0 0 0 0 0 0 0 0 108 0 
869078 0 0 0 0 0 0 0 0 0 0 0 108 0 
869128 0 0 0 0 0 0 0 0 0 0 0 108 0 
869178 0 0 0 0 0 0 0 0 0 0 0 108 0 
869228 0 0 0 0 0 0 0 0 0 0 0 108 0 
869278 0 0 0 0 0 0 0 0 0 0 0 108 0 
869328 0 0 0 0 0 0 0 0 0 0 0 108 0 
869378 0 0 0 0 0 0 0 0 0 0 0 108 0 
869428 0 0 0 0 0 0 0 0 0 0 0 108 0 
869478 0 0 0 0 0 0 0 0 0 0 0 108 0 
869528 0 0 0 0 0 0 0 0 0 0 0 108 0 
869579 0 0 0 0 0 0 0 0 0 0 0 108 0 
869629 0 0 0 0 0 0 0 0 0 0 0 108 0 
869679 0 0 0 0 0 0 0 0 0 0 0 108 0 
869729 0 0 0 0 0 0 0 0 0 0 0 108 0 
869781 0 0 0 0 0 0 0 0 0 0 0 108 0 
869831 0 0 0 0 0 0 0 0 0 0 0 108 0 
869881 0 0 0 0 0 0 0 0 0 0 0 108 0 
869931 0 0 0 0 0 0 0 0 0 0 0 108 0 
869981 0 0 0 0 0 0 0 0 0 0 0 108 0 
870031 0 0 0 0 0 0 0 0 0 0 0 108 0 
870081 0 0 0 0 0 0 0 0 0 0 0 108 0 
870132 0 0 0 0 0 0 0 0 0 0 0 108 0 
870185 0 0 0 0 0 0 0 0 0 0 0 108 0 
870235 0 0 0 0 0 0 0 0 0 0 0 108 0 
