9410 0 0 0 0 0 0 0 0 0 0 0 1 256 
9460 0 0 0 0 0 0 0 0 0 0 0 1 256 
9510 0 0 0 0 0 0 0 0 0 0 0 1 256 
9560 0 0 0 0 0 0 0 0 0 0 0 1 256 
9610 0 0 0 0 0 0 0 0 0 0 0 1 256 
9661 0 0 0 0 0 0 0 0 0 0 0 1 256 
9711 0 0 0 0 0 0 0 0 0 0 0 1 256 
9761 0 0 0 0 0 0 0 0 0 0 0 1 256 
9811 0 0 0 0 0 0 0 0 0 0 0 1 256 
9861 0 0 0 0 0 0 0 0 0 0 0 1 256 
9911 0 0 0 0 0 0 0 0 0 0 0 1 256 
9961 0 0 0 0 0 0 0 0 0 0 0 1 256 
10011 0 0 0 0 0 0 0 0 0 0 0 1 256 
10061 0 0 0 0 0 0 0 0 0 0 0 1 256 
10111 0 0 0 0 0 0 0 0 0 0 0 1 256 
10162 0 0 0 0 0 0 0 0 0 0 0 1 256 
10212 0 0 0 0 0 0 0 0 0 0 0 1 256 
10262 0 0 0 0 0 0 0 0 0 0 0 1 256 
10312 0 0 0 0 0 0 0 0 0 0 0 1 256 
10362 0 0 0 0 0 0 0 0 0 0 0 1 256 
10412 0 0 0 0 0 0 0 0 0 0 0 1 256 
10462 0 0 0 0 0 0 0 0 0 0 0 1 256 
10512 0 0 0 0 0 0 0 0 0 0 0 1 256 
10563 0 0 0 0 0 0 0 0 0 0 0 1 256 
10613 0 0 0 0 0 0 0 0 0 0 0 1 256 
10663 0 0 0 0 0 0 0 0 0 0 0 1 256 
10713 0 0 0 0 0 0 0 0 0 0 0 1 256 
10763 0 0 0 0 0 0 0 0 0 0 0 1 256 
10813 0 0 0 0 0 0 0 0 0 0 0 1 256 
10863 0 0 0 0 0 0 0 0 0 0 0 1 256 
10913 0 0 0 0 0 0 0 0 0 0 0 1 256 
10963 0 0 0 0 0 0 0 0 0 0 0 1 256 
11013 0 0 0 0 0 0 0 0 0 0 0 1 256 
11063 0 0 0 0 0 0 0 0 0 0 0 1 256 
11114 0 0 0 0 0 0 0 0 0 0 0 1 256 
11164 0 0 0 0 0 0 0 0 0 0 0 1 256 
11214 0 0 0 0 0 0 0 0 0 0 0 1 256 
11264 0 0 0 0 0 0 0 0 0 0 0 1 256 
11314 0 0 0 0 0 0 0 0 0 0 0 1 256 
11364 0 0 0 0 0 0 0 0 0 0 0 1 256 
11414 0 0 0 0 0 0 0 0 0 0 0 1 256 
11464 0 0 0 0 0 0 0 0 0 0 0 1 256 
11514 0 0 0 0 0 0 0 0 0 0 0 1 256 
11564 0 0 0 0 0 0 0 0 0 0 0 1 256 
11615 0 0 0 0 0 0 0 0 0 0 0 1 256 
11665 0 0 0 0 0 0 0 0 0 0 0 1 256 
11715 0 0 0 0 0 0 0 0 0 0 0 1 256 
11765 0 0 0 0 0 0 0 0 0 0 0 1 256 
11815 0 0 0 0 0 0 0 0 0 0 0 1 256 
11865 0 0 0 0 0 0 0 0 0 0 0 1 256 
11915 0 0 0 0 0 0 0 0 0 0 0 1 256 
11965 0 0 0 0 0 0 0 0 0 0 0 1 256 
12015 0 0 0 0 0 0 0 0 0 0 0 1 256 
12065 0 0 0 0 0 0 0 0 0 0 0 1 256 
12115 0 0 0 0 0 0 0 0 0 0 0 1 256 
12165 0 0 0 0 0 0 0 0 0 0 0 1 256 
12216 0 0 0 0 0 0 0 0 0 0 0 1 256 
12266 0 0 0 0 0 0 0 0 0 0 0 1 256 
12316 0 0 0 0 0 0 0 0 0 0 0 1 256 
12366 0 0 0 0 0 0 0 0 0 0 0 1 256 
12416 0 0 0 0 0 0 0 0 0 0 0 1 256 
12466 0 0 0 0 0 0 0 0 0 0 0 1 256 
12516 0 0 0 0 0 0 0 0 0 0 0 1 256 
12566 0 0 0 0 0 0 0 0 0 0 0 1 256 
12616 0 0 0 0 0 0 0 0 0 0 0 1 256 
12666 0 0 0 0 0 0 0 0 0 0 0 1 256 
12716 0 0 0 0 0 0 0 0 0 0 0 1 256 
12767 0 0 0 0 0 0 0 0 0 0 0 1 256 
12817 0 0 0 0 0 0 0 0 0 0 0 1 256 
12867 0 0 0 0 0 0 0 0 0 0 0 1 256 
12917 0 0 0 0 0 0 0 0 0 0 0 1 256 
12967 0 0 0 0 0 0 0 0 0 0 0 1 256 
13017 0 0 0 0 0 0 0 0 0 0 0 1 256 
13068 0 0 0 0 0 0 0 0 0 0 0 1 256 
13118 0 0 0 0 0 0 0 0 0 0 0 1 256 
13168 0 0 0 0 0 0 0 0 0 0 0 1 256 
13218 0 0 0 0 0 0 0 0 0 0 0 1 256 
13268 0 0 0 0 0 0 0 0 0 0 0 1 256 
13319 0 0 0 0 0 0 0 0 0 0 0 1 256 
13369 0 0 0 0 0 0 0 0 0 0 0 1 256 
13419 0 0 0 0 0 0 0 0 0 0 0 1 256 
13469 0 0 0 0 0 0 0 0 0 0 0 1 256 
13519 0 0 0 0 0 0 0 0 0 0 0 1 256 
13569 0 0 0 0 0 0 0 0 0 0 0 1 256 
13619 0 0 0 0 0 0 0 0 0 0 0 1 256 
13669 0 0 0 0 0 0 0 0 0 0 0 1 256 
13719 0 0 0 0 0 0 0 0 0 0 0 1 256 
13771 0 0 0 0 0 0 0 0 0 0 0 1 256 
13821 0 0 0 0 0 0 0 0 0 0 0 1 256 
13871 0 0 0 0 0 0 0 0 0 0 0 1 256 
13921 0 0 0 0 0 0 0 0 0 0 0 1 256 
13971 0 0 0 0 0 0 0 0 0 0 0 1 256 
14021 0 0 0 0 0 0 0 0 0 0 0 1 256 
14071 0 0 0 0 0 0 0 0 0 0 0 1 256 
14121 0 0 0 0 0 0 0 0 0 0 0 1 256 
14171 0 0 0 0 0 0 0 0 0 0 0 1 256 
14222 0 0 0 0 0 0 0 0 0 0 0 1 256 
14272 0 0 0 0 0 0 0 0 0 0 0 1 256 
14322 0 0 0 0 0 0 0 0 0 0 0 1 256 
14372 0 0 0 0 0 0 0 0 0 0 0 1 256 
14422 0 0 0 0 0 0 0 0 0 0 0 1 256 
14472 0 0 0 0 0 0 0 0 0 0 0 1 256 
14522 0 0 0 0 0 0 0 0 0 0 0 1 256 
14572 0 0 0 0 0 0 0 0 0 0 0 1 256 
14622 0 0 0 0 0 0 0 0 0 0 0 1 256 
14672 0 0 0 0 0 0 0 0 0 0 0 1 256 
14723 0 0 0 0 0 0 0 0 0 0 0 1 256 
14773 0 0 0 0 0 0 0 0 0 0 0 1 256 
