1047294 0 0 0 0 0 0 0 0 0 0 8200 8200 5 
1047344 0 0 0 0 0 0 0 0 0 0 8200 8200 5 
1047394 0 0 0 0 0 0 0 0 0 0 8200 8200 5 
1047444 0 0 0 0 0 0 0 0 0 0 8200 8200 5 
1047494 0 0 0 0 0 0 0 0 0 0 8200 8200 5 
1047544 0 0 0 0 0 0 0 0 0 0 8200 8200 5 
1047595 0 0 0 0 0 0 0 0 0 0 8200 8200 5 
1047645 0 0 0 0 0 0 0 0 0 0 8200 8200 5 
1047695 0 0 0 0 0 0 0 0 0 0 8200 8200 5 
1047745 0 0 0 0 0 0 0 0 0 0 8200 8200 5 
1047795 0 0 0 0 0 0 0 0 0 0 8200 8200 5 
1047845 0 0 0 0 0 0 0 0 0 0 8200 8200 5 
1047895 0 0 0 0 0 0 0 0 0 0 8200 8200 5 
1047945 0 0 0 0 0 0 0 0 0 0 8200 8200 5 
1047996 0 0 0 0 0 0 0 0 0 0 8200 8200 5 
1048046 0 0 0 0 0 0 0 0 0 0 8200 8200 5 
1048096 0 0 0 0 0 0 0 0 0 0 8200 8200 5 
1048146 0 0 0 0 0 0 0 0 0 0 8200 8200 5 
1048196 0 0 0 0 0 0 0 0 0 0 8200 8200 5 
1048246 0 0 0 0 0 0 0 0 0 0 8200 8200 5 
1048296 0 0 0 0 0 0 0 0 0 0 8200 8200 5 
1048346 0 0 0 0 0 0 0 0 0 0 8200 8200 5 
1048396 0 0 0 0 0 0 0 0 0 0 8200 8200 5 
1048446 0 0 0 0 0 0 0 0 0 0 8200 8200 5 
1048497 0 0 0 0 0 0 0 0 0 0 8200 8200 5 
1048547 0 0 0 0 0 0 0 0 0 0 8200 8200 5 
1048597 0 0 0 0 0 0 0 0 0 0 8200 8200 5 
1048647 0 0 0 0 0 0 0 0 0 0 8200 8200 5 
1048697 0 0 0 0 0 0 0 0 0 0 8200 8200 5 
1048747 0 0 0 0 0 0 0 0 0 0 8200 8200 5 
1048797 0 0 0 0 0 0 0 0 0 0 8200 8200 5 
1048847 0 0 0 0 0 0 0 0 0 0 8200 8200 5 
1048897 0 0 0 0 0 0 0 0 0 0 8200 8200 5 
1048947 0 0 0 0 0 0 0 0 0 0 8200 8200 5 
1048998 0 0 0 0 0 0 0 0 0 0 8200 8200 5 
1049048 0 0 0 0 0 0 0 0 0 0 8200 8200 5 
1049098 0 0 0 0 0 0 0 0 0 0 8200 8200 5 
1049148 0 0 0 0 0 0 0 0 0 0 8200 8200 5 
1049198 0 0 0 0 0 0 0 0 0 0 8200 8200 5 
1049248 0 0 0 0 0 0 0 0 0 0 8200 8200 5 
1049298 0 0 0 0 0 0 0 0 0 0 8200 8200 5 
1049348 0 0 0 0 0 0 0 0 0 0 8200 8200 5 
1049398 0 0 0 0 0 0 0 0 0 0 8200 8200 5 
1049448 0 0 0 0 0 0 0 0 0 0 8200 8200 5 
1049499 0 0 0 0 0 0 0 0 0 0 8200 8200 5 
1049549 0 0 0 0 0 0 0 0 0 0 8200 8200 5 
1049599 0 0 0 0 0 0 0 0 0 0 8200 8200 5 
1049649 0 0 0 0 0 0 0 0 0 0 8200 8200 5 
1049699 0 0 0 0 0 0 0 0 0 0 8200 8200 5 
1049749 0 0 0 0 0 0 0 0 0 0 8200 8200 5 
1049799 0 0 0 0 0 0 0 0 0 0 8200 8200 5 
1049849 0 0 0 0 0 0 0 0 0 0 8200 8200 5 
1049899 0 0 0 0 0 0 0 0 0 0 8200 8200 5 
1049949 0 0 0 0 0 0 0 0 0 0 8200 8200 5 
1049999 0 0 0 0 0 0 0 0 0 0 8200 8200 5 
1050049 0 0 0 0 0 0 0 0 0 0 8200 8200 5 
1050100 0 0 0 0 0 0 0 0 0 0 8200 8200 5 
1050150 0 0 0 0 0 0 0 0 0 0 8200 8200 5 
1050200 0 0 0 0 0 0 0 0 0 0 8200 8200 5 
1050250 0 0 0 0 0 0 0 0 0 0 8200 8200 5 
1050300 0 0 0 0 0 0 0 0 0 0 8200 8200 5 
1050350 0 0 0 0 0 0 0 0 0 0 8200 8200 5 
1050400 0 0 0 0 0 0 0 0 0 0 8200 8200 5 
1050450 0 0 0 0 0 0 0 0 0 0 8200 8200 5 
1050500 0 0 0 0 0 0 0 0 0 0 8200 8200 5 
1050550 0 0 0 0 0 0 0 0 0 0 8200 8200 5 
1050601 0 0 0 0 0 0 0 0 0 0 8200 8200 5 
1050651 0 0 0 0 0 0 0 0 0 0 8200 8200 5 
1050701 0 0 0 0 0 0 0 0 0 0 8200 8200 5 
1050751 0 0 0 0 0 0 0 0 0 0 8200 8200 5 
1050801 0 0 0 0 0 0 0 0 0 0 8200 8200 5 
1050851 0 0 0 0 0 0 0 0 0 0 8200 8200 5 
1050901 0 0 0 0 0 0 0 0 0 0 8200 8200 5 
1050951 0 0 0 0 0 0 0 0 0 0 8200 8200 5 
1051001 0 0 0 0 0 0 0 0 0 0 8200 8200 5 
1051051 0 0 0 0 0 0 0 0 0 0 8200 8200 5 
1051101 0 0 0 0 0 0 0 0 0 0 8200 8200 5 
1051152 0 0 0 0 0 0 0 0 0 0 8200 8200 5 
1051202 0 0 0 0 0 0 0 0 0 0 8200 8200 5 
1051252 0 0 0 0 0 0 0 0 0 0 8200 8200 5 
1051302 0 0 0 0 0 0 0 0 0 0 8200 8200 5 
1051352 0 0 0 0 0 0 0 0 0 0 8200 8200 5 
1051402 0 0 0 0 0 0 0 0 0 0 8200 8200 5 
1051452 0 0 0 0 0 0 0 0 0 0 8200 8200 5 
1051502 0 0 0 0 0 0 0 0 0 0 8200 8200 5 
1051552 0 0 0 0 0 0 0 0 0 0 8200 8200 5 
1051602 0 0 0 0 0 0 0 0 0 0 8200 8200 5 
1051653 0 0 0 0 0 0 0 0 0 0 8200 8200 5 
1051703 0 0 0 0 0 0 0 0 0 0 8200 8200 5 
1051753 0 0 0 0 0 0 0 0 0 0 8200 8200 5 
1051803 0 0 0 0 0 0 0 0 0 0 8200 8200 5 
1051853 0 0 0 0 0 0 0 0 0 0 8200 8200 5 
1051903 0 0 0 0 0 0 0 0 0 0 8200 8200 5 
1051953 0 0 0 0 0 0 0 0 0 0 8200 8200 5 
1052003 0 0 0 0 0 0 0 0 0 0 8200 8200 5 
1052053 0 0 0 0 0 0 0 0 0 0 8200 8200 5 
1052103 0 0 0 0 0 0 0 0 0 0 8200 8200 5 
1052153 0 0 0 0 0 0 0 0 0 0 8200 8200 5 
1052204 0 0 0 0 0 0 0 0 0 0 8200 8200 5 
1052254 0 0 0 0 0 0 0 0 0 0 8200 8200 5 
1052304 0 0 0 0 0 0 0 0 0 0 8200 8200 5 
1052354 0 0 0 0 0 0 0 0 0 0 8200 8200 5 
1052404 0 0 0 0 0 0 0 0 0 0 8200 8200 5 
1052454 0 0 0 0 0 0 0 0 0 0 8200 8200 5 
1052504 0 0 0 0 0 0 0 0 0 0 8200 8200 5 
1052554 0 0 0 0 0 0 0 0 0 0 8200 8200 5 
1052604 0 0 0 0 0 0 0 0 0 0 8200 8200 5 
1052654 0 0 0 0 0 0 0 0 0 0 8200 8200 5 
