668910 0 0 0 0 0 0 0 0 0 0 17216 16630 11437 
668960 0 0 0 0 0 0 0 0 0 0 17216 16630 11437 
669010 0 0 0 0 0 0 0 0 0 0 17216 16630 11437 
669061 0 0 0 0 0 0 0 0 0 0 17216 16630 11437 
669111 0 0 0 0 0 0 0 0 0 0 17216 16630 11437 
669161 0 0 0 0 0 0 0 0 0 0 17216 16630 11437 
669211 0 0 0 0 0 0 0 0 0 0 17216 16630 11437 
669261 0 0 0 0 0 0 0 0 0 0 17216 16630 11437 
669311 0 0 0 0 0 0 0 0 0 0 17216 16630 11437 
669361 0 0 0 0 0 0 0 0 0 0 17216 16630 11437 
669411 0 0 0 0 0 0 0 0 0 0 17216 16630 11437 
669461 0 0 0 0 0 0 0 0 0 0 17216 16630 11437 
669511 0 0 0 0 0 0 0 0 0 0 17216 16630 11437 
669562 0 0 0 0 0 0 0 0 0 0 17216 16630 11437 
669612 0 0 0 0 0 0 0 0 0 0 17216 16630 11437 
669662 0 0 0 0 0 0 0 0 0 0 17216 16630 11437 
669712 0 0 0 0 0 0 0 0 0 0 17216 16630 11437 
669762 0 0 0 0 0 0 0 0 0 0 17216 16630 11437 
669812 0 0 0 0 0 0 0 0 0 0 17216 16630 11437 
669862 0 0 0 0 0 0 0 0 0 0 17216 16630 11437 
669912 0 0 0 0 0 0 0 0 0 0 17216 16630 11437 
669962 0 0 0 0 0 0 0 0 0 0 17216 16630 11437 
670012 0 0 0 0 0 0 0 0 0 0 17216 16630 11437 
670063 0 0 0 0 0 0 0 0 0 0 17216 16630 11437 
670113 0 0 0 0 0 0 0 0 0 0 17216 16630 11437 
670163 0 0 0 0 0 0 0 0 0 0 17216 16630 11437 
670213 0 0 0 0 0 0 0 0 0 0 17216 16630 11437 
670263 0 0 0 0 0 0 0 0 0 0 17216 16630 11437 
670314 0 0 0 0 0 0 0 0 0 0 17216 16630 11437 
670364 0 0 0 0 0 0 0 0 0 0 17216 16630 11437 
670414 0 0 0 0 0 0 0 0 0 0 17216 16630 11437 
670464 0 0 0 0 0 0 0 0 0 0 17216 16630 11437 
670514 0 0 0 0 0 0 0 0 0 0 17216 16630 11437 
670564 0 0 0 0 0 0 0 0 0 0 17216 16630 11437 
670615 0 0 0 0 0 0 0 0 0 0 17216 16630 11437 
670665 0 0 0 0 0 0 0 0 0 0 17216 16630 11437 
670715 0 0 0 0 0 0 0 0 0 0 17216 16630 11437 
670766 0 0 0 0 0 0 0 0 0 0 17216 16630 11437 
670816 0 0 0 0 0 0 0 0 0 0 17216 16630 11437 
670866 0 0 0 0 0 0 0 0 0 0 17216 16630 11437 
670916 0 0 0 0 0 0 0 0 0 0 17216 16630 11437 
670966 0 0 0 0 0 0 0 0 0 0 17216 16630 11437 
671016 0 0 0 0 0 0 0 0 0 0 17216 16630 11437 
671066 0 0 0 0 0 0 0 0 0 0 17216 16630 11437 
671117 0 0 0 0 0 0 0 0 0 0 17216 16630 11437 
671167 0 0 0 0 0 0 0 0 0 0 17216 16630 11437 
671217 0 0 0 0 0 0 0 0 0 0 17216 16630 11437 
671267 0 0 0 0 0 0 0 0 0 0 17216 16630 11437 
671317 0 0 0 0 0 0 0 0 0 0 17216 16630 11437 
671367 0 0 0 0 0 0 0 0 0 0 17216 16630 11437 
671417 0 0 0 0 0 0 0 0 0 0 17216 16630 11437 
671467 0 0 0 0 0 0 0 0 0 0 17216 16630 11437 
671517 0 0 0 0 0 0 0 0 0 0 17216 16630 11437 
671568 0 0 0 0 0 0 0 0 0 0 17216 16630 11437 
671618 0 0 0 0 0 0 0 0 0 0 17216 16630 11437 
671668 0 0 0 0 0 0 0 0 0 0 17216 16630 11437 
671718 0 0 0 0 0 0 0 0 0 0 17216 16630 11437 
671768 0 0 0 0 0 0 0 0 0 0 17216 16630 11437 
671818 0 0 0 0 0 0 0 0 0 0 17216 16630 11437 
671868 0 0 0 0 0 0 0 0 0 0 17216 16630 11437 
671918 0 0 0 0 0 0 0 0 0 0 17216 16630 11437 
671968 0 0 0 0 0 0 0 0 0 0 17216 16630 11437 
672018 0 0 0 0 0 0 0 0 0 0 17216 16630 11437 
672068 0 0 0 0 0 0 0 0 0 0 17216 16630 11437 
672119 0 0 0 0 0 0 0 0 0 0 17216 16630 11437 
672169 0 0 0 0 0 0 0 0 0 0 17216 16630 11437 
672219 0 0 0 0 0 0 0 0 0 0 17216 16630 11437 
672269 0 0 0 0 0 0 0 0 0 0 17216 16630 11437 
672319 0 0 0 0 0 0 0 0 0 0 17216 16630 11437 
672369 0 0 0 0 0 0 0 0 0 0 17216 16630 11437 
672419 0 0 0 0 0 0 0 0 0 0 17216 16630 11437 
672469 0 0 0 0 0 0 0 0 0 0 17216 16630 11437 
672519 0 0 0 0 0 0 0 0 0 0 17216 16630 11437 
672569 0 0 0 0 0 0 0 0 0 0 17216 16630 11437 
672619 0 0 0 0 0 0 0 0 0 0 17216 16630 11437 
672669 0 0 0 0 0 0 0 0 0 0 17216 16630 11437 
672720 0 0 0 0 0 0 0 0 0 0 17216 16630 11437 
672770 0 0 0 0 0 0 0 0 0 0 17216 16630 11437 
672820 0 0 0 0 0 0 0 0 0 0 17216 16630 11437 
672870 0 0 0 0 0 0 0 0 0 0 17216 16630 11437 
672920 0 0 0 0 0 0 0 0 0 0 17216 16630 11437 
672970 0 0 0 0 0 0 0 0 0 0 17216 16630 11437 
673020 0 0 0 0 0 0 0 0 0 0 17216 16630 11437 
673070 0 0 0 0 0 0 0 0 0 0 17216 16630 11437 
673120 0 0 0 0 0 0 0 0 0 0 17216 16630 11437 
673170 0 0 0 0 0 0 0 0 0 0 17216 16630 11437 
673221 0 0 0 0 0 0 0 0 0 0 17216 16630 11437 
673271 0 0 0 0 0 0 0 0 0 0 17216 16630 11437 
673321 0 0 0 0 0 0 0 0 0 0 17216 16630 11437 
673371 0 0 0 0 0 0 0 0 0 0 17216 16630 11437 
673421 0 0 0 0 0 0 0 0 0 0 17216 16630 11437 
673471 0 0 0 0 0 0 0 0 0 0 17216 16630 11437 
673521 0 0 0 0 0 0 0 0 0 0 17216 16630 11437 
673571 0 0 0 0 0 0 0 0 0 0 17216 16630 11437 
673621 0 0 0 0 0 0 0 0 0 0 17216 16630 11437 
673671 0 0 0 0 0 0 0 0 0 0 17216 16630 11437 
673721 0 0 0 0 0 0 0 0 0 0 17216 16630 11437 
673772 0 0 0 0 0 0 0 0 0 0 17216 16630 11437 
673822 0 0 0 0 0 0 0 0 0 0 17216 16630 11437 
673872 0 0 0 0 0 0 0 0 0 0 17216 16630 11437 
673922 0 0 0 0 0 0 0 0 0 0 17216 16630 11437 
673972 0 0 0 0 0 0 0 0 0 0 17216 16630 11437 
674022 0 0 0 0 0 0 0 0 0 0 17216 16630 11437 
674072 0 0 0 0 0 0 0 0 0 0 17216 16630 11437 
674122 0 0 0 0 0 0 0 0 0 0 17216 16630 11437 
674172 0 0 0 0 0 0 0 0 0 0 17216 16630 11437 
674222 0 0 0 0 0 0 0 0 0 0 17216 16630 11437 
674272 0 0 0 0 0 0 0 0 0 0 17216 16630 11437 
