14174 0 0 0 0 0 0 0 0 0 0 0 0 4120 
14224 0 0 0 0 0 0 0 0 0 0 0 0 4120 
14274 0 0 0 0 0 0 0 0 0 0 0 0 4120 
14324 0 0 0 0 0 0 0 0 0 0 0 0 4120 
14375 0 0 0 0 0 0 0 0 0 0 0 0 4120 
14425 0 0 0 0 0 0 0 0 0 0 0 0 4120 
14475 0 0 0 0 0 0 0 0 0 0 0 0 4120 
14525 0 0 0 0 0 0 0 0 0 0 0 0 4120 
14575 0 0 0 0 0 0 0 0 0 0 0 0 4120 
14625 0 0 0 0 0 0 0 0 0 0 0 0 4120 
14675 0 0 0 0 0 0 0 0 0 0 0 0 4120 
14725 0 0 0 0 0 0 0 0 0 0 0 0 4120 
14775 0 0 0 0 0 0 0 0 0 0 0 0 4120 
14825 0 0 0 0 0 0 0 0 0 0 0 0 4120 
14875 0 0 0 0 0 0 0 0 0 0 0 0 4120 
14926 0 0 0 0 0 0 0 0 0 0 0 0 4120 
14976 0 0 0 0 0 0 0 0 0 0 0 0 4120 
15026 0 0 0 0 0 0 0 0 0 0 0 0 4120 
15076 0 0 0 0 0 0 0 0 0 0 0 0 4120 
15126 0 0 0 0 0 0 0 0 0 0 0 0 4120 
15176 0 0 0 0 0 0 0 0 0 0 0 0 4120 
15226 0 0 0 0 0 0 0 0 0 0 0 0 4120 
15276 0 0 0 0 0 0 0 0 0 0 0 0 4120 
15327 0 0 0 0 0 0 0 0 0 0 0 0 4120 
15377 0 0 0 0 0 0 0 0 0 0 0 0 4120 
15427 0 0 0 0 0 0 0 0 0 0 0 0 4120 
15477 0 0 0 0 0 0 0 0 0 0 0 0 4120 
15530 0 0 0 0 0 0 0 0 0 0 0 0 4120 
15580 0 0 0 0 0 0 0 0 0 0 0 0 4120 
15634 0 0 0 0 0 0 0 0 0 0 0 0 4120 
15684 0 0 0 0 0 0 0 0 0 0 0 0 4120 
15734 0 0 0 0 0 0 0 0 0 0 0 0 4120 
15784 0 0 0 0 0 0 0 0 0 0 0 0 4120 
15834 0 0 0 0 0 0 0 0 0 0 0 0 4120 
15885 0 0 0 0 0 0 0 0 0 0 0 0 4120 
15935 0 0 0 0 0 0 0 0 0 0 0 0 4120 
15985 0 0 0 0 0 0 0 0 0 0 0 0 4120 
16035 0 0 0 0 0 0 0 0 0 0 0 0 4120 
16085 0 0 0 0 0 0 0 0 0 0 0 0 4120 
16135 0 0 0 0 0 0 0 0 0 0 0 0 4120 
16185 0 0 0 0 0 0 0 0 0 0 0 0 4120 
16235 0 0 0 0 0 0 0 0 0 0 0 0 4120 
16285 0 0 0 0 0 0 0 0 0 0 0 0 4120 
16335 0 0 0 0 0 0 0 0 0 0 0 0 4120 
16385 0 0 0 0 0 0 0 0 0 0 0 0 4120 
16436 0 0 0 0 0 0 0 0 0 0 0 0 4120 
16486 0 0 0 0 0 0 0 0 0 0 0 0 4120 
16536 0 0 0 0 0 0 0 0 0 0 0 0 4120 
16586 0 0 0 0 0 0 0 0 0 0 0 0 4120 
16636 0 0 0 0 0 0 0 0 0 0 0 0 4120 
16686 0 0 0 0 0 0 0 0 0 0 0 0 4120 
16736 0 0 0 0 0 0 0 0 0 0 0 0 4120 
16787 0 0 0 0 0 0 0 0 0 0 0 0 4120 
16837 0 0 0 0 0 0 0 0 0 0 0 0 4120 
16887 0 0 0 0 0 0 0 0 0 0 0 0 4120 
16937 0 0 0 0 0 0 0 0 0 0 0 0 4120 
16987 0 0 0 0 0 0 0 0 0 0 0 0 4120 
17037 0 0 0 0 0 0 0 0 0 0 0 0 4120 
17087 0 0 0 0 0 0 0 0 0 0 0 0 4120 
17137 0 0 0 0 0 0 0 0 0 0 0 0 4120 
17187 0 0 0 0 0 0 0 0 0 0 0 0 4120 
17237 0 0 0 0 0 0 0 0 0 0 0 0 4120 
17287 0 0 0 0 0 0 0 0 0 0 0 0 4120 
17337 0 0 0 0 0 0 0 0 0 0 0 0 4120 
17388 0 0 0 0 0 0 0 0 0 0 0 0 4120 
17438 0 0 0 0 0 0 0 0 0 0 0 0 4120 
17488 0 0 0 0 0 0 0 0 0 0 0 0 4120 
17538 0 0 0 0 0 0 0 0 0 0 0 0 4120 
17589 0 0 0 0 0 0 0 0 0 0 0 0 4120 
17639 0 0 0 0 0 0 0 0 0 0 0 0 4120 
17689 0 0 0 0 0 0 0 0 0 0 0 0 4120 
17739 0 0 0 0 0 0 0 0 0 0 0 0 4120 
17789 0 0 0 0 0 0 0 0 0 0 0 0 4120 
17839 0 0 0 0 0 0 0 0 0 0 0 0 4120 
17889 0 0 0 0 0 0 0 0 0 0 0 0 4120 
17939 0 0 0 0 0 0 0 0 0 0 0 0 4120 
17989 0 0 0 0 0 0 0 0 0 0 0 0 4120 
18045 0 0 0 0 0 0 0 0 0 0 0 0 4120 
18095 0 0 0 0 0 0 0 0 0 0 0 0 4120 
18147 0 0 0 0 0 0 0 0 0 0 0 0 4120 
18198 0 0 0 0 0 0 0 0 0 0 0 0 4120 
18248 0 0 0 0 0 0 0 0 0 0 0 0 4120 
18299 0 0 0 0 0 0 0 0 0 0 0 0 4120 
18349 0 0 0 0 0 0 0 0 0 0 0 0 4120 
18399 0 0 0 0 0 0 0 0 0 0 0 0 4120 
18449 0 0 0 0 0 0 0 0 0 0 0 0 4120 
18502 0 0 0 0 0 0 0 0 0 0 0 0 4120 
18552 0 0 0 0 0 0 0 0 0 0 0 0 4120 
18602 0 0 0 0 0 0 0 0 0 0 0 0 4120 
18652 0 0 0 0 0 0 0 0 0 0 0 0 4120 
18702 0 0 0 0 0 0 0 0 0 0 0 0 4120 
18752 0 0 0 0 0 0 0 0 0 0 0 0 4120 
18802 0 0 0 0 0 0 0 0 0 0 0 0 4120 
18852 0 0 0 0 0 0 0 0 0 0 0 0 4120 
18905 0 0 0 0 0 0 0 0 0 0 0 0 4120 
18955 0 0 0 0 0 0 0 0 0 0 0 0 4120 
19005 0 0 0 0 0 0 0 0 0 0 0 0 4120 
19055 0 0 0 0 0 0 0 0 0 0 0 0 4120 
19105 0 0 0 0 0 0 0 0 0 0 0 0 4120 
19155 0 0 0 0 0 0 0 0 0 0 0 0 4120 
19205 0 0 0 0 0 0 0 0 0 0 0 0 4120 
19255 0 0 0 0 0 0 0 0 0 0 0 0 4120 
19306 0 0 0 0 0 0 0 0 0 0 0 0 4120 
19356 0 0 0 0 0 0 0 0 0 0 0 0 4120 
19406 0 0 0 0 0 0 0 0 0 0 0 0 4120 
19456 0 0 0 0 0 0 0 0 0 0 0 0 4120 
19506 0 0 0 0 0 0 0 0 0 0 0 0 4120 
19556 0 0 0 0 0 0 0 0 0 0 0 0 4120 
