925159730 925159730 0 0 0 0 526 513 408 405 428 415 
927676090 927676090 0 0 0 0 526 513 408 406 428 415 
928265696 928265696 0 0 0 0 527 514 408 406 428 415 
930155302 930155302 0 0 0 0 527 514 408 406 428 415 
930784888 930784888 0 0 0 0 527 513 409 406 428 415 
932672870 932672870 0 0 0 0 527 514 409 406 428 415 
933301680 933301680 0 0 0 0 527 514 408 406 428 415 
935191562 935191562 0 0 0 0 528 515 407 405 428 415 
935821266 935821266 0 0 0 0 528 515 407 405 428 415 
937709928 937709928 0 0 0 0 528 514 407 405 429 415 
940187258 940187258 0 0 0 0 528 514 408 406 429 415 
940973644 940973644 0 0 0 0 527 514 408 406 430 415 
942703644 942703644 0 0 0 0 527 514 408 406 430 415 
943490436 943490436 0 0 0 0 526 514 408 406 429 415 
945222436 945222436 0 0 0 0 525 515 409 406 429 415 
946009240 946009240 0 0 0 0 526 516 408 406 429 415 
947700034 947700034 0 0 0 0 526 513 408 405 429 415 
948486426 948486426 0 0 0 0 525 513 408 405 428 415 
950216708 950216708 0 0 0 0 526 514 408 405 428 415 
952734012 952734012 0 0 0 0 527 513 407 406 428 416 
953678810 953678810 0 0 0 0 527 512 407 406 429 416 
955252404 955252404 0 0 0 0 527 512 408 406 429 416 
956196802 956196802 0 0 0 0 527 514 408 406 429 416 
957730798 957730798 0 0 0 0 526 514 409 406 429 415 
958675064 958675064 0 0 0 0 526 515 409 406 429 415 
960247190 960247190 0 0 0 0 526 515 408 406 429 415 
961191580 961191580 0 0 0 0 526 514 408 406 429 414 
962764382 962764382 0 0 0 0 527 515 408 406 429 414 
965283342 965283342 0 0 0 0 527 514 409 405 429 415 
966343970 966343970 0 0 0 0 526 514 408 405 428 415 
967759166 967759166 0 0 0 0 527 514 409 405 429 415 
968860768 968860768 0 0 0 0 527 514 408 405 429 416 
970275958 970275958 0 0 0 0 527 513 408 405 429 416 
971339548 971339548 0 0 0 0 527 514 407 406 429 416 
972795150 972795150 0 0 0 0 526 514 407 406 429 416 
973858346 973858346 0 0 0 0 526 514 407 405 429 416 
975274348 975274348 0 0 0 0 526 514 407 406 429 415 
977793140 977793140 0 0 0 0 526 512 407 405 429 415 
978973136 978973136 0 0 0 0 526 513 407 405 429 415 
980310732 980310732 0 0 0 0 526 514 407 406 429 415 
981489522 981489522 0 0 0 0 526 515 408 406 429 414 
982825924 982825924 0 0 0 0 526 515 407 406 429 414 
984006722 984006722 0 0 0 0 526 514 407 406 429 414 
985304716 985304716 0 0 0 0 525 514 409 406 429 414 
986523514 986523514 0 0 0 0 525 514 409 406 429 414 
987820302 987820302 0 0 0 0 525 513 409 406 429 414 
990338688 990338688 0 0 0 0 525 514 409 406 429 414 
991597484 991597484 0 0 0 0 525 514 408 406 429 415 
992817088 992817088 0 0 0 0 526 514 408 406 429 415 
994115490 994115490 0 0 0 0 526 514 407 405 428 415 
995334680 995334680 0 0 0 0 526 514 408 405 429 415 
996634168 996634168 0 0 0 0 526 514 408 405 429 415 
997853002 997853002 0 0 0 0 526 513 407 405 429 415 
999151468 999151468 0 0 0 0 526 514 408 405 429 415 
1000332200 1000332200 0 0 0 0 526 513 408 406 429 415 
1002851062 1002851062 0 0 0 0 526 514 409 406 429 414 
1004304650 1004304650 0 0 0 0 526 514 408 406 429 414 
1005367454 1005367454 0 0 0 0 525 514 408 406 430 414 
1006824650 1006824650 0 0 0 0 525 515 407 406 430 415 
1007886240 1007886240 0 0 0 0 524 514 407 405 430 415 
1009302642 1009302642 0 0 0 0 524 514 408 405 430 415 
1010365032 1010365032 0 0 0 0 523 514 408 405 429 414 
1011820220 1011820220 0 0 0 0 523 512 408 405 428 414 
1012882630 1012882630 0 0 0 0 522 512 408 405 428 414 
1015399816 1015399816 0 0 0 0 524 511 407 406 428 414 
1016934204 1016934204 0 0 0 0 525 512 407 406 427 415 
1017877808 1017877808 0 0 0 0 525 513 407 406 427 415 
1019452204 1019452204 0 0 0 0 526 514 407 407 428 415 
1020397394 1020397394 0 0 0 0 527 514 406 407 428 415 
1021972194 1021972194 0 0 0 0 526 514 405 406 429 415 
1022915798 1022915798 0 0 0 0 527 515 406 406 429 415 
1024490188 1024490188 0 0 0 0 526 516 407 406 429 415 
1025395384 1025395384 0 0 0 0 526 515 407 406 429 414 
1027910982 1027910982 0 0 0 0 525 514 410 406 429 414 
1029563370 1029563370 0 0 0 0 525 513 409 406 429 414 
1030428968 1030428968 0 0 0 0 525 513 409 406 429 414 
1032080570 1032080570 0 0 0 0 524 515 410 406 429 414 
1032946448 1032946448 0 0 0 0 524 515 410 406 428 414 
1034598562 1034598562 0 0 0 0 524 515 410 406 428 415 
1035426158 1035426158 0 0 0 0 524 515 411 406 428 415 
1037078154 1037078154 0 0 0 0 525 514 411 406 428 415 
1037942950 1037942950 0 0 0 0 525 514 412 406 428 416 
1040460136 1040460136 0 0 0 0 525 516 408 406 427 416 
1042189338 1042189338 0 0 0 0 526 517 406 405 427 416 
1042937890 1042937890 0 0 0 0 527 516 406 405 427 416 
1044709722 1044709722 0 0 0 0 528 515 404 405 428 415 
1045457726 1045457726 0 0 0 0 528 515 405 405 428 415 
1047189314 1047189314 0 0 0 0 528 514 405 405 429 415 
1047976550 1047976550 0 0 0 0 528 514 405 405 429 415 
1049707300 1049707300 0 0 0 0 527 513 406 406 430 414 
1050456110 1050456110 0 0 0 0 527 514 407 406 430 414 
1053013302 1053013302 0 0 0 0 526 514 409 406 430 414 
1054860890 1054860890 0 0 0 0 525 515 410 407 430 414 
1055491164 1055491164 0 0 0 0 524 515 410 407 430 414 
1057378076 1057378076 0 0 0 0 524 515 409 406 429 414 
1058007742 1058007742 0 0 0 0 523 516 409 407 429 414 
1059857268 1059857268 0 0 0 0 523 517 408 406 428 415 
1060526078 1060526078 0 0 0 0 523 517 408 406 428 415 
1062375266 1062375266 0 0 0 0 524 517 408 405 427 415 
1063004870 1063004870 0 0 0 0 524 516 408 405 427 416 
1065522462 1065522462 0 0 0 0 526 514 407 405 428 416 
1067529250 1067529250 0 0 0 0 527 514 407 406 429 416 
1068040842 1068040842 0 0 0 0 527 514 407 406 429 416 
1070045730 1070045730 0 0 0 0 525 515 407 406 430 416 
1070557240 1070557240 0 0 0 0 525 515 408 406 430 415 
1072525134 1072525134 0 0 0 0 524 516 407 406 430 415 
1073036426 1073036426 0 0 0 0 524 515 408 406 429 414 
1075044826 1075044826 0 0 0 0 523 516 407 405 429 414 
1075556418 1075556418 0 0 0 0 524 516 407 405 428 414 
1078075622 1078075622 0 0 0 0 524 515 407 405 429 415 
1080160410 1080160410 0 0 0 0 524 514 408 405 428 415 
1080554028 1080554028 0 0 0 0 523 515 409 405 429 415 
1082678808 1082678808 0 0 0 0 524 515 410 406 428 416 
1083071994 1083071994 0 0 0 0 524 515 409 406 429 416 
1085198394 1085198394 0 0 0 0 525 516 409 406 428 415 
1085591192 1085591192 0 0 0 0 525 517 409 406 428 415 
1087676386 1087676386 0 0 0 0 526 517 408 406 428 415 
1088069984 1088069984 0 0 0 0 525 517 409 405 429 415 
1090588776 1090588776 0 0 0 0 525 517 408 405 429 415 
1092870774 1092870774 0 0 0 0 525 515 407 405 429 414 
1093106768 1093106768 0 0 0 0 525 515 407 405 429 414 
1095349566 1095349566 0 0 0 0 524 514 408 405 429 414 
1095585560 1095585560 0 0 0 0 524 514 408 405 429 415 
1097865558 1097865558 0 0 0 0 523 515 409 405 429 415 
1098101958 1098101958 0 0 0 0 524 515 409 406 429 415 
1100384338 1100384338 0 0 0 0 524 516 410 405 429 416 
1100620738 1100620738 0 0 0 0 524 515 409 405 428 416 
1103137136 1103137136 0 0 0 0 524 516 409 405 428 417 
1105537134 1105537134 0 0 0 0 525 516 407 405 428 418 
1105615534 1105615534 0 0 0 0 525 515 408 405 428 418 
1108055126 1108055126 0 0 0 0 525 515 410 405 429 418 
1108134020 1108134020 0 0 0 0 525 515 410 405 429 418 
1110571518 1110571518 0 0 0 0 526 513 408 405 429 417 
1110650192 1110650192 0 0 0 0 526 513 408 405 428 417 
1113089904 1113089904 0 0 0 0 526 511 404 404 428 416 
1113129160 1113129160 0 0 0 0 526 511 404 404 428 416 
1115648446 1115648446 0 0 0 0 525 512 403 404 430 416 
1118165880 1118165880 0 0 0 0 522 513 405 404 431 417 
1118165880 1118165880 0 0 0 0 522 513 405 404 431 417 
1120644686 1120644686 0 0 0 0 521 510 407 405 431 415 
1120683872 1120683872 0 0 0 0 521 510 407 405 431 416 
1123161864 1123161864 0 0 0 0 520 510 409 406 430 414 
1123201470 1123201470 0 0 0 0 520 510 409 407 430 414 
1125681462 1125681462 0 0 0 0 520 512 408 407 429 414 
1125720776 1125720776 0 0 0 0 520 513 409 407 429 414 
1128161854 1128161854 0 0 0 0 520 512 407 406 429 414 
1130680640 1130680640 0 0 0 0 521 513 408 405 429 415 
1130837716 1130837716 0 0 0 0 521 513 408 406 429 414 
1133198638 1133198638 0 0 0 0 522 513 408 406 429 415 
1133355844 1133355844 0 0 0 0 522 512 408 405 429 415 
1135716630 1135716630 0 0 0 0 522 513 408 406 429 414 
1135874254 1135874254 0 0 0 0 522 513 408 406 429 415 
1138195828 1138195828 0 0 0 0 521 513 408 406 429 415 
1138353828 1138353828 0 0 0 0 521 513 408 406 429 415 
1140715140 1140715140 0 0 0 0 521 513 408 406 429 415 
1143233012 1143233012 0 0 0 0 521 513 408 406 429 415 
1143509406 1143509406 0 0 0 0 521 513 408 405 429 415 
1145751798 1145751798 0 0 0 0 521 512 408 406 428 415 
1146027484 1146027484 0 0 0 0 522 512 408 406 429 415 
1148232196 1148232196 0 0 0 0 521 513 408 406 429 415 
1148547382 1148547382 0 0 0 0 521 512 408 406 429 415 
1150750988 1150750988 0 0 0 0 520 513 408 406 429 414 
1151064980 1151064980 0 0 0 0 520 513 408 406 429 414 
1153267054 1153267054 0 0 0 0 520 512 408 405 429 414 
1155745366 1155745366 0 0 0 0 520 512 407 405 428 415 
1156217770 1156217770 0 0 0 0 520 512 407 405 429 414 
1158264164 1158264164 0 0 0 0 520 512 407 406 428 414 
1158697356 1158697356 0 0 0 0 521 513 408 406 428 415 
1160780950 1160780950 0 0 0 0 521 512 408 406 428 415 
1161213348 1161213348 0 0 0 0 521 512 408 406 428 415 
1163259740 1163259740 0 0 0 0 521 514 408 406 428 415 
1163732546 1163732546 0 0 0 0 522 514 408 406 428 415 
1165778826 1165778826 0 0 0 0 522 514 408 406 428 415 
1168296124 1168296124 0 0 0 0 523 513 408 405 428 415 
1168885836 1168885836 0 0 0 0 523 513 408 405 428 415 
1170813310 1170813310 0 0 0 0 523 513 409 406 428 414 
1171404520 1171404520 0 0 0 0 523 513 408 406 428 415 
1173291758 1173291758 0 0 0 0 522 512 407 405 428 415 
1173880500 1173880500 0 0 0 0 522 513 407 406 429 415 
1175808906 1175808906 0 0 0 0 522 513 407 406 429 415 
1176399604 1176399604 0 0 0 0 522 513 407 406 428 415 
1178326092 1178326092 0 0 0 0 522 512 407 406 428 414 
1180805690 1180805690 0 0 0 0 522 513 407 406 428 414 
1181552882 1181552882 0 0 0 0 522 513 407 406 428 415 
1183324482 1183324482 0 0 0 0 523 513 408 406 429 415 
1184070480 1184070480 0 0 0 0 523 514 409 406 429 415 
1185840868 1185840868 0 0 0 0 523 513 408 406 428 415 
1186588058 1186588058 0 0 0 0 523 513 408 406 428 415 
1188357552 1188357552 0 0 0 0 523 513 408 406 429 414 
1189105262 1189105262 0 0 0 0 523 513 408 406 429 415 
1190837050 1190837050 0 0 0 0 523 515 408 406 429 415 
1193356036 1193356036 0 0 0 0 523 513 408 405 429 415 
1194260840 1194260840 0 0 0 0 523 514 408 405 428 415 
1195873022 1195873022 0 0 0 0 523 513 408 405 429 415 
1196778426 1196778426 0 0 0 0 522 513 408 405 429 415 
1198352432 1198352432 0 0 0 0 522 514 408 405 429 415 
1199296424 1199296424 0 0 0 0 522 513 408 405 429 416 
1200870818 1200870818 0 0 0 0 522 513 408 405 429 415 
1201775616 1201775616 0 0 0 0 522 513 407 405 428 415 
1203388810 1203388810 0 0 0 0 522 513 408 405 428 415 
1205866926 1205866926 0 0 0 0 523 512 407 405 428 415 
1206969198 1206969198 0 0 0 0 523 512 406 406 428 414 
1208385188 1208385188 0 0 0 0 524 512 406 406 429 414 
1209485990 1209485990 0 0 0 0 523 513 407 406 429 414 
1210901578 1210901578 0 0 0 0 523 514 407 406 429 414 
1212004638 1212004638 0 0 0 0 522 513 407 406 429 414 
1213381576 1213381576 0 0 0 0 522 512 408 406 429 414 
1214481574 1214481574 0 0 0 0 522 513 408 406 429 414 
1215897168 1215897168 0 0 0 0 522 513 409 406 429 414 
1218414360 1218414360 0 0 0 0 522 514 408 406 428 414 
1219673150 1219673150 0 0 0 0 523 514 408 406 428 414 
1220932758 1220932758 0 0 0 0 523 513 408 405 428 415 
1222153948 1222153948 0 0 0 0 524 513 407 405 428 415 
1223413550 1223413550 0 0 0 0 525 514 407 405 428 415 
1224671946 1224671946 0 0 0 0 525 513 407 405 428 416 
1225929936 1225929936 0 0 0 0 524 513 407 405 429 416 
1227190056 1227190056 0 0 0 0 524 512 407 405 429 416 
1228450328 1228450328 0 0 0 0 523 513 407 405 429 416 
1230926726 1230926726 0 0 0 0 523 512 408 406 430 416 
1232301958 1232301958 0 0 0 0 523 513 407 406 429 415 
1233444310 1233444310 0 0 0 0 522 513 407 406 429 415 
1234820982 1234820982 0 0 0 0 521 513 408 405 429 415 
1235961502 1235961502 0 0 0 0 521 513 408 405 429 415 
1237338692 1237338692 0 0 0 0 521 513 408 405 429 414 
1238439888 1238439888 0 0 0 0 521 512 408 405 429 414 
1239817096 1239817096 0 0 0 0 521 512 408 405 428 415 
1240959086 1240959086 0 0 0 0 522 512 408 406 428 415 
1243474284 1243474284 0 0 0 0 522 513 408 406 428 415 
1244967480 1244967480 0 0 0 0 522 513 407 406 428 415 
1245991076 1245991076 0 0 0 0 522 512 407 406 428 415 
1247485870 1247485870 0 0 0 0 522 512 407 406 428 415 
1248469062 1248469062 0 0 0 0 523 514 408 406 428 415 
1250003450 1250003450 0 0 0 0 523 512 407 406 428 414 
1250985734 1250985734 0 0 0 0 523 513 408 406 428 414 
1252479448 1252479448 0 0 0 0 523 514 408 406 429 414 
1253503444 1253503444 0 0 0 0 523 513 407 406 429 415 
1255984236 1255984236 0 0 0 0 522 513 408 405 429 414 
1257635038 1257635038 0 0 0 0 523 513 407 406 429 414 
1258500222 1258500222 0 0 0 0 522 512 408 406 429 415 
1260152622 1260152622 0 0 0 0 522 512 407 405 429 415 
1261018214 1261018214 0 0 0 0 522 513 407 406 429 415 
1262632208 1262632208 0 0 0 0 523 513 407 406 429 415 
1263537012 1263537012 0 0 0 0 522 512 407 406 428 415 
1265149412 1265149412 0 0 0 0 522 512 408 406 428 415 
1266014496 1266014496 0 0 0 0 522 513 408 406 429 415 
1268532200 1268532200 0 0 0 0 522 513 408 406 428 415 
1270302988 1270302988 0 0 0 0 523 513 408 406 428 415 
1271051168 1271051168 0 0 0 0 522 514 408 406 428 414 
1272820986 1272820986 0 0 0 0 523 512 407 405 428 415 
1273568584 1273568584 0 0 0 0 523 513 408 405 428 415 
1275339372 1275339372 0 0 0 0 523 514 408 405 429 415 
1276047776 1276047776 0 0 0 0 523 514 407 405 429 415 
1277856970 1277856970 0 0 0 0 522 512 407 405 429 415 
1278564162 1278564162 0 0 0 0 522 512 408 405 429 415 
1281081746 1281081746 0 0 0 0 522 512 408 406 429 414 
1283008546 1283008546 0 0 0 0 522 513 408 406 428 414 
1283560144 1283560144 0 0 0 0 522 513 409 406 428 414 
1285528138 1285528138 0 0 0 0 522 513 408 406 428 414 
1286079730 1286079730 0 0 0 0 522 513 408 406 428 414 
1288048012 1288048012 0 0 0 0 523 513 408 405 428 414 
1288560128 1288560128 0 0 0 0 522 513 407 405 428 414 
1290564516 1290564516 0 0 0 0 524 512 407 405 428 415 
1291076126 1291076126 0 0 0 0 524 512 407 405 428 415 
1293596118 1293596118 0 0 0 0 524 513 408 406 429 415 
1295682498 1295682498 0 0 0 0 524 513 407 406 429 415 
1296115710 1296115710 0 0 0 0 523 513 407 406 429 415 
1298202490 1298202490 0 0 0 0 523 513 408 406 429 415 
1298595700 1298595700 0 0 0 0 523 514 408 406 429 415 
1300717800 1300717800 0 0 0 0 522 512 408 406 429 415 
1301111692 1301111692 0 0 0 0 522 513 408 406 429 414 
1303198880 1303198880 0 0 0 0 522 513 407 406 429 414 
1303632078 1303632078 0 0 0 0 521 512 407 405 429 414 
1306109950 1306109950 0 0 0 0 522 513 408 405 428 414 
1308392344 1308392344 0 0 0 0 523 513 409 406 428 414 
1308628462 1308628462 0 0 0 0 523 513 409 406 428 414 
1310873260 1310873260 0 0 0 0 524 514 407 406 428 414 
1311148452 1311148452 0 0 0 0 524 514 408 406 428 414 
1313390132 1313390132 0 0 0 0 523 515 407 405 428 415 
1313626450 1313626450 0 0 0 0 524 515 407 405 428 415 
1315907230 1315907230 0 0 0 0 524 513 407 405 428 415 
1316143142 1316143142 0 0 0 0 524 513 408 405 428 415 
1318662028 1318662028 0 0 0 0 524 513 408 406 429 415 
1321062826 1321062826 0 0 0 0 523 514 408 406 429 415 
1321180818 1321180818 0 0 0 0 523 513 408 406 429 415 
1323539618 1323539618 0 0 0 0 523 513 407 405 429 415 
1323657216 1323657216 0 0 0 0 523 513 407 405 429 415 
1326056008 1326056008 0 0 0 0 523 513 408 406 429 414 
1326174008 1326174008 0 0 0 0 523 513 407 405 429 414 
1328572120 1328572120 0 0 0 0 522 513 408 406 429 415 
1328690500 1328690500 0 0 0 0 522 512 408 406 429 415 
1331169180 1331169180 0 0 0 0 522 513 408 406 429 415 
1333689576 1333689576 0 0 0 0 523 513 408 405 428 415 
1333728770 1333728770 0 0 0 0 523 513 408 405 428 415 
1336208774 1336208774 0 0 0 0 523 514 407 406 428 415 
1336208774 1336208774 0 0 0 0 523 514 407 406 428 415 
1338725966 1338725966 0 0 0 0 524 513 408 406 428 415 
1338725966 1338725966 0 0 0 0 524 513 408 406 428 415 
1341202752 1341202752 0 0 0 0 524 512 407 406 428 415 
1341242358 1341242358 0 0 0 0 524 512 408 406 429 415 
1343719536 1343719536 0 0 0 0 523 513 408 406 429 415 
