381342 0 0 0 0 0 0 0 0 0 0 0 8 0 
381392 0 0 0 0 0 0 0 0 0 0 0 8 0 
381443 0 0 0 0 0 0 0 0 0 0 0 8 0 
381494 0 0 0 0 0 0 0 0 0 0 0 8 0 
381544 0 0 0 0 0 0 0 0 0 0 0 8 0 
381594 0 0 0 0 0 0 0 0 0 0 0 8 0 
381644 0 0 0 0 0 0 0 0 0 0 0 8 0 
381695 0 0 0 0 0 0 0 0 0 0 0 8 0 
381745 0 0 0 0 0 0 0 0 0 0 0 8 0 
381796 0 0 0 0 0 0 0 0 0 0 0 8 0 
381846 0 0 0 0 0 0 0 0 0 0 0 8 0 
381896 0 0 0 0 0 0 0 0 0 0 0 8 0 
381946 0 0 0 0 0 0 0 0 0 0 0 8 0 
381996 0 0 0 0 0 0 0 0 0 0 0 8 0 
382046 0 0 0 0 0 0 0 0 0 0 0 8 0 
382096 0 0 0 0 0 0 0 0 0 0 0 8 0 
382146 0 0 0 0 0 0 0 0 0 0 0 8 0 
382196 0 0 0 0 0 0 0 0 0 0 0 8 0 
382247 0 0 0 0 0 0 0 0 0 0 0 8 0 
382297 0 0 0 0 0 0 0 0 0 0 0 8 0 
382347 0 0 0 0 0 0 0 0 0 0 0 8 0 
382397 0 0 0 0 0 0 0 0 0 0 0 8 0 
382447 0 0 0 0 0 0 0 0 0 0 0 8 0 
382497 0 0 0 0 0 0 0 0 0 0 0 8 0 
382547 0 0 0 0 0 0 0 0 0 0 0 8 0 
382597 0 0 0 0 0 0 0 0 0 0 0 8 0 
382647 0 0 0 0 0 0 0 0 0 0 0 8 0 
382698 0 0 0 0 0 0 0 0 0 0 0 8 0 
382748 0 0 0 0 0 0 0 0 0 0 0 8 0 
382798 0 0 0 0 0 0 0 0 0 0 0 8 0 
382848 0 0 0 0 0 0 0 0 0 0 0 8 0 
382898 0 0 0 0 0 0 0 0 0 0 0 8 0 
382948 0 0 0 0 0 0 0 0 0 0 0 8 0 
382999 0 0 0 0 0 0 0 0 0 0 0 8 0 
383049 0 0 0 0 0 0 0 0 0 0 0 8 0 
383099 0 0 0 0 0 0 0 0 0 0 0 8 0 
383149 0 0 0 0 0 0 0 0 0 0 0 8 0 
383199 0 0 0 0 0 0 0 0 0 0 0 8 0 
383249 0 0 0 0 0 0 0 0 0 0 0 8 0 
383300 0 0 0 0 0 0 0 0 0 0 0 8 0 
383350 0 0 0 0 0 0 0 0 0 0 0 8 0 
383400 0 0 0 0 0 0 0 0 0 0 0 8 0 
383450 0 0 0 0 0 0 0 0 0 0 0 8 0 
383500 0 0 0 0 0 0 0 0 0 0 0 8 0 
383551 0 0 0 0 0 0 0 0 0 0 0 8 0 
383601 0 0 0 0 0 0 0 0 0 0 0 8 0 
383651 0 0 0 0 0 0 0 0 0 0 0 8 0 
383701 0 0 0 0 0 0 0 0 0 0 0 8 0 
383751 0 0 0 0 0 0 0 0 0 0 0 8 0 
383801 0 0 0 0 0 0 0 0 0 0 0 8 0 
383852 0 0 0 0 0 0 0 0 0 0 0 8 0 
383902 0 0 0 0 0 0 0 0 0 0 0 8 0 
383954 0 0 0 0 0 0 0 0 0 0 0 8 0 
384004 0 0 0 0 0 0 0 0 0 0 0 8 0 
384055 0 0 0 0 0 0 0 0 0 0 0 8 0 
384105 0 0 0 0 0 0 0 0 0 0 0 8 0 
384156 0 0 0 0 0 0 0 0 0 0 0 8 0 
384206 0 0 0 0 0 0 0 0 0 0 0 8 0 
384256 0 0 0 0 0 0 0 0 0 0 0 8 0 
384307 0 0 0 0 0 0 0 0 0 0 0 8 0 
384357 0 0 0 0 0 0 0 0 0 0 0 8 0 
384407 0 0 0 0 0 0 0 0 0 0 0 8 0 
384458 0 0 0 0 0 0 0 0 0 0 0 8 0 
384508 0 0 0 0 0 0 0 0 0 0 0 8 0 
384561 0 0 0 0 0 0 0 0 0 0 0 8 0 
384613 0 0 0 0 0 0 0 0 0 0 0 8 0 
384663 0 0 0 0 0 0 0 0 0 0 0 8 0 
384713 0 0 0 0 0 0 0 0 0 0 0 8 0 
384763 0 0 0 0 0 0 0 0 0 0 0 8 0 
384813 0 0 0 0 0 0 0 0 0 0 0 8 0 
384863 0 0 0 0 0 0 0 0 0 0 0 8 0 
384914 0 0 0 0 0 0 0 0 0 0 0 8 0 
384964 0 0 0 0 0 0 0 0 0 0 0 8 0 
385014 0 0 0 0 0 0 0 0 0 0 0 8 0 
385064 0 0 0 0 0 0 0 0 0 0 0 8 0 
385115 0 0 0 0 0 0 0 0 0 0 0 8 0 
385165 0 0 0 0 0 0 0 0 0 0 0 8 0 
385217 0 0 0 0 0 0 0 0 0 0 0 8 0 
385267 0 0 0 0 0 0 0 0 0 0 0 8 0 
385318 0 0 0 0 0 0 0 0 0 0 0 8 0 
385368 0 0 0 0 0 0 0 0 0 0 0 8 0 
385418 0 0 0 0 0 0 0 0 0 0 0 8 0 
385468 0 0 0 0 0 0 0 0 0 0 0 8 0 
385518 0 0 0 0 0 0 0 0 0 0 0 8 0 
385570 0 0 0 0 0 0 0 0 0 0 0 8 0 
385620 0 0 0 0 0 0 0 0 0 0 0 8 0 
385670 0 0 0 0 0 0 0 0 0 0 0 8 0 
385720 0 0 0 0 0 0 0 0 0 0 0 8 0 
385770 0 0 0 0 0 0 0 0 0 0 0 8 0 
385821 0 0 0 0 0 0 0 0 0 0 0 8 0 
385871 0 0 0 0 0 0 0 0 0 0 0 8 0 
385921 0 0 0 0 0 0 0 0 0 0 0 8 0 
385971 0 0 0 0 0 0 0 0 0 0 0 8 0 
386021 0 0 0 0 0 0 0 0 0 0 0 8 0 
386073 0 0 0 0 0 0 0 0 0 0 0 8 0 
386123 0 0 0 0 0 0 0 0 0 0 0 8 0 
386173 0 0 0 0 0 0 0 0 0 0 0 8 0 
386223 0 0 0 0 0 0 0 0 0 0 0 8 0 
386273 0 0 0 0 0 0 0 0 0 0 0 8 0 
386326 0 0 0 0 0 0 0 0 0 0 0 8 0 
386376 0 0 0 0 0 0 0 0 0 0 0 8 0 
386426 0 0 0 0 0 0 0 0 0 0 0 8 0 
386476 0 0 0 0 0 0 0 0 0 0 0 8 0 
386526 0 0 0 0 0 0 0 0 0 0 0 8 0 
386576 0 0 0 0 0 0 0 0 0 0 0 8 0 
386626 0 0 0 0 0 0 0 0 0 0 0 8 0 
386677 0 0 0 0 0 0 0 0 0 0 0 8 0 
386727 0 0 0 0 0 0 0 0 0 0 0 8 0 
