5792823 0 0 0 0 0 0 0 0 0 0 0 0 0 
5792872 0 0 4000 0 10942 0 0 0 0 0 0 0 0 
32969 2678 0 0 0 10992 0 0 0 0 0 0 0 0 
32969 2678 0 0 0 11042 0 0 0 0 0 0 0 0 
32969 2678 0 0 0 11092 0 0 0 0 0 0 0 0 
32969 2678 0 0 0 11142 0 0 0 0 0 0 0 0 
32969 2678 0 0 0 11192 0 0 0 0 0 0 0 0 
32969 2678 0 0 0 11242 0 0 0 0 0 0 0 0 
32969 2678 0 0 0 11292 0 0 0 0 0 0 0 0 
32969 2678 0 0 0 11343 0 0 0 0 0 0 0 0 
32969 2678 0 0 0 11393 0 0 0 0 0 0 0 0 
32969 2678 0 0 0 11443 0 0 0 0 0 0 0 0 
32969 2678 0 0 0 11493 0 0 0 0 0 0 0 0 
32969 2678 0 0 0 11543 0 0 0 0 0 0 0 0 
32969 2678 0 0 0 11593 0 0 0 0 0 0 0 0 
32969 2678 0 0 0 11643 0 0 0 0 0 0 0 0 
32969 2678 0 0 0 11693 0 0 0 0 0 0 0 0 
32969 2678 0 0 0 11744 0 0 0 0 0 0 0 0 
32969 2678 0 0 0 11794 0 0 0 0 0 0 0 0 
32969 2678 0 0 0 11844 0 0 0 0 0 0 0 0 
32969 2678 0 0 0 11894 0 0 0 0 0 0 0 0 
32969 2678 0 0 0 11944 0 0 0 0 0 0 0 0 
32969 2678 0 0 0 11994 0 0 0 0 0 0 0 0 
32969 2678 0 0 0 12044 0 0 0 0 0 0 0 0 
32969 2678 0 0 0 12095 0 0 0 0 0 0 0 0 
32969 2678 0 0 0 12145 0 0 0 0 0 0 0 0 
32969 2678 0 0 0 12195 0 0 0 0 0 0 0 0 
32969 2678 0 0 0 12245 0 0 0 0 0 0 0 0 
32969 2678 0 0 0 12295 0 0 0 0 0 0 0 0 
32969 2678 0 0 0 12345 0 0 0 0 0 0 0 0 
32969 2678 0 0 0 12395 0 0 0 0 0 0 0 0 
32969 2678 0 0 0 12445 0 0 0 0 0 0 0 0 
32969 2678 0 0 0 12495 0 0 0 0 0 0 0 0 
32969 2678 0 0 0 12545 0 0 0 0 0 0 0 0 
32969 2678 0 0 0 12596 0 0 0 0 0 0 0 0 
32969 2678 0 0 0 12646 0 0 0 0 0 0 0 0 
32969 2678 0 0 0 12696 0 0 0 0 0 0 0 0 
32969 2678 0 0 0 12746 0 0 0 0 0 0 0 0 
32969 2678 0 0 0 12796 0 0 0 0 0 0 0 0 
32969 2678 0 0 0 12846 0 0 0 0 0 0 0 0 
32969 2678 0 0 0 12896 0 0 0 0 0 0 0 0 
32969 2678 0 0 0 12946 0 0 0 0 0 0 0 0 
32969 2678 0 0 0 12996 0 0 0 0 0 0 0 0 
32969 2678 0 0 0 13046 0 0 0 0 0 0 0 0 
32969 2678 0 0 0 13096 0 0 0 0 0 0 0 0 
32969 2678 0 0 0 13146 0 0 0 0 0 0 0 0 
32969 2678 0 0 0 13197 0 0 0 0 0 0 0 0 
32969 2678 0 0 0 13247 0 0 0 0 0 0 0 0 
32969 2678 0 0 0 13297 0 0 0 0 0 0 0 0 
32969 2678 0 0 0 13347 0 0 0 0 0 0 0 0 
32969 2678 0 0 0 13397 0 0 0 0 0 0 0 0 
32969 2678 0 0 0 13447 0 0 0 0 0 0 0 0 
32969 2678 0 0 0 13497 0 0 0 0 0 0 0 0 
32969 2678 0 0 0 13547 0 0 0 0 0 0 0 0 
32969 2678 0 0 0 13597 0 0 0 0 0 0 0 0 
32969 2678 0 0 0 13647 0 0 0 0 0 0 0 0 
32969 2678 0 0 0 13698 0 0 0 0 0 0 0 0 
32969 2678 0 0 0 13748 0 0 0 0 0 0 0 0 
32969 2678 0 0 0 13798 0 0 0 0 0 0 0 0 
32969 2678 0 0 0 13848 0 0 0 0 0 0 0 0 
32969 2678 0 0 0 13898 0 0 0 0 0 0 0 0 
32969 2678 0 0 0 13948 0 0 0 0 0 0 0 0 
32969 2678 0 0 0 13998 0 0 0 0 0 0 0 0 
32969 2678 0 0 0 14048 0 0 0 0 0 0 0 0 
32969 2678 0 0 0 14098 0 0 0 0 0 0 0 0 
32969 2678 0 0 0 14148 0 0 0 0 0 0 0 0 
32969 2678 0 0 0 14198 0 0 0 0 0 0 0 0 
32969 2678 0 0 0 14248 0 0 0 0 0 0 0 0 
32969 2678 0 0 0 14299 0 0 0 0 0 0 0 0 
32969 2678 0 0 0 14349 0 0 0 0 0 0 0 0 
32969 2678 0 0 0 14399 0 0 0 0 0 0 0 0 
32969 2678 0 0 0 14449 0 0 0 0 0 0 0 0 
32969 2678 0 0 0 14499 0 0 0 0 0 0 0 0 
32969 2678 0 0 0 14549 0 0 0 0 0 0 0 0 
32969 2678 0 0 0 14599 0 0 0 0 0 0 0 0 
32969 2678 0 0 0 14650 0 0 0 0 0 0 0 0 
32969 2678 0 0 0 14700 0 0 0 0 0 0 0 0 
32969 2678 0 0 0 14750 0 0 0 0 0 0 0 0 
32969 2678 0 0 0 14800 0 0 0 0 0 0 0 0 
32969 2678 0 0 0 14850 0 0 0 0 0 0 0 0 
32969 2678 0 0 0 14900 0 0 0 0 0 0 0 0 
32969 2678 0 0 0 14951 0 0 0 0 0 0 0 0 
32969 2678 0 0 0 15001 0 0 0 0 0 0 0 0 
32969 2678 0 0 0 15051 0 0 0 0 0 0 0 0 
32969 2678 0 0 0 15102 0 0 0 0 0 0 0 0 
32969 2678 0 0 0 15152 0 0 0 0 0 0 0 0 
32969 2678 0 0 0 15202 0 0 0 0 0 0 0 0 
32969 2678 0 0 0 15252 0 0 0 0 0 0 0 0 
32969 2678 0 0 0 15302 0 0 0 0 0 0 0 0 
32969 2678 0 0 0 15352 0 0 0 0 0 0 0 0 
32969 2678 0 0 0 15402 0 0 0 0 0 0 0 0 
32969 2678 0 0 0 15453 0 0 0 0 0 0 0 0 
32969 2678 0 0 0 15503 0 0 0 0 0 0 0 0 
32969 2678 0 0 0 15553 0 0 0 0 0 0 0 0 
32969 2678 0 0 0 15603 0 0 0 0 0 0 0 0 
32969 2678 0 0 0 15653 0 0 0 0 0 0 0 0 
32969 2678 0 0 0 15703 0 0 0 0 0 0 0 0 
32969 2678 0 0 0 15753 0 0 0 0 0 0 0 0 
32969 2678 0 0 0 15803 0 0 0 0 0 0 0 0 
32969 2678 0 0 0 15853 0 0 0 0 0 0 0 0 
32969 2678 0 0 0 15904 0 0 0 0 0 0 0 0 
32969 2678 0 0 0 15954 0 0 0 0 0 0 0 0 
32969 2678 0 0 0 16004 0 0 0 0 0 0 0 0 
32969 2678 0 0 0 16054 0 0 0 0 0 0 0 0 
32969 2678 0 0 0 16104 0 0 0 0 0 0 0 0 
32969 2678 0 0 0 16154 0 0 0 0 0 0 0 0 
32969 2678 0 0 0 16204 0 0 0 0 0 0 0 0 
32969 2678 0 0 0 16254 0 0 0 0 0 0 0 0 
