792840 0 0 0 0 0 0 0 0 0 0 -3942 25968 -22874 
792890 0 0 0 0 0 0 0 0 0 0 -3942 25968 -22874 
792940 0 0 0 0 0 0 0 0 0 0 -3942 25968 -22874 
792990 0 0 0 0 0 0 0 0 0 0 -3942 25968 -22874 
793040 0 0 0 0 0 0 0 0 0 0 -3942 25968 -22874 
793090 0 0 0 0 0 0 0 0 0 0 -3942 25968 -22874 
793140 0 0 0 0 0 0 0 0 0 0 -3942 25968 -22874 
793190 0 0 0 0 0 0 0 0 0 0 -3942 25968 -22874 
793240 0 0 0 0 0 0 0 0 0 0 -3942 25968 -22874 
793290 0 0 0 0 0 0 0 0 0 0 -3942 25968 -22874 
793340 0 0 0 0 0 0 0 0 0 0 -3942 25968 -22874 
793390 0 0 0 0 0 0 0 0 0 0 -3942 25968 -22874 
793441 0 0 0 0 0 0 0 0 0 0 -3942 25968 -22874 
793491 0 0 0 0 0 0 0 0 0 0 -3942 25968 -22874 
793541 0 0 0 0 0 0 0 0 0 0 -3942 25968 -22874 
793591 0 0 0 0 0 0 0 0 0 0 -3942 25968 -22874 
793641 0 0 0 0 0 0 0 0 0 0 -3942 25968 -22874 
793691 0 0 0 0 0 0 0 0 0 0 -3942 25968 -22874 
793741 0 0 0 0 0 0 0 0 0 0 -3942 25968 -22874 
793791 0 0 0 0 0 0 0 0 0 0 -3942 25968 -22874 
793841 0 0 0 0 0 0 0 0 0 0 -3942 25968 -22874 
793892 0 0 0 0 0 0 0 0 0 0 -3942 25968 -22874 
793943 0 0 0 0 0 0 0 0 0 0 -3942 25968 -22874 
793993 0 0 0 0 0 0 0 0 0 0 -3942 25968 -22874 
794044 0 0 0 0 0 0 0 0 0 0 -3942 25968 -22874 
794094 0 0 0 0 0 0 0 0 0 0 -3942 25968 -22874 
794144 0 0 0 0 0 0 0 0 0 0 -3942 25968 -22874 
794194 0 0 0 0 0 0 0 0 0 0 -3942 25968 -22874 
794244 0 0 0 0 0 0 0 0 0 0 -3942 25968 -22874 
794295 0 0 0 0 0 0 0 0 0 0 -3942 25968 -22874 
794345 0 0 0 0 0 0 0 0 0 0 -3942 25968 -22874 
794395 0 0 0 0 0 0 0 0 0 0 -3942 25968 -22874 
794445 0 0 0 0 0 0 0 0 0 0 -3942 25968 -22874 
794495 0 0 0 0 0 0 0 0 0 0 -3942 25968 -22874 
794545 0 0 0 0 0 0 0 0 0 0 -3942 25968 -22874 
794595 0 0 0 0 0 0 0 0 0 0 -3942 25968 -22874 
794645 0 0 0 0 0 0 0 0 0 0 -3942 25968 -22874 
794696 0 0 0 0 0 0 0 0 0 0 -3942 25968 -22874 
794746 0 0 0 0 0 0 0 0 0 0 -3942 25968 -22874 
794796 0 0 0 0 0 0 0 0 0 0 -3942 25968 -22874 
794846 0 0 0 0 0 0 0 0 0 0 -3942 25968 -22874 
794896 0 0 0 0 0 0 0 0 0 0 -3942 25968 -22874 
794946 0 0 0 0 0 0 0 0 0 0 -3942 25968 -22874 
794996 0 0 0 0 0 0 0 0 0 0 -3942 25968 -22874 
795046 0 0 0 0 0 0 0 0 0 0 -3942 25968 -22874 
795096 0 0 0 0 0 0 0 0 0 0 -3942 25968 -22874 
795146 0 0 0 0 0 0 0 0 0 0 -3942 25968 -22874 
795196 0 0 0 0 0 0 0 0 0 0 -3942 25968 -22874 
795246 0 0 0 0 0 0 0 0 0 0 -3942 25968 -22874 
795297 0 0 0 0 0 0 0 0 0 0 -3942 25968 -22874 
795347 0 0 0 0 0 0 0 0 0 0 -3942 25968 -22874 
795397 0 0 0 0 0 0 0 0 0 0 -3942 25968 -22874 
795447 0 0 0 0 0 0 0 0 0 0 -3942 25968 -22874 
795497 0 0 0 0 0 0 0 0 0 0 -3942 25968 -22874 
795547 0 0 0 0 0 0 0 0 0 0 -3942 25968 -22874 
795597 0 0 0 0 0 0 0 0 0 0 -3942 25968 -22874 
795647 0 0 0 0 0 0 0 0 0 0 -3942 25968 -22874 
795697 0 0 0 0 0 0 0 0 0 0 -3942 25968 -22874 
795747 0 0 0 0 0 0 0 0 0 0 -3942 25968 -22874 
795797 0 0 0 0 0 0 0 0 0 0 -3942 25968 -22874 
795847 0 0 0 0 0 0 0 0 0 0 -3942 25968 -22874 
795898 0 0 0 0 0 0 0 0 0 0 -3942 25968 -22874 
795948 0 0 0 0 0 0 0 0 0 0 -3942 25968 -22874 
795998 0 0 0 0 0 0 0 0 0 0 -3942 25968 -22874 
796048 0 0 0 0 0 0 0 0 0 0 -3942 25968 -22874 
796098 0 0 0 0 0 0 0 0 0 0 -3942 25968 -22874 
796148 0 0 0 0 0 0 0 0 0 0 -3942 25968 -22874 
796198 0 0 0 0 0 0 0 0 0 0 -3942 25968 -22874 
796248 0 0 0 0 0 0 0 0 0 0 -3942 25968 -22874 
796298 0 0 0 0 0 0 0 0 0 0 -3942 25968 -22874 
796348 0 0 0 0 0 0 0 0 0 0 -3942 25968 -22874 
796398 0 0 0 0 0 0 0 0 0 0 -3942 25968 -22874 
796449 0 0 0 0 0 0 0 0 0 0 -3942 25968 -22874 
796499 0 0 0 0 0 0 0 0 0 0 -3942 25968 -22874 
796549 0 0 0 0 0 0 0 0 0 0 -3942 25968 -22874 
796599 0 0 0 0 0 0 0 0 0 0 -3942 25968 -22874 
796649 0 0 0 0 0 0 0 0 0 0 -3942 25968 -22874 
796699 0 0 0 0 0 0 0 0 0 0 -3942 25968 -22874 
796749 0 0 0 0 0 0 0 0 0 0 -3942 25968 -22874 
796799 0 0 0 0 0 0 0 0 0 0 -3942 25968 -22874 
796849 0 0 0 0 0 0 0 0 0 0 -3942 25968 -22874 
796899 0 0 0 0 0 0 0 0 0 0 -3942 25968 -22874 
796949 0 0 0 0 0 0 0 0 0 0 -3942 25968 -22874 
797000 0 0 0 0 0 0 0 0 0 0 -3942 25968 -22874 
797050 0 0 0 0 0 0 0 0 0 0 -3942 25968 -22874 
797100 0 0 0 0 0 0 0 0 0 0 -3942 25968 -22874 
797150 0 0 0 0 0 0 0 0 0 0 -3942 25968 -22874 
797200 0 0 0 0 0 0 0 0 0 0 -3942 25968 -22874 
797250 0 0 0 0 0 0 0 0 0 0 -3942 25968 -22874 
797300 0 0 0 0 0 0 0 0 0 0 -3942 25968 -22874 
797351 0 0 0 0 0 0 0 0 0 0 -3942 25968 -22874 
797401 0 0 0 0 0 0 0 0 0 0 -3942 25968 -22874 
797451 0 0 0 0 0 0 0 0 0 0 -3942 25968 -22874 
797501 0 0 0 0 0 0 0 0 0 0 -3942 25968 -22874 
797551 0 0 0 0 0 0 0 0 0 0 -3942 25968 -22874 
797601 0 0 0 0 0 0 0 0 0 0 -3942 25968 -22874 
797651 0 0 0 0 0 0 0 0 0 0 -3942 25968 -22874 
797701 0 0 0 0 0 0 0 0 0 0 -3942 25968 -22874 
797751 0 0 0 0 0 0 0 0 0 0 -3942 25968 -22874 
797801 0 0 0 0 0 0 0 0 0 0 -3942 25968 -22874 
797852 0 0 0 0 0 0 0 0 0 0 -3942 25968 -22874 
797902 0 0 0 0 0 0 0 0 0 0 -3942 25968 -22874 
797952 0 0 0 0 0 0 0 0 0 0 -3942 25968 -22874 
798002 0 0 0 0 0 0 0 0 0 0 -3942 25968 -22874 
798052 0 0 0 0 0 0 0 0 0 0 -3942 25968 -22874 
798102 0 0 0 0 0 0 0 0 0 0 -3942 25968 -22874 
798152 0 0 0 0 0 0 0 0 0 0 -3942 25968 -22874 
798202 0 0 0 0 0 0 0 0 0 0 -3942 25968 -22874 
