2978441 0 0 0 0 0 0 0 0 0 0 -18116 3086 -32096 
2978491 0 0 0 0 0 0 0 0 0 0 -18116 3086 -32096 
2978541 0 0 0 0 0 0 0 0 0 0 -18116 3086 -32096 
2978591 0 0 0 0 0 0 0 0 0 0 -18116 3086 -32096 
2978642 0 0 0 0 0 0 0 0 0 0 -18116 3086 -32096 
2978692 0 0 0 0 0 0 0 0 0 0 -18116 3086 -32096 
2978742 0 0 0 0 0 0 0 0 0 0 -18116 3086 -32096 
2978792 0 0 0 0 0 0 0 0 0 0 -18116 3086 -32096 
2978842 0 0 0 0 0 0 0 0 0 0 -18116 3086 -32096 
2978892 0 0 0 0 0 0 0 0 0 0 -18116 3086 -32096 
2978942 0 0 0 0 0 0 0 0 0 0 -18116 3086 -32096 
2978992 0 0 0 0 0 0 0 0 0 0 -18116 3086 -32096 
2979043 0 0 0 0 0 0 0 0 0 0 -18116 3086 -32096 
2979093 0 0 0 0 0 0 0 0 0 0 -18116 3086 -32096 
2979143 0 0 0 0 0 0 0 0 0 0 -18116 3086 -32096 
2979193 0 0 0 0 0 0 0 0 0 0 -18116 3086 -32096 
2979243 0 0 0 0 0 0 0 0 0 0 -18116 3086 -32096 
2979293 0 0 0 0 0 0 0 0 0 0 -18116 3086 -32096 
2979343 0 0 0 0 0 0 0 0 0 0 -18116 3086 -32096 
2979393 0 0 0 0 0 0 0 0 0 0 -18116 3086 -32096 
2979443 0 0 0 0 0 0 0 0 0 0 -18116 3086 -32096 
2979493 0 0 0 0 0 0 0 0 0 0 -18116 3086 -32096 
2979543 0 0 0 0 0 0 0 0 0 0 -18116 3086 -32096 
2979594 0 0 0 0 0 0 0 0 0 0 -18116 3086 -32096 
2979644 0 0 0 0 0 0 0 0 0 0 -18116 3086 -32096 
2979694 0 0 0 0 0 0 0 0 0 0 -18116 3086 -32096 
2979744 0 0 0 0 0 0 0 0 0 0 -18116 3086 -32096 
2979794 0 0 0 0 0 0 0 0 0 0 -18116 3086 -32096 
2979844 0 0 0 0 0 0 0 0 0 0 -18116 3086 -32096 
2979894 0 0 0 0 0 0 0 0 0 0 -18116 3086 -32096 
2979944 0 0 0 0 0 0 0 0 0 0 -18116 3086 -32096 
2979994 0 0 0 0 0 0 0 0 0 0 -18116 3086 -32096 
2980044 0 0 0 0 0 0 0 0 0 0 -18116 3086 -32096 
2980095 0 0 0 0 0 0 0 0 0 0 -18116 3086 -32096 
2980145 0 0 0 0 0 0 0 0 0 0 -18116 3086 -32096 
2980195 0 0 0 0 0 0 0 0 0 0 -18116 3086 -32096 
2980245 0 0 0 0 0 0 0 0 0 0 -18116 3086 -32096 
2980295 0 0 0 0 0 0 0 0 0 0 -18116 3086 -32096 
2980345 0 0 0 0 0 0 0 0 0 0 -18116 3086 -32096 
2980395 0 0 0 0 0 0 0 0 0 0 -18116 3086 -32096 
2980445 0 0 0 0 0 0 0 0 0 0 -18116 3086 -32096 
2980495 0 0 0 0 0 0 0 0 0 0 -18116 3086 -32096 
2980545 0 0 0 0 0 0 0 0 0 0 -18116 3086 -32096 
2980595 0 0 0 0 0 0 0 0 0 0 -18116 3086 -32096 
2980646 0 0 0 0 0 0 0 0 0 0 -18116 3086 -32096 
2980696 0 0 0 0 0 0 0 0 0 0 -18116 3086 -32096 
2980746 0 0 0 0 0 0 0 0 0 0 -18116 3086 -32096 
2980796 0 0 0 0 0 0 0 0 0 0 -18116 3086 -32096 
2980846 0 0 0 0 0 0 0 0 0 0 -18116 3086 -32096 
2980896 0 0 0 0 0 0 0 0 0 0 -18116 3086 -32096 
2980946 0 0 0 0 0 0 0 0 0 0 -18116 3086 -32096 
2980996 0 0 0 0 0 0 0 0 0 0 -18116 3086 -32096 
2981046 0 0 0 0 0 0 0 0 0 0 -18116 3086 -32096 
2981096 0 0 0 0 0 0 0 0 0 0 -18116 3086 -32096 
2981147 0 0 0 0 0 0 0 0 0 0 -18116 3086 -32096 
2981197 0 0 0 0 0 0 0 0 0 0 -18116 3086 -32096 
2981247 0 0 0 0 0 0 0 0 0 0 -18116 3086 -32096 
2981297 0 0 0 0 0 0 0 0 0 0 -18116 3086 -32096 
2981347 0 0 0 0 0 0 0 0 0 0 -18116 3086 -32096 
2981397 0 0 0 0 0 0 0 0 0 0 -18116 3086 -32096 
2981447 0 0 0 0 0 0 0 0 0 0 -18116 3086 -32096 
2981497 0 0 0 0 0 0 0 0 0 0 -18116 3086 -32096 
2981547 0 0 0 0 0 0 0 0 0 0 -18116 3086 -32096 
2981597 0 0 0 0 0 0 0 0 0 0 -18116 3086 -32096 
2981648 0 0 0 0 0 0 0 0 0 0 -18116 3086 -32096 
2981698 0 0 0 0 0 0 0 0 0 0 -18116 3086 -32096 
2981748 0 0 0 0 0 0 0 0 0 0 -18116 3086 -32096 
2981798 0 0 0 0 0 0 0 0 0 0 -18116 3086 -32096 
2981848 0 0 0 0 0 0 0 0 0 0 -18116 3086 -32096 
2981898 0 0 0 0 0 0 0 0 0 0 -18116 3086 -32096 
2981948 0 0 0 0 0 0 0 0 0 0 -18116 3086 -32096 
2981998 0 0 0 0 0 0 0 0 0 0 -18116 3086 -32096 
2982048 0 0 0 0 0 0 0 0 0 0 -18116 3086 -32096 
2982098 0 0 0 0 0 0 0 0 0 0 -18116 3086 -32096 
2982149 0 0 0 0 0 0 0 0 0 0 -18116 3086 -32096 
2982199 0 0 0 0 0 0 0 0 0 0 -18116 3086 -32096 
2982249 0 0 0 0 0 0 0 0 0 0 -18116 3086 -32096 
2982299 0 0 0 0 0 0 0 0 0 0 -18116 3086 -32096 
2982349 0 0 0 0 0 0 0 0 0 0 -18116 3086 -32096 
2982399 0 0 0 0 0 0 0 0 0 0 -18116 3086 -32096 
2982449 0 0 0 0 0 0 0 0 0 0 -18116 3086 -32096 
2982499 0 0 0 0 0 0 0 0 0 0 -18116 3086 -32096 
2982549 0 0 0 0 0 0 0 0 0 0 -18116 3086 -32096 
2982599 0 0 0 0 0 0 0 0 0 0 -18116 3086 -32096 
2982649 0 0 0 0 0 0 0 0 0 0 -18116 3086 -32096 
2982700 0 0 0 0 0 0 0 0 0 0 -18116 3086 -32096 
2982750 0 0 0 0 0 0 0 0 0 0 -18116 3086 -32096 
2982800 0 0 0 0 0 0 0 0 0 0 -18116 3086 -32096 
2982850 0 0 0 0 0 0 0 0 0 0 -18116 3086 -32096 
2982900 0 0 0 0 0 0 0 0 0 0 -18116 3086 -32096 
2982950 0 0 0 0 0 0 0 0 0 0 -18116 3086 -32096 
2983000 0 0 0 0 0 0 0 0 0 0 -18116 3086 -32096 
2983050 0 0 0 0 0 0 0 0 0 0 -18116 3086 -32096 
2983100 0 0 0 0 0 0 0 0 0 0 -18116 3086 -32096 
2983150 0 0 0 0 0 0 0 0 0 0 -18116 3086 -32096 
2983200 0 0 0 0 0 0 0 0 0 0 -18116 3086 -32096 
2983251 0 0 0 0 0 0 0 0 0 0 -18116 3086 -32096 
2983301 0 0 0 0 0 0 0 0 0 0 -18116 3086 -32096 
2983351 0 0 0 0 0 0 0 0 0 0 -18116 3086 -32096 
2983401 0 0 0 0 0 0 0 0 0 0 -18116 3086 -32096 
2983451 0 0 0 0 0 0 0 0 0 0 -18116 3086 -32096 
2983501 0 0 0 0 0 0 0 0 0 0 -18116 3086 -32096 
2983551 0 0 0 0 0 0 0 0 0 0 -18116 3086 -32096 
2983601 0 0 0 0 0 0 0 0 0 0 -18116 3086 -32096 
2983651 0 0 0 0 0 0 0 0 0 0 -18116 3086 -32096 
2983701 0 0 0 0 0 0 0 0 0 0 -18116 3086 -32096 
2983751 0 0 0 0 0 0 0 0 0 0 -18116 3086 -32096 
2983802 0 0 0 0 0 0 0 0 0 0 -18116 3086 -32096 
