67832 0 0 0 0 0 0 0 0 0 0 0 -31358 2678 
67882 0 0 0 0 0 0 0 0 0 0 0 -31358 2678 
67932 0 0 0 0 0 0 0 0 0 0 0 -31358 2678 
67983 0 0 0 0 0 0 0 0 0 0 0 -31358 2678 
68033 0 0 0 0 0 0 0 0 0 0 0 -31358 2678 
68083 0 0 0 0 0 0 0 0 0 0 0 -31358 2678 
68133 0 0 0 0 0 0 0 0 0 0 0 -31358 2678 
68183 0 0 0 0 0 0 0 0 0 0 0 -31358 2678 
68233 0 0 0 0 0 0 0 0 0 0 0 -31358 2678 
68283 0 0 0 0 0 0 0 0 0 0 0 -31358 2678 
68333 0 0 0 0 0 0 0 0 0 0 0 -31358 2678 
68384 0 0 0 0 0 0 0 0 0 0 0 -31358 2678 
68434 0 0 0 0 0 0 0 0 0 0 0 -31358 2678 
68484 0 0 0 0 0 0 0 0 0 0 0 -31358 2678 
68534 0 0 0 0 0 0 0 0 0 0 0 -31358 2678 
68584 0 0 0 0 0 0 0 0 0 0 0 -31358 2678 
68634 0 0 0 0 0 0 0 0 0 0 0 -31358 2678 
68686 0 0 0 0 0 0 0 0 0 0 0 -31358 2678 
68736 0 0 0 0 0 0 0 0 0 0 0 -31358 2678 
68786 0 0 0 0 0 0 0 0 0 0 0 -31358 2678 
68836 0 0 0 0 0 0 0 0 0 0 0 -31358 2678 
68886 0 0 0 0 0 0 0 0 0 0 0 -31358 2678 
68936 0 0 0 0 0 0 0 0 0 0 0 -31358 2678 
68987 0 0 0 0 0 0 0 0 0 0 0 -31358 2678 
69037 0 0 0 0 0 0 0 0 0 0 0 -31358 2678 
69087 0 0 0 0 0 0 0 0 0 0 0 -31358 2678 
69137 0 0 0 0 0 0 0 0 0 0 0 -31358 2678 
69187 0 0 0 0 0 0 0 0 0 0 0 -31358 2678 
69237 0 0 0 0 0 0 0 0 0 0 0 -31358 2678 
69287 0 0 0 0 0 0 0 0 0 0 0 -31358 2678 
69337 0 0 0 0 0 0 0 0 0 0 0 -31358 2678 
69387 0 0 0 0 0 0 0 0 0 0 0 -31358 2678 
69437 0 0 0 0 0 0 0 0 0 0 0 -31358 2678 
69487 0 0 0 0 0 0 0 0 0 0 0 -31358 2678 
69538 0 0 0 0 0 0 0 0 0 0 0 -31358 2678 
69588 0 0 0 0 0 0 0 0 0 0 0 -31358 2678 
69638 0 0 0 0 0 0 0 0 0 0 0 -31358 2678 
69688 0 0 0 0 0 0 0 0 0 0 0 -31358 2678 
69738 0 0 0 0 0 0 0 0 0 0 0 -31358 2678 
69788 0 0 0 0 0 0 0 0 0 0 0 -31358 2678 
69838 0 0 0 0 0 0 0 0 0 0 0 -31358 2678 
69888 0 0 0 0 0 0 0 0 0 0 0 -31358 2678 
69938 0 0 0 0 0 0 0 0 0 0 0 -31358 2678 
69988 0 0 0 0 0 0 0 0 0 0 0 -31358 2678 
70038 0 0 0 0 0 0 0 0 0 0 0 -31358 2678 
70089 0 0 0 0 0 0 0 0 0 0 0 -31358 2678 
70139 0 0 0 0 0 0 0 0 0 0 0 -31358 2678 
70189 0 0 0 0 0 0 0 0 0 0 0 -31358 2678 
70239 0 0 0 0 0 0 0 0 0 0 0 -31358 2678 
70289 0 0 0 0 0 0 0 0 0 0 0 -31358 2678 
70339 0 0 0 0 0 0 0 0 0 0 0 -31358 2678 
70389 0 0 0 0 0 0 0 0 0 0 0 -31358 2678 
70439 0 0 0 0 0 0 0 0 0 0 0 -31358 2678 
70489 0 0 0 0 0 0 0 0 0 0 0 -31358 2678 
70539 0 0 0 0 0 0 0 0 0 0 0 -31358 2678 
70589 0 0 0 0 0 0 0 0 0 0 0 -31358 2678 
70640 0 0 0 0 0 0 0 0 0 0 0 -31358 2678 
70690 0 0 0 0 0 0 0 0 0 0 0 -31358 2678 
70740 0 0 0 0 0 0 0 0 0 0 0 -31358 2678 
70790 0 0 0 0 0 0 0 0 0 0 0 -31358 2678 
70840 0 0 0 0 0 0 0 0 0 0 0 -31358 2678 
70890 0 0 0 0 0 0 0 0 0 0 0 -31358 2678 
70940 0 0 0 0 0 0 0 0 0 0 0 -31358 2678 
70990 0 0 0 0 0 0 0 0 0 0 0 -31358 2678 
71040 0 0 0 0 0 0 0 0 0 0 0 -31358 2678 
71090 0 0 0 0 0 0 0 0 0 0 0 -31358 2678 
71140 0 0 0 0 0 0 0 0 0 0 0 -31358 2678 
71190 0 0 0 0 0 0 0 0 0 0 0 -31358 2678 
71241 0 0 0 0 0 0 0 0 0 0 0 -31358 2678 
71291 0 0 0 0 0 0 0 0 0 0 0 -31358 2678 
71341 0 0 0 0 0 0 0 0 0 0 0 -31358 2678 
71391 0 0 0 0 0 0 0 0 0 0 0 -31358 2678 
71441 0 0 0 0 0 0 0 0 0 0 0 -31358 2678 
71491 0 0 0 0 0 0 0 0 0 0 0 -31358 2678 
71541 0 0 0 0 0 0 0 0 0 0 0 -31358 2678 
71591 0 0 0 0 0 0 0 0 0 0 0 -31358 2678 
71641 0 0 0 0 0 0 0 0 0 0 0 -31358 2678 
71691 0 0 0 0 0 0 0 0 0 0 0 -31358 2678 
71741 0 0 0 0 0 0 0 0 0 0 0 -31358 2678 
71792 0 0 0 0 0 0 0 0 0 0 0 -31358 2678 
71842 0 0 0 0 0 0 0 0 0 0 0 -31358 2678 
71892 0 0 0 0 0 0 0 0 0 0 0 -31358 2678 
71942 0 0 0 0 0 0 0 0 0 0 0 -31358 2678 
71992 0 0 0 0 0 0 0 0 0 0 0 -31358 2678 
72042 0 0 0 0 0 0 0 0 0 0 0 -31358 2678 
72092 0 0 0 0 0 0 0 0 0 0 0 -31358 2678 
72142 0 0 0 0 0 0 0 0 0 0 0 -31358 2678 
72192 0 0 0 0 0 0 0 0 0 0 0 -31358 2678 
72242 0 0 0 0 0 0 0 0 0 0 0 -31358 2678 
72293 0 0 0 0 0 0 0 0 0 0 0 -31358 2678 
72343 0 0 0 0 0 0 0 0 0 0 0 -31358 2678 
72393 0 0 0 0 0 0 0 0 0 0 0 -31358 2678 
72443 0 0 0 0 0 0 0 0 0 0 0 -31358 2678 
72493 0 0 0 0 0 0 0 0 0 0 0 -31358 2678 
72543 0 0 0 0 0 0 0 0 0 0 0 -31358 2678 
72593 0 0 0 0 0 0 0 0 0 0 0 -31358 2678 
72643 0 0 0 0 0 0 0 0 0 0 0 -31358 2678 
72693 0 0 0 0 0 0 0 0 0 0 0 -31358 2678 
72743 0 0 0 0 0 0 0 0 0 0 0 -31358 2678 
72794 0 0 0 0 0 0 0 0 0 0 0 -31358 2678 
72844 0 0 0 0 0 0 0 0 0 0 0 -31358 2678 
72894 0 0 0 0 0 0 0 0 0 0 0 -31358 2678 
72944 0 0 0 0 0 0 0 0 0 0 0 -31358 2678 
72995 0 0 0 0 0 0 0 0 0 0 0 -31358 2678 
73045 0 0 0 0 0 0 0 0 0 0 0 -31358 2678 
73095 0 0 0 0 0 0 0 0 0 0 0 -31358 2678 
73145 0 0 0 0 0 0 0 0 0 0 0 -31358 2678 
73195 0 0 0 0 0 0 0 0 0 0 0 -31358 2678 
