98924 0 0 0 0 0 0 0 0 0 0 0 0 0 
98974 0 0 0 0 0 0 0 0 0 0 0 0 0 
99024 0 0 0 0 0 0 0 0 0 0 0 0 0 
99074 0 0 0 0 0 0 0 0 0 0 0 0 0 
99124 0 0 0 0 0 0 0 0 0 0 0 0 0 
99174 0 0 0 0 0 0 0 0 0 0 0 0 0 
99224 0 0 0 0 0 0 0 0 0 0 0 0 0 
99274 0 0 0 0 0 0 0 0 0 0 0 0 0 
99325 0 0 0 0 0 0 0 0 0 0 0 0 0 
99375 0 0 0 0 0 0 0 0 0 0 0 0 0 
99425 0 0 0 0 0 0 0 0 0 0 0 0 0 
99475 0 0 0 0 0 0 0 0 0 0 0 0 0 
99525 0 0 0 0 0 0 0 0 0 0 0 0 0 
99575 0 0 0 0 0 0 0 0 0 0 0 0 0 
99625 0 0 0 0 0 0 0 0 0 0 0 0 0 
99675 0 0 0 0 0 0 0 0 0 0 0 0 0 
99725 0 0 0 0 0 0 0 0 0 0 0 0 0 
99779 0 0 0 0 0 0 0 0 0 0 0 0 0 
99829 0 0 0 0 0 0 0 0 0 0 0 0 0 
99879 0 0 0 0 0 0 0 0 0 0 0 0 0 
99929 0 0 0 0 0 0 0 0 0 0 0 0 0 
99979 0 0 0 0 0 0 0 0 0 0 0 0 0 
100030 0 0 0 0 0 0 0 0 0 0 0 0 0 
100080 0 0 0 0 0 0 0 0 0 0 0 0 0 
100130 0 0 0 0 0 0 0 0 0 0 0 0 0 
100180 0 0 0 0 0 0 0 0 0 0 0 0 0 
100230 0 0 0 0 0 0 0 0 0 0 0 0 0 
100280 0 0 0 0 0 0 0 0 0 0 0 0 0 
100330 0 0 0 0 0 0 0 0 0 0 0 0 0 
100380 0 0 0 0 0 0 0 0 0 0 0 0 0 
100431 0 0 0 0 0 0 0 0 0 0 0 0 0 
100481 0 0 0 0 0 0 0 0 0 0 0 0 0 
100531 0 0 0 0 0 0 0 0 0 0 0 0 0 
100581 0 0 0 0 0 0 0 0 0 0 0 0 0 
100631 0 0 0 0 0 0 0 0 0 0 0 0 0 
100681 0 0 0 0 0 0 0 0 0 0 0 0 0 
100731 0 0 0 0 0 0 0 0 0 0 0 0 0 
100781 0 0 0 0 0 0 0 0 0 0 0 0 0 
100832 0 0 0 0 0 0 0 0 0 0 0 0 0 
100882 0 0 0 0 0 0 0 0 0 0 0 0 0 
100932 0 0 0 0 0 0 0 0 0 0 0 0 0 
100982 0 0 0 0 0 0 0 0 0 0 0 0 0 
101032 0 0 0 0 0 0 0 0 0 0 0 0 0 
101082 0 0 0 0 0 0 0 0 0 0 0 0 0 
101132 0 0 0 0 0 0 0 0 0 0 0 0 0 
101182 0 0 0 0 0 0 0 0 0 0 0 0 0 
101232 0 0 0 0 0 0 0 0 0 0 0 0 0 
101282 0 0 0 0 0 0 0 0 0 0 0 0 0 
101332 0 0 0 0 0 0 0 0 0 0 0 0 0 
101383 0 0 0 0 0 0 0 0 0 0 0 0 0 
101433 0 0 0 0 0 0 0 0 0 0 0 0 0 
101483 0 0 0 0 0 0 0 0 0 0 0 0 0 
101533 0 0 0 0 0 0 0 0 0 0 0 0 0 
101583 0 0 0 0 0 0 0 0 0 0 0 0 0 
101633 0 0 0 0 0 0 0 0 0 0 0 0 0 
101683 0 0 0 0 0 0 0 0 0 0 0 0 0 
101733 0 0 0 0 0 0 0 0 0 0 0 0 0 
101783 0 0 0 0 0 0 0 0 0 0 0 0 0 
101833 0 0 0 0 0 0 0 0 0 0 0 0 0 
101883 0 0 0 0 0 0 0 0 0 0 0 0 0 
101933 0 0 0 0 0 0 0 0 0 0 0 0 0 
101984 0 0 0 0 0 0 0 0 0 0 0 0 0 
102034 0 0 0 0 0 0 0 0 0 0 0 0 0 
102084 0 0 0 0 0 0 0 0 0 0 0 0 0 
102134 0 0 0 0 0 0 0 0 0 0 0 0 0 
102184 0 0 0 0 0 0 0 0 0 0 0 0 0 
102234 0 0 0 0 0 0 0 0 0 0 0 0 0 
102284 0 0 0 0 0 0 0 0 0 0 0 0 0 
102334 0 0 0 0 0 0 0 0 0 0 0 0 0 
102384 0 0 0 0 0 0 0 0 0 0 0 0 0 
102434 0 0 0 0 0 0 0 0 0 0 0 0 0 
102484 0 0 0 0 0 0 0 0 0 0 0 0 0 
102535 0 0 0 0 0 0 0 0 0 0 0 0 0 
102585 0 0 0 0 0 0 0 0 0 0 0 0 0 
102635 0 0 0 0 0 0 0 0 0 0 0 0 0 
102685 0 0 0 0 0 0 0 0 0 0 0 0 0 
102735 0 0 0 0 0 0 0 0 0 0 0 0 0 
102785 0 0 0 0 0 0 0 0 0 0 0 0 0 
102835 0 0 0 0 0 0 0 0 0 0 0 0 0 
102886 0 0 0 0 0 0 0 0 0 0 0 0 0 
102936 0 0 0 0 0 0 0 0 0 0 0 0 0 
102989 0 0 0 0 0 0 0 0 0 0 0 0 0 
103040 0 0 0 0 0 0 0 0 0 0 0 0 0 
103090 0 0 0 0 0 0 0 0 0 0 0 0 0 
103140 0 0 0 0 0 0 0 0 0 0 0 0 0 
103190 0 0 0 0 0 0 0 0 0 0 0 0 0 
103240 0 0 0 0 0 0 0 0 0 0 0 0 0 
103290 0 0 0 0 0 0 0 0 0 0 0 0 0 
103341 0 0 0 0 0 0 0 0 0 0 0 0 0 
103391 0 0 0 0 0 0 0 0 0 0 0 0 0 
103441 0 0 0 0 0 0 0 0 0 0 0 0 0 
103491 0 0 0 0 0 0 0 0 0 0 0 0 0 
103541 0 0 0 0 0 0 0 0 0 0 0 0 0 
103591 0 0 0 0 0 0 0 0 0 0 0 0 0 
103641 0 0 0 0 0 0 0 0 0 0 0 0 0 
103691 0 0 0 0 0 0 0 0 0 0 0 0 0 
103741 0 0 0 0 0 0 0 0 0 0 0 0 0 
103791 0 0 0 0 0 0 0 0 0 0 0 0 0 
103842 0 0 0 0 0 0 0 0 0 0 0 0 0 
103892 0 0 0 0 0 0 0 0 0 0 0 0 0 
103942 0 0 0 0 0 0 0 0 0 0 0 0 0 
103992 0 0 0 0 0 0 0 0 0 0 0 0 0 
104042 0 0 0 0 0 0 0 0 0 0 0 0 0 
104092 0 0 0 0 0 0 0 0 0 0 0 0 0 
104142 0 0 0 0 0 0 0 0 0 0 0 0 0 
104192 0 0 0 0 0 0 0 0 0 0 0 0 0 
104242 0 0 0 0 0 0 0 0 0 0 0 0 0 
104292 0 0 0 0 0 0 0 0 0 0 0 0 0 
