1068847 0 0 0 0 0 0 0 0 0 0 8200 8200 5 
1068897 0 0 0 0 0 0 0 0 0 0 8200 8200 5 
1068948 0 0 0 0 0 0 0 0 0 0 8200 8200 5 
1068998 0 0 0 0 0 0 0 0 0 0 8200 8200 5 
1069048 0 0 0 0 0 0 0 0 0 0 8200 8200 5 
1069098 0 0 0 0 0 0 0 0 0 0 8200 8200 5 
1069148 0 0 0 0 0 0 0 0 0 0 8200 8200 5 
1069198 0 0 0 0 0 0 0 0 0 0 8200 8200 5 
1069248 0 0 0 0 0 0 0 0 0 0 8200 8200 5 
1069299 0 0 0 0 0 0 0 0 0 0 8200 8200 5 
1069349 0 0 0 0 0 0 0 0 0 0 8200 8200 5 
1069399 0 0 0 0 0 0 0 0 0 0 8200 8200 5 
1069449 0 0 0 0 0 0 0 0 0 0 8200 8200 5 
1069499 0 0 0 0 0 0 0 0 0 0 8200 8200 5 
1069549 0 0 0 0 0 0 0 0 0 0 8200 8200 5 
1069599 0 0 0 0 0 0 0 0 0 0 8200 8200 5 
1069649 0 0 0 0 0 0 0 0 0 0 8200 8200 5 
1069699 0 0 0 0 0 0 0 0 0 0 8200 8200 5 
1069749 0 0 0 0 0 0 0 0 0 0 8200 8200 5 
1069799 0 0 0 0 0 0 0 0 0 0 8200 8200 5 
1069850 0 0 0 0 0 0 0 0 0 0 8200 8200 5 
1069900 0 0 0 0 0 0 0 0 0 0 8200 8200 5 
1069950 0 0 0 0 0 0 0 0 0 0 8200 8200 5 
1070000 0 0 0 0 0 0 0 0 0 0 8200 8200 5 
1070050 0 0 0 0 0 0 0 0 0 0 8200 8200 5 
1070100 0 0 0 0 0 0 0 0 0 0 8200 8200 5 
1070150 0 0 0 0 0 0 0 0 0 0 8200 8200 5 
1070200 0 0 0 0 0 0 0 0 0 0 8200 8200 5 
1070250 0 0 0 0 0 0 0 0 0 0 8200 8200 5 
1070300 0 0 0 0 0 0 0 0 0 0 8200 8200 5 
1070351 0 0 0 0 0 0 0 0 0 0 8200 8200 5 
1070401 0 0 0 0 0 0 0 0 0 0 8200 8200 5 
1070451 0 0 0 0 0 0 0 0 0 0 8200 8200 5 
1070501 0 0 0 0 0 0 0 0 0 0 8200 8200 5 
1070551 0 0 0 0 0 0 0 0 0 0 8200 8200 5 
1070601 0 0 0 0 0 0 0 0 0 0 8200 8200 5 
1070651 0 0 0 0 0 0 0 0 0 0 8200 8200 5 
1070701 0 0 0 0 0 0 0 0 0 0 8200 8200 5 
1070751 0 0 0 0 0 0 0 0 0 0 8200 8200 5 
1070801 0 0 0 0 0 0 0 0 0 0 8200 8200 5 
1070851 0 0 0 0 0 0 0 0 0 0 8200 8200 5 
1070902 0 0 0 0 0 0 0 0 0 0 8200 8200 5 
1070952 0 0 0 0 0 0 0 0 0 0 8200 8200 5 
1071002 0 0 0 0 0 0 0 0 0 0 8200 8200 5 
1071052 0 0 0 0 0 0 0 0 0 0 8200 8200 5 
1071102 0 0 0 0 0 0 0 0 0 0 8200 8200 5 
1071152 0 0 0 0 0 0 0 0 0 0 8200 8200 5 
1071202 0 0 0 0 0 0 0 0 0 0 8200 8200 5 
1071252 0 0 0 0 0 0 0 0 0 0 8200 8200 5 
1071302 0 0 0 0 0 0 0 0 0 0 8200 8200 5 
1071352 0 0 0 0 0 0 0 0 0 0 8200 8200 5 
1071402 0 0 0 0 0 0 0 0 0 0 8200 8200 5 
1071453 0 0 0 0 0 0 0 0 0 0 8200 8200 5 
1071503 0 0 0 0 0 0 0 0 0 0 8200 8200 5 
1071553 0 0 0 0 0 0 0 0 0 0 8200 8200 5 
1071603 0 0 0 0 0 0 0 0 0 0 8200 8200 5 
1071653 0 0 0 0 0 0 0 0 0 0 8200 8200 5 
1071703 0 0 0 0 0 0 0 0 0 0 8200 8200 5 
1071753 0 0 0 0 0 0 0 0 0 0 8200 8200 5 
1071803 0 0 0 0 0 0 0 0 0 0 8200 8200 5 
1071853 0 0 0 0 0 0 0 0 0 0 8200 8200 5 
1071903 0 0 0 0 0 0 0 0 0 0 8200 8200 5 
1071954 0 0 0 0 0 0 0 0 0 0 8200 8200 5 
1072004 0 0 0 0 0 0 0 0 0 0 8200 8200 5 
1072054 0 0 0 0 0 0 0 0 0 0 8200 8200 5 
1072104 0 0 0 0 0 0 0 0 0 0 8200 8200 5 
1072154 0 0 0 0 0 0 0 0 0 0 8200 8200 5 
1072204 0 0 0 0 0 0 0 0 0 0 8200 8200 5 
1072254 0 0 0 0 0 0 0 0 0 0 8200 8200 5 
1072304 0 0 0 0 0 0 0 0 0 0 8200 8200 5 
1072354 0 0 0 0 0 0 0 0 0 0 8200 8200 5 
1072404 0 0 0 0 0 0 0 0 0 0 8200 8200 5 
1072454 0 0 0 0 0 0 0 0 0 0 8200 8200 5 
1072505 0 0 0 0 0 0 0 0 0 0 8200 8200 5 
1072555 0 0 0 0 0 0 0 0 0 0 8200 8200 5 
1072605 0 0 0 0 0 0 0 0 0 0 8200 8200 5 
1072655 0 0 0 0 0 0 0 0 0 0 8200 8200 5 
1072705 0 0 0 0 0 0 0 0 0 0 8200 8200 5 
1072755 0 0 0 0 0 0 0 0 0 0 8200 8200 5 
1072805 0 0 0 0 0 0 0 0 0 0 8200 8200 5 
1072855 0 0 0 0 0 0 0 0 0 0 8200 8200 5 
1072905 0 0 0 0 0 0 0 0 0 0 8200 8200 5 
1072955 0 0 0 0 0 0 0 0 0 0 8200 8200 5 
1073005 0 0 0 0 0 0 0 0 0 0 8200 8200 5 
1073056 0 0 0 0 0 0 0 0 0 0 8200 8200 5 
1073106 0 0 0 0 0 0 0 0 0 0 8200 8200 5 
1073156 0 0 0 0 0 0 0 0 0 0 8200 8200 5 
1073206 0 0 0 0 0 0 0 0 0 0 8200 8200 5 
1073256 0 0 0 0 0 0 0 0 0 0 8200 8200 5 
1073306 0 0 0 0 0 0 0 0 0 0 8200 8200 5 
1073356 0 0 0 0 0 0 0 0 0 0 8200 8200 5 
1073406 0 0 0 0 0 0 0 0 0 0 8200 8200 5 
1073456 0 0 0 0 0 0 0 0 0 0 8200 8200 5 
1073506 0 0 0 0 0 0 0 0 0 0 8200 8200 5 
1073557 0 0 0 0 0 0 0 0 0 0 8200 8200 5 
1073607 0 0 0 0 0 0 0 0 0 0 8200 8200 5 
1073657 0 0 0 0 0 0 0 0 0 0 8200 8200 5 
1073707 0 0 0 0 0 0 0 0 0 0 8200 8200 5 
1073757 0 0 0 0 0 0 0 0 0 0 8200 8200 5 
1073807 0 0 0 0 0 0 0 0 0 0 8200 8200 5 
1073857 0 0 0 0 0 0 0 0 0 0 8200 8200 5 
1073907 0 0 0 0 0 0 0 0 0 0 8200 8200 5 
1073957 0 0 0 0 0 0 0 0 0 0 8200 8200 5 
1074007 0 0 0 0 0 0 0 0 0 0 8200 8200 5 
1074057 0 0 0 0 0 0 0 0 0 0 8200 8200 5 
1074108 0 0 0 0 0 0 0 0 0 0 8200 8200 5 
1074158 0 0 0 0 0 0 0 0 0 0 8200 8200 5 
1074208 0 0 0 0 0 0 0 0 0 0 8200 8200 5 
