894843 0 0 0 0 0 0 0 0 0 0 -32567 -31358 2678 
894893 0 0 0 0 0 0 0 0 0 0 -32567 -31358 2678 
894944 0 0 0 0 0 0 0 0 0 0 -32567 -31358 2678 
894994 0 0 0 0 0 0 0 0 0 0 -32567 -31358 2678 
895044 0 0 0 0 0 0 0 0 0 0 -32567 -31358 2678 
895094 0 0 0 0 0 0 0 0 0 0 -32567 -31358 2678 
895144 0 0 0 0 0 0 0 0 0 0 -32567 -31358 2678 
895194 0 0 0 0 0 0 0 0 0 0 -32567 -31358 2678 
895244 0 0 0 0 0 0 0 0 0 0 -32567 -31358 2678 
895294 0 0 0 0 0 0 0 0 0 0 -32567 -31358 2678 
895344 0 0 0 0 0 0 0 0 0 0 -32567 -31358 2678 
895395 0 0 0 0 0 0 0 0 0 0 -32567 -31358 2678 
895445 0 0 0 0 0 0 0 0 0 0 -32567 -31358 2678 
895495 0 0 0 0 0 0 0 0 0 0 -32567 -31358 2678 
895545 0 0 0 0 0 0 0 0 0 0 -32567 -31358 2678 
895595 0 0 0 0 0 0 0 0 0 0 -32567 -31358 2678 
895645 0 0 0 0 0 0 0 0 0 0 -32567 -31358 2678 
895695 0 0 0 0 0 0 0 0 0 0 -32567 -31358 2678 
895745 0 0 0 0 0 0 0 0 0 0 -32567 -31358 2678 
895795 0 0 0 0 0 0 0 0 0 0 -32567 -31358 2678 
895845 0 0 0 0 0 0 0 0 0 0 -32567 -31358 2678 
895896 0 0 0 0 0 0 0 0 0 0 -32567 -31358 2678 
895946 0 0 0 0 0 0 0 0 0 0 -32567 -31358 2678 
895996 0 0 0 0 0 0 0 0 0 0 -32567 -31358 2678 
896046 0 0 0 0 0 0 0 0 0 0 -32567 -31358 2678 
896096 0 0 0 0 0 0 0 0 0 0 -32567 -31358 2678 
896146 0 0 0 0 0 0 0 0 0 0 -32567 -31358 2678 
896196 0 0 0 0 0 0 0 0 0 0 -32567 -31358 2678 
896246 0 0 0 0 0 0 0 0 0 0 -32567 -31358 2678 
896296 0 0 0 0 0 0 0 0 0 0 -32567 -31358 2678 
896346 0 0 0 0 0 0 0 0 0 0 -32567 -31358 2678 
896396 0 0 0 0 0 0 0 0 0 0 -32567 -31358 2678 
896447 0 0 0 0 0 0 0 0 0 0 -32567 -31358 2678 
896497 0 0 0 0 0 0 0 0 0 0 -32567 -31358 2678 
896547 0 0 0 0 0 0 0 0 0 0 -32567 -31358 2678 
896597 0 0 0 0 0 0 0 0 0 0 -32567 -31358 2678 
896647 0 0 0 0 0 0 0 0 0 0 -32567 -31358 2678 
896697 0 0 0 0 0 0 0 0 0 0 -32567 -31358 2678 
896747 0 0 0 0 0 0 0 0 0 0 -32567 -31358 2678 
896797 0 0 0 0 0 0 0 0 0 0 -32567 -31358 2678 
896847 0 0 0 0 0 0 0 0 0 0 -32567 -31358 2678 
896897 0 0 0 0 0 0 0 0 0 0 -32567 -31358 2678 
896947 0 0 0 0 0 0 0 0 0 0 -32567 -31358 2678 
896998 0 0 0 0 0 0 0 0 0 0 -32567 -31358 2678 
897048 0 0 0 0 0 0 0 0 0 0 -32567 -31358 2678 
897098 0 0 0 0 0 0 0 0 0 0 -32567 -31358 2678 
897148 0 0 0 0 0 0 0 0 0 0 -32567 -31358 2678 
897198 0 0 0 0 0 0 0 0 0 0 -32567 -31358 2678 
897248 0 0 0 0 0 0 0 0 0 0 -32567 -31358 2678 
897298 0 0 0 0 0 0 0 0 0 0 -32567 -31358 2678 
897348 0 0 0 0 0 0 0 0 0 0 -32567 -31358 2678 
897399 0 0 0 0 0 0 0 0 0 0 -32567 -31358 2678 
897449 0 0 0 0 0 0 0 0 0 0 -32567 -31358 2678 
897500 0 0 0 0 0 0 0 0 0 0 -32567 -31358 2678 
897550 0 0 0 0 0 0 0 0 0 0 -32567 -31358 2678 
897600 0 0 0 0 0 0 0 0 0 0 -32567 -31358 2678 
897650 0 0 0 0 0 0 0 0 0 0 -32567 -31358 2678 
897700 0 0 0 0 0 0 0 0 0 0 -32567 -31358 2678 
897750 0 0 0 0 0 0 0 0 0 0 -32567 -31358 2678 
897800 0 0 0 0 0 0 0 0 0 0 -32567 -31358 2678 
897851 0 0 0 0 0 0 0 0 0 0 -32567 -31358 2678 
897901 0 0 0 0 0 0 0 0 0 0 -32567 -31358 2678 
897951 0 0 0 0 0 0 0 0 0 0 -32567 -31358 2678 
898001 0 0 0 0 0 0 0 0 0 0 -32567 -31358 2678 
898051 0 0 0 0 0 0 0 0 0 0 -32567 -31358 2678 
898101 0 0 0 0 0 0 0 0 0 0 -32567 -31358 2678 
898151 0 0 0 0 0 0 0 0 0 0 -32567 -31358 2678 
898201 0 0 0 0 0 0 0 0 0 0 -32567 -31358 2678 
898251 0 0 0 0 0 0 0 0 0 0 -32567 -31358 2678 
898301 0 0 0 0 0 0 0 0 0 0 -32567 -31358 2678 
898351 0 0 0 0 0 0 0 0 0 0 -32567 -31358 2678 
898402 0 0 0 0 0 0 0 0 0 0 -32567 -31358 2678 
898452 0 0 0 0 0 0 0 0 0 0 -32567 -31358 2678 
898502 0 0 0 0 0 0 0 0 0 0 -32567 -31358 2678 
898552 0 0 0 0 0 0 0 0 0 0 -32567 -31358 2678 
898602 0 0 0 0 0 0 0 0 0 0 -32567 -31358 2678 
898652 0 0 0 0 0 0 0 0 0 0 -32567 -31358 2678 
898702 0 0 0 0 0 0 0 0 0 0 -32567 -31358 2678 
898753 0 0 0 0 0 0 0 0 0 0 -32567 -31358 2678 
898803 0 0 0 0 0 0 0 0 0 0 -32567 -31358 2678 
898854 0 0 0 0 0 0 0 0 0 0 -32567 -31358 2678 
898904 0 0 0 0 0 0 0 0 0 0 -32567 -31358 2678 
898954 0 0 0 0 0 0 0 0 0 0 -32567 -31358 2678 
899004 0 0 0 0 0 0 0 0 0 0 -32567 -31358 2678 
899054 0 0 0 0 0 0 0 0 0 0 -32567 -31358 2678 
899104 0 0 0 0 0 0 0 0 0 0 -32567 -31358 2678 
899154 0 0 0 0 0 0 0 0 0 0 -32567 -31358 2678 
899204 0 0 0 0 0 0 0 0 0 0 -32567 -31358 2678 
899254 0 0 0 0 0 0 0 0 0 0 -32567 -31358 2678 
899304 0 0 0 0 0 0 0 0 0 0 -32567 -31358 2678 
899354 0 0 0 0 0 0 0 0 0 0 -32567 -31358 2678 
899404 0 0 0 0 0 0 0 0 0 0 -32567 -31358 2678 
899454 0 0 0 0 0 0 0 0 0 0 -32567 -31358 2678 
899505 0 0 0 0 0 0 0 0 0 0 -32567 -31358 2678 
899555 0 0 0 0 0 0 0 0 0 0 -32567 -31358 2678 
899605 0 0 0 0 0 0 0 0 0 0 -32567 -31358 2678 
899655 0 0 0 0 0 0 0 0 0 0 -32567 -31358 2678 
899705 0 0 0 0 0 0 0 0 0 0 -32567 -31358 2678 
899755 0 0 0 0 0 0 0 0 0 0 -32567 -31358 2678 
899805 0 0 0 0 0 0 0 0 0 0 -32567 -31358 2678 
899855 0 0 0 0 0 0 0 0 0 0 -32567 -31358 2678 
899905 0 0 0 0 0 0 0 0 0 0 -32567 -31358 2678 
899955 0 0 0 0 0 0 0 0 0 0 -32567 -31358 2678 
900005 0 0 0 0 0 0 0 0 0 0 -32567 -31358 2678 
900056 0 0 0 0 0 0 0 0 0 0 -32567 -31358 2678 
900106 0 0 0 0 0 0 0 0 0 0 -32567 -31358 2678 
900156 0 0 0 0 0 0 0 0 0 0 -32567 -31358 2678 
900206 0 0 0 0 0 0 0 0 0 0 -32567 -31358 2678 
