3498032 1 2 3 4 5 6 7 8 9 10 11 12 13 
3498081 1 2 3 4 5 6 7 8 9 10 11 12 13 
3498131 1 2 3 4 5 6 7 8 9 10 11 12 13 
3498181 1 2 3 4 5 6 7 8 9 10 11 12 13 
3498231 1 2 3 4 5 6 7 8 9 10 11 12 13 
3498281 1 2 3 4 5 6 7 8 9 10 11 12 13 
3498331 1 2 3 4 5 6 7 8 9 10 11 12 13 
3498382 1 2 3 4 5 6 7 8 9 10 11 12 13 
3498432 1 2 3 4 5 6 7 8 9 10 11 12 13 
3498482 1 2 3 4 5 6 7 8 9 10 11 12 13 
3498532 1 2 3 4 5 6 7 8 9 10 11 12 13 
3498582 1 2 3 4 5 6 7 8 9 10 11 12 13 
3498632 1 2 3 4 5 6 7 8 9 10 11 12 13 
3498682 1 2 3 4 5 6 7 8 9 10 11 12 13 
3498732 1 2 3 4 5 6 7 8 9 10 11 12 13 
3498782 1 2 3 4 5 6 7 8 9 10 11 12 13 
3498833 1 2 3 4 5 6 7 8 9 10 11 12 13 
3498883 1 2 3 4 5 6 7 8 9 10 11 12 13 
3498933 1 2 3 4 5 6 7 8 9 10 11 12 13 
3498983 1 2 3 4 5 6 7 8 9 10 11 12 13 
3499033 1 2 3 4 5 6 7 8 9 10 11 12 13 
3499083 1 2 3 4 5 6 7 8 9 10 11 12 13 
3499133 1 2 3 4 5 6 7 8 9 10 11 12 13 
3499183 1 2 3 4 5 6 7 8 9 10 11 12 13 
3499233 1 2 3 4 5 6 7 8 9 10 11 12 13 
3499283 1 2 3 4 5 6 7 8 9 10 11 12 13 
3499333 1 2 3 4 5 6 7 8 9 10 11 12 13 
3499384 1 2 3 4 5 6 7 8 9 10 11 12 13 
3499434 1 2 3 4 5 6 7 8 9 10 11 12 13 
3499484 1 2 3 4 5 6 7 8 9 10 11 12 13 
3499534 1 2 3 4 5 6 7 8 9 10 11 12 13 
3499584 1 2 3 4 5 6 7 8 9 10 11 12 13 
3499634 1 2 3 4 5 6 7 8 9 10 11 12 13 
3499684 1 2 3 4 5 6 7 8 9 10 11 12 13 
3499735 1 2 3 4 5 6 7 8 9 10 11 12 13 
3499785 1 2 3 4 5 6 7 8 9 10 11 12 13 
3499835 1 2 3 4 5 6 7 8 9 10 11 12 13 
3499885 1 2 3 4 5 6 7 8 9 10 11 12 13 
3499935 1 2 3 4 5 6 7 8 9 10 11 12 13 
3499985 1 2 3 4 5 6 7 8 9 10 11 12 13 
3500035 1 2 3 4 5 6 7 8 9 10 11 12 13 
3500085 1 2 3 4 5 6 7 8 9 10 11 12 13 
3500135 1 2 3 4 5 6 7 8 9 10 11 12 13 
3500185 1 2 3 4 5 6 7 8 9 10 11 12 13 
3500235 1 2 3 4 5 6 7 8 9 10 11 12 13 
3500286 1 2 3 4 5 6 7 8 9 10 11 12 13 
3500336 1 2 3 4 5 6 7 8 9 10 11 12 13 
3500386 1 2 3 4 5 6 7 8 9 10 11 12 13 
3500436 1 2 3 4 5 6 7 8 9 10 11 12 13 
3500486 1 2 3 4 5 6 7 8 9 10 11 12 13 
3500536 1 2 3 4 5 6 7 8 9 10 11 12 13 
3500586 1 2 3 4 5 6 7 8 9 10 11 12 13 
3500636 1 2 3 4 5 6 7 8 9 10 11 12 13 
3500686 1 2 3 4 5 6 7 8 9 10 11 12 13 
3500737 1 2 3 4 5 6 7 8 9 10 11 12 13 
3500791 1 2 3 4 5 6 7 8 9 10 11 12 13 
3500841 1 2 3 4 5 6 7 8 9 10 11 12 13 
3500891 1 2 3 4 5 6 7 8 9 10 11 12 13 
3500941 1 2 3 4 5 6 7 8 9 10 11 12 13 
3500991 1 2 3 4 5 6 7 8 9 10 11 12 13 
3501041 1 2 3 4 5 6 7 8 9 10 11 12 13 
3501091 1 2 3 4 5 6 7 8 9 10 11 12 13 
3501141 1 2 3 4 5 6 7 8 9 10 11 12 13 
3501192 1 2 3 4 5 6 7 8 9 10 11 12 13 
3501242 1 2 3 4 5 6 7 8 9 10 11 12 13 
3501292 1 2 3 4 5 6 7 8 9 10 11 12 13 
3501342 1 2 3 4 5 6 7 8 9 10 11 12 13 
3501392 1 2 3 4 5 6 7 8 9 10 11 12 13 
3501442 1 2 3 4 5 6 7 8 9 10 11 12 13 
3501492 1 2 3 4 5 6 7 8 9 10 11 12 13 
3501542 1 2 3 4 5 6 7 8 9 10 11 12 13 
3501592 1 2 3 4 5 6 7 8 9 10 11 12 13 
3501643 1 2 3 4 5 6 7 8 9 10 11 12 13 
3501693 1 2 3 4 5 6 7 8 9 10 11 12 13 
3501743 1 2 3 4 5 6 7 8 9 10 11 12 13 
3501793 1 2 3 4 5 6 7 8 9 10 11 12 13 
3501843 1 2 3 4 5 6 7 8 9 10 11 12 13 
3501893 1 2 3 4 5 6 7 8 9 10 11 12 13 
3501943 1 2 3 4 5 6 7 8 9 10 11 12 13 
3501993 1 2 3 4 5 6 7 8 9 10 11 12 13 
3502043 1 2 3 4 5 6 7 8 9 10 11 12 13 
3502093 1 2 3 4 5 6 7 8 9 10 11 12 13 
3502144 1 2 3 4 5 6 7 8 9 10 11 12 13 
3502194 1 2 3 4 5 6 7 8 9 10 11 12 13 
3502244 1 2 3 4 5 6 7 8 9 10 11 12 13 
3502294 1 2 3 4 5 6 7 8 9 10 11 12 13 
3502344 1 2 3 4 5 6 7 8 9 10 11 12 13 
3502394 1 2 3 4 5 6 7 8 9 10 11 12 13 
3502444 1 2 3 4 5 6 7 8 9 10 11 12 13 
3502494 1 2 3 4 5 6 7 8 9 10 11 12 13 
3502544 1 2 3 4 5 6 7 8 9 10 11 12 13 
3502594 1 2 3 4 5 6 7 8 9 10 11 12 13 
3502644 1 2 3 4 5 6 7 8 9 10 11 12 13 
3502695 1 2 3 4 5 6 7 8 9 10 11 12 13 
3502745 1 2 3 4 5 6 7 8 9 10 11 12 13 
3502795 1 2 3 4 5 6 7 8 9 10 11 12 13 
3502845 1 2 3 4 5 6 7 8 9 10 11 12 13 
3502895 1 2 3 4 5 6 7 8 9 10 11 12 13 
3502945 1 2 3 4 5 6 7 8 9 10 11 12 13 
3502995 1 2 3 4 5 6 7 8 9 10 11 12 13 
3503045 1 2 3 4 5 6 7 8 9 10 11 12 13 
3503096 1 2 3 4 5 6 7 8 9 10 11 12 13 
3503147 1 2 3 4 5 6 7 8 9 10 11 12 13 
3503197 1 2 3 4 5 6 7 8 9 10 11 12 13 
3503247 1 2 3 4 5 6 7 8 9 10 11 12 13 
3503297 1 2 3 4 5 6 7 8 9 10 11 12 13 
3503347 1 2 3 4 5 6 7 8 9 10 11 12 13 
3503397 1 2 3 4 5 6 7 8 9 10 11 12 13 
3503447 1 2 3 4 5 6 7 8 9 10 11 12 13 
3503497 1 2 3 4 5 6 7 8 9 10 11 12 13 
3503549 1 2 3 4 5 6 7 8 9 10 11 12 13 
3503599 1 2 3 4 5 6 7 8 9 10 11 12 13 
3503650 1 2 3 4 5 6 7 8 9 10 11 12 13 
3503700 1 2 3 4 5 6 7 8 9 10 11 12 13 
3503750 1 2 3 4 5 6 7 8 9 10 11 12 13 
3503800 1 2 3 4 5 6 7 8 9 10 11 12 13 
3503850 1 2 3 4 5 6 7 8 9 10 11 12 13 
3503900 1 2 3 4 5 6 7 8 9 10 11 12 13 
3503950 1 2 3 4 5 6 7 8 9 10 11 12 13 
3504000 1 2 3 4 5 6 7 8 9 10 11 12 13 
3504050 1 2 3 4 5 6 7 8 9 10 11 12 13 
3504100 1 2 3 4 5 6 7 8 9 10 11 12 13 
3504150 1 2 3 4 5 6 7 8 9 10 11 12 13 
3504200 1 2 3 4 5 6 7 8 9 10 11 12 13 
3504251 1 2 3 4 5 6 7 8 9 10 11 12 13 
3504301 1 2 3 4 5 6 7 8 9 10 11 12 13 
3504351 1 2 3 4 5 6 7 8 9 10 11 12 13 
3504401 1 2 3 4 5 6 7 8 9 10 11 12 13 
3504451 1 2 3 4 5 6 7 8 9 10 11 12 13 
3504501 1 2 3 4 5 6 7 8 9 10 11 12 13 
3504551 1 2 3 4 5 6 7 8 9 10 11 12 13 
3504601 1 2 3 4 5 6 7 8 9 10 11 12 13 
3504651 1 2 3 4 5 6 7 8 9 10 11 12 13 
3504701 1 2 3 4 5 6 7 8 9 10 11 12 13 
3504751 1 2 3 4 5 6 7 8 9 10 11 12 13 
3504802 1 2 3 4 5 6 7 8 9 10 11 12 13 
3504852 1 2 3 4 5 6 7 8 9 10 11 12 13 
3504902 1 2 3 4 5 6 7 8 9 10 11 12 13 
3504952 1 2 3 4 5 6 7 8 9 10 11 12 13 
3505002 1 2 3 4 5 6 7 8 9 10 11 12 13 
3505052 1 2 3 4 5 6 7 8 9 10 11 12 13 
3505102 1 2 3 4 5 6 7 8 9 10 11 12 13 
3505152 1 2 3 4 5 6 7 8 9 10 11 12 13 
3505202 1 2 3 4 5 6 7 8 9 10 11 12 13 
3505252 1 2 3 4 5 6 7 8 9 10 11 12 13 
3505302 1 2 3 4 5 6 7 8 9 10 11 12 13 
3505353 1 2 3 4 5 6 7 8 9 10 11 12 13 
3505403 1 2 3 4 5 6 7 8 9 10 11 12 13 
3505453 1 2 3 4 5 6 7 8 9 10 11 12 13 
3505503 1 2 3 4 5 6 7 8 9 10 11 12 13 
3505553 1 2 3 4 5 6 7 8 9 10 11 12 13 
3505603 1 2 3 4 5 6 7 8 9 10 11 12 13 
3505653 1 2 3 4 5 6 7 8 9 10 11 12 13 
3505703 1 2 3 4 5 6 7 8 9 10 11 12 13 
3505753 1 2 3 4 5 6 7 8 9 10 11 12 13 
3505803 1 2 3 4 5 6 7 8 9 10 11 12 13 
3505854 1 2 3 4 5 6 7 8 9 10 11 12 13 
3505904 1 2 3 4 5 6 7 8 9 10 11 12 13 
3505954 1 2 3 4 5 6 7 8 9 10 11 12 13 
3506004 1 2 3 4 5 6 7 8 9 10 11 12 13 
3506056 1 2 3 4 5 6 7 8 9 10 11 12 13 
3506106 1 2 3 4 5 6 7 8 9 10 11 12 13 
3506156 1 2 3 4 5 6 7 8 9 10 11 12 13 
3506206 1 2 3 4 5 6 7 8 9 10 11 12 13 
3506256 1 2 3 4 5 6 7 8 9 10 11 12 13 
3506307 1 2 3 4 5 6 7 8 9 10 11 12 13 
3506357 1 2 3 4 5 6 7 8 9 10 11 12 13 
3506407 1 2 3 4 5 6 7 8 9 10 11 12 13 
3506457 1 2 3 4 5 6 7 8 9 10 11 12 13 
3506507 1 2 3 4 5 6 7 8 9 10 11 12 13 
3506557 1 2 3 4 5 6 7 8 9 10 11 12 13 
3506607 1 2 3 4 5 6 7 8 9 10 11 12 13 
3506657 1 2 3 4 5 6 7 8 9 10 11 12 13 
3506707 1 2 3 4 5 6 7 8 9 10 11 12 13 
3506757 1 2 3 4 5 6 7 8 9 10 11 12 13 
3506808 1 2 3 4 5 6 7 8 9 10 11 12 13 
3506858 1 2 3 4 5 6 7 8 9 10 11 12 13 
3506908 1 2 3 4 5 6 7 8 9 10 11 12 13 
3506958 1 2 3 4 5 6 7 8 9 10 11 12 13 
3507008 1 2 3 4 5 6 7 8 9 10 11 12 13 
3507059 1 2 3 4 5 6 7 8 9 10 11 12 13 
3507109 1 2 3 4 5 6 7 8 9 10 11 12 13 
3507159 1 2 3 4 5 6 7 8 9 10 11 12 13 
3507209 1 2 3 4 5 6 7 8 9 10 11 12 13 
3507259 1 2 3 4 5 6 7 8 9 10 11 12 13 
3507310 1 2 3 4 5 6 7 8 9 10 11 12 13 
3507361 1 2 3 4 5 6 7 8 9 10 11 12 13 
3507411 1 2 3 4 5 6 7 8 9 10 11 12 13 
3507461 1 2 3 4 5 6 7 8 9 10 11 12 13 
3507511 1 2 3 4 5 6 7 8 9 10 11 12 13 
3507561 1 2 3 4 5 6 7 8 9 10 11 12 13 
3507611 1 2 3 4 5 6 7 8 9 10 11 12 13 
3507661 1 2 3 4 5 6 7 8 9 10 11 12 13 
3507711 1 2 3 4 5 6 7 8 9 10 11 12 13 
3507761 1 2 3 4 5 6 7 8 9 10 11 12 13 
3507811 1 2 3 4 5 6 7 8 9 10 11 12 13 
3507862 1 2 3 4 5 6 7 8 9 10 11 12 13 
3507912 1 2 3 4 5 6 7 8 9 10 11 12 13 
3507962 1 2 3 4 1536 8 2560 12 13 
