705506 0 0 0 0 0 0 0 0 0 0 0 28816 16618 
705556 0 0 0 0 0 0 0 0 0 0 0 28816 16618 
705606 0 0 0 0 0 0 0 0 0 0 0 28816 16618 
705656 0 0 0 0 0 0 0 0 0 0 0 28816 16618 
705706 0 0 0 0 0 0 0 0 0 0 0 28816 16618 
705757 0 0 0 0 0 0 0 0 0 0 0 28816 16618 
705807 0 0 0 0 0 0 0 0 0 0 0 28816 16618 
705857 0 0 0 0 0 0 0 0 0 0 0 28816 16618 
705907 0 0 0 0 0 0 0 0 0 0 0 28816 16618 
705957 0 0 0 0 0 0 0 0 0 0 0 28816 16618 
706007 0 0 0 0 0 0 0 0 0 0 0 28816 16618 
706057 0 0 0 0 0 0 0 0 0 0 0 28816 16618 
706107 0 0 0 0 0 0 0 0 0 0 0 28816 16618 
706157 0 0 0 0 0 0 0 0 0 0 0 28816 16618 
706208 0 0 0 0 0 0 0 0 0 0 0 28816 16618 
706258 0 0 0 0 0 0 0 0 0 0 0 28816 16618 
706308 0 0 0 0 0 0 0 0 0 0 0 28816 16618 
706358 0 0 0 0 0 0 0 0 0 0 0 28816 16618 
706408 0 0 0 0 0 0 0 0 0 0 0 28816 16618 
706458 0 0 0 0 0 0 0 0 0 0 0 28816 16618 
706508 0 0 0 0 0 0 0 0 0 0 0 28816 16618 
706558 0 0 0 0 0 0 0 0 0 0 0 28816 16618 
706608 0 0 0 0 0 0 0 0 0 0 0 28816 16618 
706658 0 0 0 0 0 0 0 0 0 0 0 28816 16618 
706708 0 0 0 0 0 0 0 0 0 0 0 28816 16618 
706758 0 0 0 0 0 0 0 0 0 0 0 28816 16618 
706809 0 0 0 0 0 0 0 0 0 0 0 28816 16618 
706859 0 0 0 0 0 0 0 0 0 0 0 28816 16618 
706909 0 0 0 0 0 0 0 0 0 0 0 28816 16618 
706959 0 0 0 0 0 0 0 0 0 0 0 28816 16618 
707009 0 0 0 0 0 0 0 0 0 0 0 28816 16618 
707059 0 0 0 0 0 0 0 0 0 0 0 28816 16618 
707109 0 0 0 0 0 0 0 0 0 0 0 28816 16618 
707159 0 0 0 0 0 0 0 0 0 0 0 28816 16618 
707209 0 0 0 0 0 0 0 0 0 0 0 28816 16618 
707259 0 0 0 0 0 0 0 0 0 0 0 28816 16618 
707310 0 0 0 0 0 0 0 0 0 0 0 28816 16618 
707360 0 0 0 0 0 0 0 0 0 0 0 28816 16618 
707410 0 0 0 0 0 0 0 0 0 0 0 28816 16618 
707460 0 0 0 0 0 0 0 0 0 0 0 28816 16618 
707510 0 0 0 0 0 0 0 0 0 0 0 28816 16618 
707560 0 0 0 0 0 0 0 0 0 0 0 28816 16618 
707610 0 0 0 0 0 0 0 0 0 0 0 28816 16618 
707660 0 0 0 0 0 0 0 0 0 0 0 28816 16618 
707710 0 0 0 0 0 0 0 0 0 0 0 28816 16618 
707760 0 0 0 0 0 0 0 0 0 0 0 28816 16618 
707810 0 0 0 0 0 0 0 0 0 0 0 28816 16618 
707861 0 0 0 0 0 0 0 0 0 0 0 28816 16618 
707911 0 0 0 0 0 0 0 0 0 0 0 28816 16618 
707961 0 0 0 0 0 0 0 0 0 0 0 28816 16618 
708011 0 0 0 0 0 0 0 0 0 0 0 28816 16618 
708061 0 0 0 0 0 0 0 0 0 0 0 28816 16618 
708111 0 0 0 0 0 0 0 0 0 0 0 28816 16618 
708161 0 0 0 0 0 0 0 0 0 0 0 28816 16618 
708211 0 0 0 0 0 0 0 0 0 0 0 28816 16618 
708261 0 0 0 0 0 0 0 0 0 0 0 28816 16618 
708311 0 0 0 0 0 0 0 0 0 0 0 28816 16618 
708362 0 0 0 0 0 0 0 0 0 0 0 28816 16618 
708412 0 0 0 0 0 0 0 0 0 0 0 28816 16618 
708462 0 0 0 0 0 0 0 0 0 0 0 28816 16618 
708512 0 0 0 0 0 0 0 0 0 0 0 28816 16618 
708562 0 0 0 0 0 0 0 0 0 0 0 28816 16618 
708612 0 0 0 0 0 0 0 0 0 0 0 28816 16618 
708662 0 0 0 0 0 0 0 0 0 0 0 28816 16618 
708712 0 0 0 0 0 0 0 0 0 0 0 28816 16618 
708762 0 0 0 0 0 0 0 0 0 0 0 28816 16618 
708812 0 0 0 0 0 0 0 0 0 0 0 28816 16618 
708862 0 0 0 0 0 0 0 0 0 0 0 28816 16618 
708913 0 0 0 0 0 0 0 0 0 0 0 28816 16618 
708964 0 0 0 0 0 0 0 0 0 0 0 28816 16618 
709015 0 0 0 0 0 0 0 0 0 0 0 28816 16618 
709065 0 0 0 0 0 0 0 0 0 0 0 28816 16618 
709115 0 0 0 0 0 0 0 0 0 0 0 28816 16618 
709165 0 0 0 0 0 0 0 0 0 0 0 28816 16618 
709215 0 0 0 0 0 0 0 0 0 0 0 28816 16618 
709265 0 0 0 0 0 0 0 0 0 0 0 28816 16618 
709315 0 0 0 0 0 0 0 0 0 0 0 28816 16618 
709365 0 0 0 0 0 0 0 0 0 0 0 28816 16618 
709415 0 0 0 0 0 0 0 0 0 0 0 28816 16618 
709465 0 0 0 0 0 0 0 0 0 0 0 28816 16618 
709516 0 0 0 0 0 0 0 0 0 0 0 28816 16618 
709566 0 0 0 0 0 0 0 0 0 0 0 28816 16618 
709616 0 0 0 0 0 0 0 0 0 0 0 28816 16618 
709666 0 0 0 0 0 0 0 0 0 0 0 28816 16618 
709716 0 0 0 0 0 0 0 0 0 0 0 28816 16618 
709766 0 0 0 0 0 0 0 0 0 0 0 28816 16618 
709816 0 0 0 0 0 0 0 0 0 0 0 28816 16618 
709866 0 0 0 0 0 0 0 0 0 0 0 28816 16618 
709916 0 0 0 0 0 0 0 0 0 0 0 28816 16618 
709966 0 0 0 0 0 0 0 0 0 0 0 28816 16618 
710016 0 0 0 0 0 0 0 0 0 0 0 28816 16618 
710067 0 0 0 0 0 0 0 0 0 0 0 28816 16618 
710117 0 0 0 0 0 0 0 0 0 0 0 28816 16618 
710167 0 0 0 0 0 0 0 0 0 0 0 28816 16618 
710217 0 0 0 0 0 0 0 0 0 0 0 28816 16618 
710267 0 0 0 0 0 0 0 0 0 0 0 28816 16618 
710317 0 0 0 0 0 0 0 0 0 0 0 28816 16618 
710367 0 0 0 0 0 0 0 0 0 0 0 28816 16618 
710417 0 0 0 0 0 0 0 0 0 0 0 28816 16618 
710467 0 0 0 0 0 0 0 0 0 0 0 28816 16618 
710517 0 0 0 0 0 0 0 0 0 0 0 28816 16618 
710567 0 0 0 0 0 0 0 0 0 0 0 28816 16618 
710618 0 0 0 0 0 0 0 0 0 0 0 28816 16618 
710668 0 0 0 0 0 0 0 0 0 0 0 28816 16618 
710718 0 0 0 0 0 0 0 0 0 0 0 28816 16618 
710768 0 0 0 0 0 0 0 0 0 0 0 28816 16618 
710818 0 0 0 0 0 0 0 0 0 0 0 28816 16618 
710868 0 0 0 0 0 0 0 0 0 0 0 28816 16618 
