10066 0 0 0 0 0 0 0 0 0 0 10 5 1 
10116 0 0 0 0 0 0 0 0 0 0 10 5 1 
10166 0 0 0 0 0 0 0 0 0 0 10 5 1 
10216 0 0 0 0 0 0 0 0 0 0 10 5 1 
10266 0 0 0 0 0 0 0 0 0 0 10 5 1 
10317 0 0 0 0 0 0 0 0 0 0 10 5 1 
10367 0 0 0 0 0 0 0 0 0 0 10 5 1 
10417 0 0 0 0 0 0 0 0 0 0 10 5 1 
10467 0 0 0 0 0 0 0 0 0 0 10 5 1 
10517 0 0 0 0 0 0 0 0 0 0 10 5 1 
10567 0 0 0 0 0 0 0 0 0 0 10 5 1 
10617 0 0 0 0 0 0 0 0 0 0 10 5 1 
10667 0 0 0 0 0 0 0 0 0 0 10 5 1 
10717 0 0 0 0 0 0 0 0 0 0 10 5 1 
10767 0 0 0 0 0 0 0 0 0 0 10 5 1 
10817 0 0 0 0 0 0 0 0 0 0 10 5 1 
10867 0 0 0 0 0 0 0 0 0 0 10 5 1 
10918 0 0 0 0 0 0 0 0 0 0 10 5 1 
10968 0 0 0 0 0 0 0 0 0 0 10 5 1 
11018 0 0 0 0 0 0 0 0 0 0 10 5 1 
11068 0 0 0 0 0 0 0 0 0 0 10 5 1 
11118 0 0 0 0 0 0 0 0 0 0 10 5 1 
11168 0 0 0 0 0 0 0 0 0 0 10 5 1 
11218 0 0 0 0 0 0 0 0 0 0 10 5 1 
11268 0 0 0 0 0 0 0 0 0 0 10 5 1 
11318 0 0 0 0 0 0 0 0 0 0 10 5 1 
11368 0 0 0 0 0 0 0 0 0 0 10 5 1 
11418 0 0 0 0 0 0 0 0 0 0 10 5 1 
11469 0 0 0 0 0 0 0 0 0 0 10 5 1 
11519 0 0 0 0 0 0 0 0 0 0 10 5 1 
11569 0 0 0 0 0 0 0 0 0 0 10 5 1 
11619 0 0 0 0 0 0 0 0 0 0 10 5 1 
11669 0 0 0 0 0 0 0 0 0 0 10 5 1 
11719 0 0 0 0 0 0 0 0 0 0 10 5 1 
11769 0 0 0 0 0 0 0 0 0 0 10 5 1 
11819 0 0 0 0 0 0 0 0 0 0 10 5 1 
11869 0 0 0 0 0 0 0 0 0 0 10 5 1 
11919 0 0 0 0 0 0 0 0 0 0 10 5 1 
11970 0 0 0 0 0 0 0 0 0 0 10 5 1 
12020 0 0 0 0 0 0 0 0 0 0 10 5 1 
12070 0 0 0 0 0 0 0 0 0 0 10 5 1 
12120 0 0 0 0 0 0 0 0 0 0 10 5 1 
12170 0 0 0 0 0 0 0 0 0 0 10 5 1 
12220 0 0 0 0 0 0 0 0 0 0 10 5 1 
12270 0 0 0 0 0 0 0 0 0 0 10 5 1 
12320 0 0 0 0 0 0 0 0 0 0 10 5 1 
12370 0 0 0 0 0 0 0 0 0 0 10 5 1 
12420 0 0 0 0 0 0 0 0 0 0 10 5 1 
12471 0 0 0 0 0 0 0 0 0 0 10 5 1 
12521 0 0 0 0 0 0 0 0 0 0 10 5 1 
12571 0 0 0 0 0 0 0 0 0 0 10 5 1 
12621 0 0 0 0 0 0 0 0 0 0 10 5 1 
12671 0 0 0 0 0 0 0 0 0 0 10 5 1 
12721 0 0 0 0 0 0 0 0 0 0 10 5 1 
12771 0 0 0 0 0 0 0 0 0 0 10 5 1 
12821 0 0 0 0 0 0 0 0 0 0 10 5 1 
12871 0 0 0 0 0 0 0 0 0 0 10 5 1 
12922 0 0 0 0 0 0 0 0 0 0 10 5 1 
12972 0 0 0 0 0 0 0 0 0 0 10 5 1 
13022 0 0 0 0 0 0 0 0 0 0 10 5 1 
13072 0 0 0 0 0 0 0 0 0 0 10 5 1 
13122 0 0 0 0 0 0 0 0 0 0 10 5 1 
13172 0 0 0 0 0 0 0 0 0 0 10 5 1 
13222 0 0 0 0 0 0 0 0 0 0 10 5 1 
13272 0 0 0 0 0 0 0 0 0 0 10 5 1 
13322 0 0 0 0 0 0 0 0 0 0 10 5 1 
13372 0 0 0 0 0 0 0 0 0 0 10 5 1 
13422 0 0 0 0 0 0 0 0 0 0 10 5 1 
13473 0 0 0 0 0 0 0 0 0 0 10 5 1 
13523 0 0 0 0 0 0 0 0 0 0 10 5 1 
13573 0 0 0 0 0 0 0 0 0 0 10 5 1 
13623 0 0 0 0 0 0 0 0 0 0 10 5 1 
13673 0 0 0 0 0 0 0 0 0 0 10 5 1 
13723 0 0 0 0 0 0 0 0 0 0 10 5 1 
13773 0 0 0 0 0 0 0 0 0 0 10 5 1 
13823 0 0 0 0 0 0 0 0 0 0 10 5 1 
13873 0 0 0 0 0 0 0 0 0 0 10 5 1 
13923 0 0 0 0 0 0 0 0 0 0 10 5 1 
13974 0 0 0 0 0 0 0 0 0 0 10 5 1 
14024 0 0 0 0 0 0 0 0 0 0 10 5 1 
14074 0 0 0 0 0 0 0 0 0 0 10 5 1 
14124 0 0 0 0 0 0 0 0 0 0 10 5 1 
14174 0 0 0 0 0 0 0 0 0 0 10 5 1 
14224 0 0 0 0 0 0 0 0 0 0 10 5 1 
14274 0 0 0 0 0 0 0 0 0 0 10 5 1 
14324 0 0 0 0 0 0 0 0 0 0 10 5 1 
14374 0 0 0 0 0 0 0 0 0 0 10 5 1 
14424 0 0 0 0 0 0 0 0 0 0 10 5 1 
14475 0 0 0 0 0 0 0 0 0 0 10 5 1 
14525 0 0 0 0 0 0 0 0 0 0 10 5 1 
14575 0 0 0 0 0 0 0 0 0 0 10 5 1 
14625 0 0 0 0 0 0 0 0 0 0 10 5 1 
14675 0 0 0 0 0 0 0 0 0 0 10 5 1 
14725 0 0 0 0 0 0 0 0 0 0 10 5 1 
14775 0 0 0 0 0 0 0 0 0 0 10 5 1 
14825 0 0 0 0 0 0 0 0 0 0 10 5 1 
14875 0 0 0 0 0 0 0 0 0 0 10 5 1 
14925 0 0 0 0 0 0 0 0 0 0 10 5 1 
14976 0 0 0 0 0 0 0 0 0 0 10 5 1 
15026 0 0 0 0 0 0 0 0 0 0 10 5 1 
15076 0 0 0 0 0 0 0 0 0 0 10 5 1 
15126 0 0 0 0 0 0 0 0 0 0 10 5 1 
15176 0 0 0 0 0 0 0 0 0 0 10 5 1 
15226 0 0 0 0 0 0 0 0 0 0 10 5 1 
15276 0 0 0 0 0 0 0 0 0 0 10 5 1 
15326 0 0 0 0 0 0 0 0 0 0 10 5 1 
15376 0 0 0 0 0 0 0 0 0 0 10 5 1 
15426 0 0 0 0 0 0 0 0 0 0 10 5 1 
