733828 0 0 0 0 0 0 0 0 0 0 0 0 0 
733878 0 0 0 0 0 0 0 0 0 0 0 0 0 
733928 0 0 0 0 0 0 0 0 0 0 0 0 0 
733978 0 0 0 0 0 0 0 0 0 0 0 0 0 
734028 0 0 0 0 0 0 0 0 0 0 0 0 0 
734078 0 0 0 0 0 0 0 0 0 0 0 0 0 
734128 0 0 0 0 0 0 0 0 0 0 0 0 0 
734178 0 0 0 0 0 0 0 0 0 0 0 0 0 
734229 0 0 0 0 0 0 0 0 0 0 0 0 0 
734279 0 0 0 0 0 0 0 0 0 0 0 0 0 
734329 0 0 0 0 0 0 0 0 0 0 0 0 0 
734379 0 0 0 0 0 0 0 0 0 0 0 0 0 
734429 0 0 0 0 0 0 0 0 0 0 0 0 0 
734479 0 0 0 0 0 0 0 0 0 0 0 0 0 
734529 0 0 0 0 0 0 0 0 0 0 0 0 0 
734579 0 0 0 0 0 0 0 0 0 0 0 0 0 
734630 0 0 0 0 0 0 0 0 0 0 0 0 0 
734680 0 0 0 0 0 0 0 0 0 0 0 0 0 
734730 0 0 0 0 0 0 0 0 0 0 0 0 0 
734780 0 0 0 0 0 0 0 0 0 0 0 0 0 
734830 0 0 0 0 0 0 0 0 0 0 0 0 0 
734880 0 0 0 0 0 0 0 0 0 0 0 0 0 
734930 0 0 0 0 0 0 0 0 0 0 0 0 0 
734980 0 0 0 0 0 0 0 0 0 0 0 0 0 
735030 0 0 0 0 0 0 0 0 0 0 0 0 0 
735080 0 0 0 0 0 0 0 0 0 0 0 0 0 
735131 0 0 0 0 0 0 0 0 0 0 0 0 0 
735181 0 0 0 0 0 0 0 0 0 0 0 0 0 
735231 0 0 0 0 0 0 0 0 0 0 0 0 0 
735281 0 0 0 0 0 0 0 0 0 0 0 0 0 
735334 0 0 0 0 0 0 0 0 0 0 0 0 0 
735384 0 0 0 0 0 0 0 0 0 0 0 0 0 
735434 0 0 0 0 0 0 0 0 0 0 0 0 0 
735484 0 0 0 0 0 0 0 0 0 0 0 0 0 
735534 0 0 0 0 0 0 0 0 0 0 0 0 0 
735584 0 0 0 0 0 0 0 0 0 0 0 0 0 
735634 0 0 0 0 0 0 0 0 0 0 0 0 0 
735684 0 0 0 0 0 0 0 0 0 0 0 0 0 
735735 0 0 0 0 0 0 0 0 0 0 0 0 0 
735785 0 0 0 0 0 0 0 0 0 0 0 0 0 
735835 0 0 0 0 0 0 0 0 0 0 0 0 0 
735886 0 0 0 0 0 0 0 0 0 0 0 0 0 
735936 0 0 0 0 0 0 0 0 0 0 0 0 0 
735986 0 0 0 0 0 0 0 0 0 0 0 0 0 
736036 0 0 0 0 0 0 0 0 0 0 0 0 0 
736086 0 0 0 0 0 0 0 0 0 0 0 0 0 
736136 0 0 0 0 0 0 0 0 0 0 0 0 0 
736186 0 0 0 0 0 0 0 0 0 0 0 0 0 
736236 0 0 0 0 0 0 0 0 0 0 0 0 0 
736286 0 0 0 0 0 0 0 0 0 0 0 0 0 
736336 0 0 0 0 0 0 0 0 0 0 0 0 0 
736386 0 0 0 0 0 0 0 0 0 0 0 0 0 
736437 0 0 0 0 0 0 0 0 0 0 0 0 0 
736487 0 0 0 0 0 0 0 0 0 0 0 0 0 
736537 0 0 0 0 0 0 0 0 0 0 0 0 0 
736587 0 0 0 0 0 0 0 0 0 0 0 0 0 
736637 0 0 0 0 0 0 0 0 0 0 0 0 0 
736687 0 0 0 0 0 0 0 0 0 0 0 0 0 
736737 0 0 0 0 0 0 0 0 0 0 0 0 0 
736787 0 0 0 0 0 0 0 0 0 0 0 0 0 
736837 0 0 0 0 0 0 0 0 0 0 0 0 0 
736887 0 0 0 0 0 0 0 0 0 0 0 0 0 
736937 0 0 0 0 0 0 0 0 0 0 0 0 0 
736988 0 0 0 0 0 0 0 0 0 0 0 0 0 
737038 0 0 0 0 0 0 0 0 0 0 0 0 0 
737088 0 0 0 0 0 0 0 0 0 0 0 0 0 
737138 0 0 0 0 0 0 0 0 0 0 0 0 0 
737188 0 0 0 0 0 0 0 0 0 0 0 0 0 
737238 0 0 0 0 0 0 0 0 0 0 0 0 0 
737288 0 0 0 0 0 0 0 0 0 0 0 0 0 
737338 0 0 0 0 0 0 0 0 0 0 0 0 0 
737388 0 0 0 0 0 0 0 0 0 0 0 0 0 
737439 0 0 0 0 0 0 0 0 0 0 0 0 0 
737489 0 0 0 0 0 0 0 0 0 0 0 0 0 
737539 0 0 0 0 0 0 0 0 0 0 0 0 0 
737589 0 0 0 0 0 0 0 0 0 0 0 0 0 
737639 0 0 0 0 0 0 0 0 0 0 0 0 0 
737689 0 0 0 0 0 0 0 0 0 0 0 0 0 
737739 0 0 0 0 0 0 0 0 0 0 0 0 0 
737789 0 0 0 0 0 0 0 0 0 0 0 0 0 
737839 0 0 0 0 0 0 0 0 0 0 0 0 0 
737890 0 0 0 0 0 0 0 0 0 0 0 0 0 
737940 0 0 0 0 0 0 0 0 0 0 0 0 0 
737990 0 0 0 0 0 0 0 0 0 0 0 0 0 
738040 0 0 0 0 0 0 0 0 0 0 0 0 0 
738090 0 0 0 0 0 0 0 0 0 0 0 0 0 
738140 0 0 0 0 0 0 0 0 0 0 0 0 0 
738190 0 0 0 0 0 0 0 0 0 0 0 0 0 
738240 0 0 0 0 0 0 0 0 0 0 0 0 0 
738290 0 0 0 0 0 0 0 0 0 0 0 0 0 
738340 0 0 0 0 0 0 0 0 0 0 0 0 0 
738391 0 0 0 0 0 0 0 0 0 0 0 0 0 
738441 0 0 0 0 0 0 0 0 0 0 0 0 0 
738491 0 0 0 0 0 0 0 0 0 0 0 0 0 
738541 0 0 0 0 0 0 0 0 0 0 0 0 0 
738591 0 0 0 0 0 0 0 0 0 0 0 0 0 
738641 0 0 0 0 0 0 0 0 0 0 0 0 0 
738691 0 0 0 0 0 0 0 0 0 0 0 0 0 
738741 0 0 0 0 0 0 0 0 0 0 0 0 0 
738791 0 0 0 0 0 0 0 0 0 0 0 0 0 
738841 0 0 0 0 0 0 0 0 0 0 0 0 0 
738891 0 0 0 0 0 0 0 0 0 0 0 0 0 
738942 0 0 0 0 0 0 0 0 0 0 0 0 0 
738992 0 0 0 0 0 0 0 0 0 0 0 0 0 
739042 0 0 0 0 0 0 0 0 0 0 0 0 0 
739092 0 0 0 0 0 0 0 0 0 0 0 0 0 
739142 0 0 0 0 0 0 0 0 0 0 0 0 0 
739192 0 0 0 0 0 0 0 0 0 0 0 0 0 
