150335 0 0 0 0 0 0 0 0 0 0 -12751 20868 -20850 
150385 0 0 0 0 0 0 0 0 0 0 -12751 20868 -20850 
150436 0 0 0 0 0 0 0 0 0 0 -12751 20868 -20850 
150486 0 0 0 0 0 0 0 0 0 0 -12751 20868 -20850 
150536 0 0 0 0 0 0 0 0 0 0 -12751 20868 -20850 
150586 0 0 0 0 0 0 0 0 0 0 -12751 20868 -20850 
150636 0 0 0 0 0 0 0 0 0 0 -12751 20868 -20850 
150686 0 0 0 0 0 0 0 0 0 0 -12751 20868 -20850 
150736 0 0 0 0 0 0 0 0 0 0 -12751 20868 -20850 
150786 0 0 0 0 0 0 0 0 0 0 -12751 20868 -20850 
150836 0 0 0 0 0 0 0 0 0 0 -12751 20868 -20850 
150886 0 0 0 0 0 0 0 0 0 0 -12751 20868 -20850 
150937 0 0 0 0 0 0 0 0 0 0 -12751 20868 -20850 
150987 0 0 0 0 0 0 0 0 0 0 -12751 20868 -20850 
151037 0 0 0 0 0 0 0 0 0 0 -12751 20868 -20850 
151087 0 0 0 0 0 0 0 0 0 0 -12751 20868 -20850 
151137 0 0 0 0 0 0 0 0 0 0 -12751 20868 -20850 
151187 0 0 0 0 0 0 0 0 0 0 -12751 20868 -20850 
151237 0 0 0 0 0 0 0 0 0 0 -12751 20868 -20850 
151287 0 0 0 0 0 0 0 0 0 0 -12751 20868 -20850 
151337 0 0 0 0 0 0 0 0 0 0 -12751 20868 -20850 
151387 0 0 0 0 0 0 0 0 0 0 -12751 20868 -20850 
151438 0 0 0 0 0 0 0 0 0 0 -12751 20868 -20850 
151488 0 0 0 0 0 0 0 0 0 0 -12751 20868 -20850 
151538 0 0 0 0 0 0 0 0 0 0 -12751 20868 -20850 
151588 0 0 0 0 0 0 0 0 0 0 -12751 20868 -20850 
151638 0 0 0 0 0 0 0 0 0 0 -12751 20868 -20850 
151688 0 0 0 0 0 0 0 0 0 0 -12751 20868 -20850 
151738 0 0 0 0 0 0 0 0 0 0 -12751 20868 -20850 
151788 0 0 0 0 0 0 0 0 0 0 -12751 20868 -20850 
151838 0 0 0 0 0 0 0 0 0 0 -12751 20868 -20850 
151888 0 0 0 0 0 0 0 0 0 0 -12751 20868 -20850 
151939 0 0 0 0 0 0 0 0 0 0 -12751 20868 -20850 
151989 0 0 0 0 0 0 0 0 0 0 -12751 20868 -20850 
152039 0 0 0 0 0 0 0 0 0 0 -12751 20868 -20850 
152089 0 0 0 0 0 0 0 0 0 0 -12751 20868 -20850 
152139 0 0 0 0 0 0 0 0 0 0 -12751 20868 -20850 
152189 0 0 0 0 0 0 0 0 0 0 -12751 20868 -20850 
152239 0 0 0 0 0 0 0 0 0 0 -12751 20868 -20850 
152289 0 0 0 0 0 0 0 0 0 0 -12751 20868 -20850 
152339 0 0 0 0 0 0 0 0 0 0 -12751 20868 -20850 
152389 0 0 0 0 0 0 0 0 0 0 -12751 20868 -20850 
152439 0 0 0 0 0 0 0 0 0 0 -12751 20868 -20850 
152490 0 0 0 0 0 0 0 0 0 0 -12751 20868 -20850 
152540 0 0 0 0 0 0 0 0 0 0 -12751 20868 -20850 
152590 0 0 0 0 0 0 0 0 0 0 -12751 20868 -20850 
152640 0 0 0 0 0 0 0 0 0 0 -12751 20868 -20850 
152690 0 0 0 0 0 0 0 0 0 0 -12751 20868 -20850 
152740 0 0 0 0 0 0 0 0 0 0 -12751 20868 -20850 
152790 0 0 0 0 0 0 0 0 0 0 -12751 20868 -20850 
152840 0 0 0 0 0 0 0 0 0 0 -12751 20868 -20850 
152890 0 0 0 0 0 0 0 0 0 0 -12751 20868 -20850 
152940 0 0 0 0 0 0 0 0 0 0 -12751 20868 -20850 
152990 0 0 0 0 0 0 0 0 0 0 -12751 20868 -20850 
153041 0 0 0 0 0 0 0 0 0 0 -12751 20868 -20850 
153091 0 0 0 0 0 0 0 0 0 0 -12751 20868 -20850 
153141 0 0 0 0 0 0 0 0 0 0 -12751 20868 -20850 
153191 0 0 0 0 0 0 0 0 0 0 -12751 20868 -20850 
153241 0 0 0 0 0 0 0 0 0 0 -12751 20868 -20850 
153291 0 0 0 0 0 0 0 0 0 0 -12751 20868 -20850 
153341 0 0 0 0 0 0 0 0 0 0 -12751 20868 -20850 
153391 0 0 0 0 0 0 0 0 0 0 -12751 20868 -20850 
153441 0 0 0 0 0 0 0 0 0 0 -12751 20868 -20850 
153491 0 0 0 0 0 0 0 0 0 0 -12751 20868 -20850 
153541 0 0 0 0 0 0 0 0 0 0 -12751 20868 -20850 
153592 0 0 0 0 0 0 0 0 0 0 -12751 20868 -20850 
153642 0 0 0 0 0 0 0 0 0 0 -12751 20868 -20850 
153692 0 0 0 0 0 0 0 0 0 0 -12751 20868 -20850 
153742 0 0 0 0 0 0 0 0 0 0 -12751 20868 -20850 
153792 0 0 0 0 0 0 0 0 0 0 -12751 20868 -20850 
153844 0 0 0 0 0 0 0 0 0 0 -12751 20868 -20850 
153894 0 0 0 0 0 0 0 0 0 0 -12751 20868 -20850 
153944 0 0 0 0 0 0 0 0 0 0 -12751 20868 -20850 
153994 0 0 0 0 0 0 0 0 0 0 -12751 20868 -20850 
154044 0 0 0 0 0 0 0 0 0 0 -12751 20868 -20850 
154094 0 0 0 0 0 0 0 0 0 0 -12751 20868 -20850 
154144 0 0 0 0 0 0 0 0 0 0 -12751 20868 -20850 
154194 0 0 0 0 0 0 0 0 0 0 -12751 20868 -20850 
154245 0 0 0 0 0 0 0 0 0 0 -12751 20868 -20850 
154295 0 0 0 0 0 0 0 0 0 0 -12751 20868 -20850 
154345 0 0 0 0 0 0 0 0 0 0 -12751 20868 -20850 
154395 0 0 0 0 0 0 0 0 0 0 -12751 20868 -20850 
154445 0 0 0 0 0 0 0 0 0 0 -12751 20868 -20850 
154495 0 0 0 0 0 0 0 0 0 0 -12751 20868 -20850 
154545 0 0 0 0 0 0 0 0 0 0 -12751 20868 -20850 
154595 0 0 0 0 0 0 0 0 0 0 -12751 20868 -20850 
154645 0 0 0 0 0 0 0 0 0 0 -12751 20868 -20850 
154695 0 0 0 0 0 0 0 0 0 0 -12751 20868 -20850 
154746 0 0 0 0 0 0 0 0 0 0 -12751 20868 -20850 
154796 0 0 0 0 0 0 0 0 0 0 -12751 20868 -20850 
154846 0 0 0 0 0 0 0 0 0 0 -12751 20868 -20850 
154896 0 0 0 0 0 0 0 0 0 0 -12751 20868 -20850 
154946 0 0 0 0 0 0 0 0 0 0 -12751 20868 -20850 
154996 0 0 0 0 0 0 0 0 0 0 -12751 20868 -20850 
155046 0 0 0 0 0 0 0 0 0 0 -12751 20868 -20850 
155096 0 0 0 0 0 0 0 0 0 0 -12751 20868 -20850 
155146 0 0 0 0 0 0 0 0 0 0 -12751 20868 -20850 
155196 0 0 0 0 0 0 0 0 0 0 -12751 20868 -20850 
155246 0 0 0 0 0 0 0 0 0 0 -12751 20868 -20850 
155296 0 0 0 0 0 0 0 0 0 0 -12751 20868 -20850 
155347 0 0 0 0 0 0 0 0 0 0 -12751 20868 -20850 
155397 0 0 0 0 0 0 0 0 0 0 -12751 20868 -20850 
155447 0 0 0 0 0 0 0 0 0 0 -12751 20868 -20850 
155497 0 0 0 0 0 0 0 0 0 0 -12751 20868 -20850 
155547 0 0 0 0 0 0 0 0 0 0 -12751 20868 -20850 
155597 0 0 0 0 0 0 0 0 0 0 -12751 20868 -20850 
155647 0 0 0 0 0 0 0 0 0 0 -12751 20868 -20850 
155697 0 0 0 0 0 0 0 0 0 0 -12751 20868 -20850 
