17711 0 0 0 0 0 0 0 0 0 0 0 0 0 
17762 0 0 0 0 0 0 0 0 0 0 0 0 0 
17812 0 0 0 0 0 0 0 0 0 0 0 0 0 
17862 0 0 0 0 0 0 0 0 0 0 0 0 0 
17912 0 0 0 0 0 0 0 0 0 0 0 0 0 
17962 0 0 0 0 0 0 0 0 0 0 0 0 0 
18012 0 0 0 0 0 0 0 0 0 0 0 0 0 
18062 0 0 0 0 0 0 0 0 0 0 0 0 0 
18112 0 0 0 0 0 0 0 0 0 0 0 0 0 
18163 0 0 0 0 0 0 0 0 0 0 0 0 0 
18213 0 0 0 0 0 0 0 0 0 0 0 0 0 
18263 0 0 0 0 0 0 0 0 0 0 0 0 0 
18313 0 0 0 0 0 0 0 0 0 0 0 0 0 
18363 0 0 0 0 0 0 0 0 0 0 0 0 0 
18413 0 0 0 0 0 0 0 0 0 0 0 0 0 
18463 0 0 0 0 0 0 0 0 0 0 0 0 0 
18513 0 0 0 0 0 0 0 0 0 0 0 0 0 
18563 0 0 0 0 0 0 0 0 0 0 0 0 0 
18613 0 0 0 0 0 0 0 0 0 0 0 0 0 
18664 0 0 0 0 0 0 0 0 0 0 0 0 0 
18714 0 0 0 0 0 0 0 0 0 0 0 0 0 
18764 0 0 0 0 0 0 0 0 0 0 0 0 0 
18814 0 0 0 0 0 0 0 0 0 0 0 0 0 
18864 0 0 0 0 0 0 0 0 0 0 0 0 0 
18914 0 0 0 0 0 0 0 0 0 0 0 0 0 
18964 0 0 0 0 0 0 0 0 0 0 0 0 0 
19014 0 0 0 0 0 0 0 0 0 0 0 0 0 
19064 0 0 0 0 0 0 0 0 0 0 0 0 0 
19114 0 0 0 0 0 0 0 0 0 0 0 0 0 
19164 0 0 0 0 0 0 0 0 0 0 0 0 0 
19215 0 0 0 0 0 0 0 0 0 0 0 0 0 
19265 0 0 0 0 0 0 0 0 0 0 0 0 0 
19315 0 0 0 0 0 0 0 0 0 0 0 0 0 
19365 0 0 0 0 0 0 0 0 0 0 0 0 0 
19415 0 0 0 0 0 0 0 0 0 0 0 0 0 
19465 0 0 0 0 0 0 0 0 0 0 0 0 0 
19515 0 0 0 0 0 0 0 0 0 0 0 0 0 
19565 0 0 0 0 0 0 0 0 0 0 0 0 0 
19615 0 0 0 0 0 0 0 0 0 0 0 0 0 
19665 0 0 0 0 0 0 0 0 0 0 0 0 0 
19716 0 0 0 0 0 0 0 0 0 0 0 0 0 
19766 0 0 0 0 0 0 0 0 0 0 0 0 0 
19816 0 0 0 0 0 0 0 0 0 0 0 0 0 
19866 0 0 0 0 0 0 0 0 0 0 0 0 0 
19916 0 0 0 0 0 0 0 0 0 0 0 0 0 
19966 0 0 0 0 0 0 0 0 0 0 0 0 0 
20016 0 0 0 0 0 0 0 0 0 0 0 0 0 
20066 0 0 0 0 0 0 0 0 0 0 0 0 0 
20116 0 0 0 0 0 0 0 0 0 0 0 0 0 
20166 0 0 0 0 0 0 0 0 0 0 0 0 0 
20216 0 0 0 0 0 0 0 0 0 0 0 0 0 
20267 0 0 0 0 0 0 0 0 0 0 0 0 0 
20317 0 0 0 0 0 0 0 0 0 0 0 0 0 
20367 0 0 0 0 0 0 0 0 0 0 0 0 0 
20417 0 0 0 0 0 0 0 0 0 0 0 0 0 
20467 0 0 0 0 0 0 0 0 0 0 0 0 0 
20517 0 0 0 0 0 0 0 0 0 0 0 0 0 
20567 0 0 0 0 0 0 0 0 0 0 0 0 0 
20617 0 0 0 0 0 0 0 0 0 0 0 0 0 
20667 0 0 0 0 0 0 0 0 0 0 0 0 0 
20717 0 0 0 0 0 0 0 0 0 0 0 0 0 
20767 0 0 0 0 0 0 0 0 0 0 0 0 0 
20818 0 0 0 0 0 0 0 0 0 0 0 0 0 
20868 0 0 0 0 0 0 0 0 0 0 0 0 0 
20918 0 0 0 0 0 0 0 0 0 0 0 0 0 
20968 0 0 0 0 0 0 0 0 0 0 0 0 0 
21018 0 0 0 0 0 0 0 0 0 0 0 0 0 
21068 0 0 0 0 0 0 0 0 0 0 0 0 0 
21118 0 0 0 0 0 0 0 0 0 0 0 0 0 
21168 0 0 0 0 0 0 0 0 0 0 0 0 0 
21218 0 0 0 0 0 0 0 0 0 0 0 0 0 
21268 0 0 0 0 0 0 0 0 0 0 0 0 0 
21319 0 0 0 0 0 0 0 0 0 0 0 0 0 
21369 0 0 0 0 0 0 0 0 0 0 0 0 0 
21419 0 0 0 0 0 0 0 0 0 0 0 0 0 
21469 0 0 0 0 0 0 0 0 0 0 0 0 0 
21519 0 0 0 0 0 0 0 0 0 0 0 0 0 
21569 0 0 0 0 0 0 0 0 0 0 0 0 0 
21619 0 0 0 0 0 0 0 0 0 0 0 0 0 
21669 0 0 0 0 0 0 0 0 0 0 0 0 0 
21719 0 0 0 0 0 0 0 0 0 0 0 0 0 
21769 0 0 0 0 0 0 0 0 0 0 0 0 0 
21819 0 0 0 0 0 0 0 0 0 0 0 0 0 
21870 0 0 0 0 0 0 0 0 0 0 0 0 0 
21920 0 0 0 0 0 0 0 0 0 0 0 0 0 
21970 0 0 0 0 0 0 0 0 0 0 0 0 0 
22020 0 0 0 0 0 0 0 0 0 0 0 0 0 
22070 0 0 0 0 0 0 0 0 0 0 0 0 0 
22120 0 0 0 0 0 0 0 0 0 0 0 0 0 
22170 0 0 0 0 0 0 0 0 0 0 0 0 0 
22220 0 0 0 0 0 0 0 0 0 0 0 0 0 
22270 0 0 0 0 0 0 0 0 0 0 0 0 0 
22320 0 0 0 0 0 0 0 0 0 0 0 0 0 
22370 0 0 0 0 0 0 0 0 0 0 0 0 0 
22421 0 0 0 0 0 0 0 0 0 0 0 0 0 
22471 0 0 0 0 0 0 0 0 0 0 0 0 0 
22521 0 0 0 0 0 0 0 0 0 0 0 0 0 
22571 0 0 0 0 0 0 0 0 0 0 0 0 0 
22621 0 0 0 0 0 0 0 0 0 0 0 0 0 
22671 0 0 0 0 0 0 0 0 0 0 0 0 0 
22721 0 0 0 0 0 0 0 0 0 0 0 0 0 
22771 0 0 0 0 0 0 0 0 0 0 0 0 0 
22821 0 0 0 0 0 0 0 0 0 0 0 0 0 
22871 0 0 0 0 0 0 0 0 0 0 0 0 0 
22922 0 0 0 0 0 0 0 0 0 0 0 0 0 
22972 0 0 0 0 0 0 0 0 0 0 0 0 0 
23022 0 0 0 0 0 0 0 0 0 0 0 0 0 
23072 0 0 0 0 0 0 0 0 0 0 0 0 0 
