149908 0 0 0 0 0 0 0 0 0 0 10 5 1 
149958 0 0 0 0 0 0 0 0 0 0 10 5 1 
150009 0 0 0 0 0 0 0 0 0 0 10 5 1 
150059 0 0 0 0 0 0 0 0 0 0 10 5 1 
150109 0 0 0 0 0 0 0 0 0 0 10 5 1 
150159 0 0 0 0 0 0 0 0 0 0 10 5 1 
150209 0 0 0 0 0 0 0 0 0 0 10 5 1 
150260 0 0 0 0 0 0 0 0 0 0 10 5 1 
150310 0 0 0 0 0 0 0 0 0 0 10 5 1 
150360 0 0 0 0 0 0 0 0 0 0 10 5 1 
150410 0 0 0 0 0 0 0 0 0 0 10 5 1 
150460 0 0 0 0 0 0 0 0 0 0 10 5 1 
150510 0 0 0 0 0 0 0 0 0 0 10 5 1 
150560 0 0 0 0 0 0 0 0 0 0 10 5 1 
150610 0 0 0 0 0 0 0 0 0 0 10 5 1 
150661 0 0 0 0 0 0 0 0 0 0 10 5 1 
150711 0 0 0 0 0 0 0 0 0 0 10 5 1 
150761 0 0 0 0 0 0 0 0 0 0 10 5 1 
150811 0 0 0 0 0 0 0 0 0 0 10 5 1 
150861 0 0 0 0 0 0 0 0 0 0 10 5 1 
150911 0 0 0 0 0 0 0 0 0 0 10 5 1 
150961 0 0 0 0 0 0 0 0 0 0 10 5 1 
151011 0 0 0 0 0 0 0 0 0 0 10 5 1 
151061 0 0 0 0 0 0 0 0 0 0 10 5 1 
151111 0 0 0 0 0 0 0 0 0 0 10 5 1 
151162 0 0 0 0 0 0 0 0 0 0 10 5 1 
151212 0 0 0 0 0 0 0 0 0 0 10 5 1 
151262 0 0 0 0 0 0 0 0 0 0 10 5 1 
151312 0 0 0 0 0 0 0 0 0 0 10 5 1 
151362 0 0 0 0 0 0 0 0 0 0 10 5 1 
151412 0 0 0 0 0 0 0 0 0 0 10 5 1 
151462 0 0 0 0 0 0 0 0 0 0 10 5 1 
151512 0 0 0 0 0 0 0 0 0 0 10 5 1 
151562 0 0 0 0 0 0 0 0 0 0 10 5 1 
151612 0 0 0 0 0 0 0 0 0 0 10 5 1 
151662 0 0 0 0 0 0 0 0 0 0 10 5 1 
151713 0 0 0 0 0 0 0 0 0 0 10 5 1 
151763 0 0 0 0 0 0 0 0 0 0 10 5 1 
151813 0 0 0 0 0 0 0 0 0 0 10 5 1 
151863 0 0 0 0 0 0 0 0 0 0 10 5 1 
151913 0 0 0 0 0 0 0 0 0 0 10 5 1 
151963 0 0 0 0 0 0 0 0 0 0 10 5 1 
152013 0 0 0 0 0 0 0 0 0 0 10 5 1 
152063 0 0 0 0 0 0 0 0 0 0 10 5 1 
152113 0 0 0 0 0 0 0 0 0 0 10 5 1 
152163 0 0 0 0 0 0 0 0 0 0 10 5 1 
152214 0 0 0 0 0 0 0 0 0 0 10 5 1 
152264 0 0 0 0 0 0 0 0 0 0 10 5 1 
152314 0 0 0 0 0 0 0 0 0 0 10 5 1 
152364 0 0 0 0 0 0 0 0 0 0 10 5 1 
152414 0 0 0 0 0 0 0 0 0 0 10 5 1 
152464 0 0 0 0 0 0 0 0 0 0 10 5 1 
152514 0 0 0 0 0 0 0 0 0 0 10 5 1 
152564 0 0 0 0 0 0 0 0 0 0 10 5 1 
152614 0 0 0 0 0 0 0 0 0 0 10 5 1 
152664 0 0 0 0 0 0 0 0 0 0 10 5 1 
152714 0 0 0 0 0 0 0 0 0 0 10 5 1 
152765 0 0 0 0 0 0 0 0 0 0 10 5 1 
152815 0 0 0 0 0 0 0 0 0 0 10 5 1 
152865 0 0 0 0 0 0 0 0 0 0 10 5 1 
152915 0 0 0 0 0 0 0 0 0 0 10 5 1 
152965 0 0 0 0 0 0 0 0 0 0 10 5 1 
153016 0 0 0 0 0 0 0 0 0 0 10 5 1 
153066 0 0 0 0 0 0 0 0 0 0 10 5 1 
153116 0 0 0 0 0 0 0 0 0 0 10 5 1 
153166 0 0 0 0 0 0 0 0 0 0 10 5 1 
153216 0 0 0 0 0 0 0 0 0 0 10 5 1 
153266 0 0 0 0 0 0 0 0 0 0 10 5 1 
153316 0 0 0 0 0 0 0 0 0 0 10 5 1 
153366 0 0 0 0 0 0 0 0 0 0 10 5 1 
153416 0 0 0 0 0 0 0 0 0 0 10 5 1 
153466 0 0 0 0 0 0 0 0 0 0 10 5 1 
153516 0 0 0 0 0 0 0 0 0 0 10 5 1 
153567 0 0 0 0 0 0 0 0 0 0 10 5 1 
153617 0 0 0 0 0 0 0 0 0 0 10 5 1 
153667 0 0 0 0 0 0 0 0 0 0 10 5 1 
153717 0 0 0 0 0 0 0 0 0 0 10 5 1 
153767 0 0 0 0 0 0 0 0 0 0 10 5 1 
153817 0 0 0 0 0 0 0 0 0 0 10 5 1 
153867 0 0 0 0 0 0 0 0 0 0 10 5 1 
153917 0 0 0 0 0 0 0 0 0 0 10 5 1 
153968 0 0 0 0 0 0 0 0 0 0 10 5 1 
154018 0 0 0 0 0 0 0 0 0 0 10 5 1 
154068 0 0 0 0 0 0 0 0 0 0 10 5 1 
154118 0 0 0 0 0 0 0 0 0 0 10 5 1 
154168 0 0 0 0 0 0 0 0 0 0 10 5 1 
154219 0 0 0 0 0 0 0 0 0 0 10 5 1 
154269 0 0 0 0 0 0 0 0 0 0 10 5 1 
154319 0 0 0 0 0 0 0 0 0 0 10 5 1 
154369 0 0 0 0 0 0 0 0 0 0 10 5 1 
154422 0 0 0 0 0 0 0 0 0 0 10 5 1 
154472 0 0 0 0 0 0 0 0 0 0 10 5 1 
154522 0 0 0 0 0 0 0 0 0 0 10 5 1 
154572 0 0 0 0 0 0 0 0 0 0 10 5 1 
154622 0 0 0 0 0 0 0 0 0 0 10 5 1 
154672 0 0 0 0 0 0 0 0 0 0 10 5 1 
154723 0 0 0 0 0 0 0 0 0 0 10 5 1 
154773 0 0 0 0 0 0 0 0 0 0 10 5 1 
154823 0 0 0 0 0 0 0 0 0 0 10 5 1 
154873 0 0 0 0 0 0 0 0 0 0 10 5 1 
154923 0 0 0 0 0 0 0 0 0 0 10 5 1 
154973 0 0 0 0 0 0 0 0 0 0 10 5 1 
155023 0 0 0 0 0 0 0 0 0 0 10 5 1 
155073 0 0 0 0 0 0 0 0 0 0 10 5 1 
155123 0 0 0 0 0 0 0 0 0 0 10 5 1 
155173 0 0 0 0 0 0 0 0 0 0 10 5 1 
155224 0 0 0 0 0 0 0 0 0 0 10 5 1 
155274 0 0 0 0 0 0 0 0 0 0 10 5 1 
