736282 0 0 0 0 0 0 0 0 0 0 -18116 3086 -32096 
736332 0 0 0 0 0 0 0 0 0 0 -18116 3086 -32096 
736382 0 0 0 0 0 0 0 0 0 0 -18116 3086 -32096 
736432 0 0 0 0 0 0 0 0 0 0 -18116 3086 -32096 
736482 0 0 0 0 0 0 0 0 0 0 -18116 3086 -32096 
736532 0 0 0 0 0 0 0 0 0 0 -18116 3086 -32096 
736582 0 0 0 0 0 0 0 0 0 0 -18116 3086 -32096 
736633 0 0 0 0 0 0 0 0 0 0 -18116 3086 -32096 
736683 0 0 0 0 0 0 0 0 0 0 -18116 3086 -32096 
736733 0 0 0 0 0 0 0 0 0 0 -18116 3086 -32096 
736783 0 0 0 0 0 0 0 0 0 0 -18116 3086 -32096 
736833 0 0 0 0 0 0 0 0 0 0 -18116 3086 -32096 
736883 0 0 0 0 0 0 0 0 0 0 -18116 3086 -32096 
736933 0 0 0 0 0 0 0 0 0 0 -18116 3086 -32096 
736983 0 0 0 0 0 0 0 0 0 0 -18116 3086 -32096 
737034 0 0 0 0 0 0 0 0 0 0 -18116 3086 -32096 
737084 0 0 0 0 0 0 0 0 0 0 -18116 3086 -32096 
737134 0 0 0 0 0 0 0 0 0 0 -18116 3086 -32096 
737184 0 0 0 0 0 0 0 0 0 0 -18116 3086 -32096 
737234 0 0 0 0 0 0 0 0 0 0 -18116 3086 -32096 
737284 0 0 0 0 0 0 0 0 0 0 -18116 3086 -32096 
737334 0 0 0 0 0 0 0 0 0 0 -18116 3086 -32096 
737384 0 0 0 0 0 0 0 0 0 0 -18116 3086 -32096 
737435 0 0 0 0 0 0 0 0 0 0 -18116 3086 -32096 
737485 0 0 0 0 0 0 0 0 0 0 -18116 3086 -32096 
737535 0 0 0 0 0 0 0 0 0 0 -18116 3086 -32096 
737585 0 0 0 0 0 0 0 0 0 0 -18116 3086 -32096 
737637 0 0 0 0 0 0 0 0 0 0 -18116 3086 -32096 
737689 0 0 0 0 0 0 0 0 0 0 -18116 3086 -32096 
737740 0 0 0 0 0 0 0 0 0 0 -18116 3086 -32096 
737790 0 0 0 0 0 0 0 0 0 0 -18116 3086 -32096 
737840 0 0 0 0 0 0 0 0 0 0 -18116 3086 -32096 
737890 0 0 0 0 0 0 0 0 0 0 -18116 3086 -32096 
737940 0 0 0 0 0 0 0 0 0 0 -18116 3086 -32096 
737990 0 0 0 0 0 0 0 0 0 0 -18116 3086 -32096 
738040 0 0 0 0 0 0 0 0 0 0 -18116 3086 -32096 
738090 0 0 0 0 0 0 0 0 0 0 -18116 3086 -32096 
738140 0 0 0 0 0 0 0 0 0 0 -18116 3086 -32096 
738190 0 0 0 0 0 0 0 0 0 0 -18116 3086 -32096 
738240 0 0 0 0 0 0 0 0 0 0 -18116 3086 -32096 
738290 0 0 0 0 0 0 0 0 0 0 -18116 3086 -32096 
738341 0 0 0 0 0 0 0 0 0 0 -18116 3086 -32096 
738391 0 0 0 0 0 0 0 0 0 0 -18116 3086 -32096 
738441 0 0 0 0 0 0 0 0 0 0 -18116 3086 -32096 
738491 0 0 0 0 0 0 0 0 0 0 -18116 3086 -32096 
738541 0 0 0 0 0 0 0 0 0 0 -18116 3086 -32096 
738591 0 0 0 0 0 0 0 0 0 0 -18116 3086 -32096 
738641 0 0 0 0 0 0 0 0 0 0 -18116 3086 -32096 
738691 0 0 0 0 0 0 0 0 0 0 -18116 3086 -32096 
738741 0 0 0 0 0 0 0 0 0 0 -18116 3086 -32096 
738791 0 0 0 0 0 0 0 0 0 0 -18116 3086 -32096 
738841 0 0 0 0 0 0 0 0 0 0 -18116 3086 -32096 
738892 0 0 0 0 0 0 0 0 0 0 -18116 3086 -32096 
738942 0 0 0 0 0 0 0 0 0 0 -18116 3086 -32096 
738992 0 0 0 0 0 0 0 0 0 0 -18116 3086 -32096 
739043 0 0 0 0 0 0 0 0 0 0 -18116 3086 -32096 
739093 0 0 0 0 0 0 0 0 0 0 -18116 3086 -32096 
739143 0 0 0 0 0 0 0 0 0 0 -18116 3086 -32096 
739193 0 0 0 0 0 0 0 0 0 0 -18116 3086 -32096 
739243 0 0 0 0 0 0 0 0 0 0 -18116 3086 -32096 
739293 0 0 0 0 0 0 0 0 0 0 -18116 3086 -32096 
739343 0 0 0 0 0 0 0 0 0 0 -18116 3086 -32096 
739393 0 0 0 0 0 0 0 0 0 0 -18116 3086 -32096 
739443 0 0 0 0 0 0 0 0 0 0 -18116 3086 -32096 
739493 0 0 0 0 0 0 0 0 0 0 -18116 3086 -32096 
739543 0 0 0 0 0 0 0 0 0 0 -18116 3086 -32096 
739594 0 0 0 0 0 0 0 0 0 0 -18116 3086 -32096 
739644 0 0 0 0 0 0 0 0 0 0 -18116 3086 -32096 
739694 0 0 0 0 0 0 0 0 0 0 -18116 3086 -32096 
739744 0 0 0 0 0 0 0 0 0 0 -18116 3086 -32096 
739794 0 0 0 0 0 0 0 0 0 0 -18116 3086 -32096 
739844 0 0 0 0 0 0 0 0 0 0 -18116 3086 -32096 
739894 0 0 0 0 0 0 0 0 0 0 -18116 3086 -32096 
739944 0 0 0 0 0 0 0 0 0 0 -18116 3086 -32096 
739994 0 0 0 0 0 0 0 0 0 0 -18116 3086 -32096 
740044 0 0 0 0 0 0 0 0 0 0 -18116 3086 -32096 
740095 0 0 0 0 0 0 0 0 0 0 -18116 3086 -32096 
740145 0 0 0 0 0 0 0 0 0 0 -18116 3086 -32096 
740195 0 0 0 0 0 0 0 0 0 0 -18116 3086 -32096 
740245 0 0 0 0 0 0 0 0 0 0 -18116 3086 -32096 
740295 0 0 0 0 0 0 0 0 0 0 -18116 3086 -32096 
740345 0 0 0 0 0 0 0 0 0 0 -18116 3086 -32096 
740395 0 0 0 0 0 0 0 0 0 0 -18116 3086 -32096 
740445 0 0 0 0 0 0 0 0 0 0 -18116 3086 -32096 
740495 0 0 0 0 0 0 0 0 0 0 -18116 3086 -32096 
740545 0 0 0 0 0 0 0 0 0 0 -18116 3086 -32096 
740595 0 0 0 0 0 0 0 0 0 0 -18116 3086 -32096 
740646 0 0 0 0 0 0 0 0 0 0 -18116 3086 -32096 
740696 0 0 0 0 0 0 0 0 0 0 -18116 3086 -32096 
740746 0 0 0 0 0 0 0 0 0 0 -18116 3086 -32096 
740796 0 0 0 0 0 0 0 0 0 0 -18116 3086 -32096 
740846 0 0 0 0 0 0 0 0 0 0 -18116 3086 -32096 
740896 0 0 0 0 0 0 0 0 0 0 -18116 3086 -32096 
740948 0 0 0 0 0 0 0 0 0 0 -18116 3086 -32096 
740998 0 0 0 0 0 0 0 0 0 0 -18116 3086 -32096 
741048 0 0 0 0 0 0 0 0 0 0 -18116 3086 -32096 
741098 0 0 0 0 0 0 0 0 0 0 -18116 3086 -32096 
741148 0 0 0 0 0 0 0 0 0 0 -18116 3086 -32096 
741198 0 0 0 0 0 0 0 0 0 0 -18116 3086 -32096 
741248 0 0 0 0 0 0 0 0 0 0 -18116 3086 -32096 
741299 0 0 0 0 0 0 0 0 0 0 -18116 3086 -32096 
741349 0 0 0 0 0 0 0 0 0 0 -18116 3086 -32096 
741399 0 0 0 0 0 0 0 0 0 0 -18116 3086 -32096 
741449 0 0 0 0 0 0 0 0 0 0 -18116 3086 -32096 
741499 0 0 0 0 0 0 0 0 0 0 -18116 3086 -32096 
741549 0 0 0 0 0 0 0 0 0 0 -18116 3086 -32096 
741599 0 0 0 0 0 0 0 0 0 0 -18116 3086 -32096 
741650 0 0 0 0 0 0 0 0 0 0 -18116 3086 -32096 
