94582 0 0 0 0 0 0 0 0 0 0 2808 -32436 4571 
94632 0 0 0 0 0 0 0 0 0 0 2808 -32436 4571 
94682 0 0 0 0 0 0 0 0 0 0 2808 -32436 4571 
94733 0 0 0 0 0 0 0 0 0 0 2808 -32436 4571 
94783 0 0 0 0 0 0 0 0 0 0 2808 -32436 4571 
94833 0 0 0 0 0 0 0 0 0 0 2808 -32436 4571 
94883 0 0 0 0 0 0 0 0 0 0 2808 -32436 4571 
94933 0 0 0 0 0 0 0 0 0 0 2808 -32436 4571 
94983 0 0 0 0 0 0 0 0 0 0 2808 -32436 4571 
95033 0 0 0 0 0 0 0 0 0 0 2808 -32436 4571 
95084 0 0 0 0 0 0 0 0 0 0 2808 -32436 4571 
95134 0 0 0 0 0 0 0 0 0 0 2808 -32436 4571 
95184 0 0 0 0 0 0 0 0 0 0 2808 -32436 4571 
95234 0 0 0 0 0 0 0 0 0 0 2808 -32436 4571 
95284 0 0 0 0 0 0 0 0 0 0 2808 -32436 4571 
95334 0 0 0 0 0 0 0 0 0 0 2808 -32436 4571 
95384 0 0 0 0 0 0 0 0 0 0 2808 -32436 4571 
95434 0 0 0 0 0 0 0 0 0 0 2808 -32436 4571 
95484 0 0 0 0 0 0 0 0 0 0 2808 -32436 4571 
95534 0 0 0 0 0 0 0 0 0 0 2808 -32436 4571 
95585 0 0 0 0 0 0 0 0 0 0 2808 -32436 4571 
95635 0 0 0 0 0 0 0 0 0 0 2808 -32436 4571 
95685 0 0 0 0 0 0 0 0 0 0 2808 -32436 4571 
95735 0 0 0 0 0 0 0 0 0 0 2808 -32436 4571 
95785 0 0 0 0 0 0 0 0 0 0 2808 -32436 4571 
95835 0 0 0 0 0 0 0 0 0 0 2808 -32436 4571 
95885 0 0 0 0 0 0 0 0 0 0 2808 -32436 4571 
95935 0 0 0 0 0 0 0 0 0 0 2808 -32436 4571 
95985 0 0 0 0 0 0 0 0 0 0 2808 -32436 4571 
96035 0 0 0 0 0 0 0 0 0 0 2808 -32436 4571 
96085 0 0 0 0 0 0 0 0 0 0 2808 -32436 4571 
96136 0 0 0 0 0 0 0 0 0 0 2808 -32436 4571 
96186 0 0 0 0 0 0 0 0 0 0 2808 -32436 4571 
96236 0 0 0 0 0 0 0 0 0 0 2808 -32436 4571 
96286 0 0 0 0 0 0 0 0 0 0 2808 -32436 4571 
96336 0 0 0 0 0 0 0 0 0 0 2808 -32436 4571 
96386 0 0 0 0 0 0 0 0 0 0 2808 -32436 4571 
96436 0 0 0 0 0 0 0 0 0 0 2808 -32436 4571 
96486 0 0 0 0 0 0 0 0 0 0 2808 -32436 4571 
96536 0 0 0 0 0 0 0 0 0 0 2808 -32436 4571 
96586 0 0 0 0 0 0 0 0 0 0 2808 -32436 4571 
96636 0 0 0 0 0 0 0 0 0 0 2808 -32436 4571 
96686 0 0 0 0 0 0 0 0 0 0 2808 -32436 4571 
96737 0 0 0 0 0 0 0 0 0 0 2808 -32436 4571 
96787 0 0 0 0 0 0 0 0 0 0 2808 -32436 4571 
96837 0 0 0 0 0 0 0 0 0 0 2808 -32436 4571 
96887 0 0 0 0 0 0 0 0 0 0 2808 -32436 4571 
96937 0 0 0 0 0 0 0 0 0 0 2808 -32436 4571 
96987 0 0 0 0 0 0 0 0 0 0 2808 -32436 4571 
97037 0 0 0 0 0 0 0 0 0 0 2808 -32436 4571 
97088 0 0 0 0 0 0 0 0 0 0 2808 -32436 4571 
97138 0 0 0 0 0 0 0 0 0 0 2808 -32436 4571 
97188 0 0 0 0 0 0 0 0 0 0 2808 -32436 4571 
97238 0 0 0 0 0 0 0 0 0 0 2808 -32436 4571 
97288 0 0 0 0 0 0 0 0 0 0 2808 -32436 4571 
97338 0 0 0 0 0 0 0 0 0 0 2808 -32436 4571 
97388 0 0 0 0 0 0 0 0 0 0 2808 -32436 4571 
97438 0 0 0 0 0 0 0 0 0 0 2808 -32436 4571 
97488 0 0 0 0 0 0 0 0 0 0 2808 -32436 4571 
97538 0 0 0 0 0 0 0 0 0 0 2808 -32436 4571 
97589 0 0 0 0 0 0 0 0 0 0 2808 -32436 4571 
97639 0 0 0 0 0 0 0 0 0 0 2808 -32436 4571 
97689 0 0 0 0 0 0 0 0 0 0 2808 -32436 4571 
97739 0 0 0 0 0 0 0 0 0 0 2808 -32436 4571 
97789 0 0 0 0 0 0 0 0 0 0 2808 -32436 4571 
97839 0 0 0 0 0 0 0 0 0 0 2808 -32436 4571 
97889 0 0 0 0 0 0 0 0 0 0 2808 -32436 4571 
97939 0 0 0 0 0 0 0 0 0 0 2808 -32436 4571 
97989 0 0 0 0 0 0 0 0 0 0 2808 -32436 4571 
98039 0 0 0 0 0 0 0 0 0 0 2808 -32436 4571 
98090 0 0 0 0 0 0 0 0 0 0 2808 -32436 4571 
98140 0 0 0 0 0 0 0 0 0 0 2808 -32436 4571 
98190 0 0 0 0 0 0 0 0 0 0 2808 -32436 4571 
98240 0 0 0 0 0 0 0 0 0 0 2808 -32436 4571 
98290 0 0 0 0 0 0 0 0 0 0 2808 -32436 4571 
98340 0 0 0 0 0 0 0 0 0 0 2808 -32436 4571 
98390 0 0 0 0 0 0 0 0 0 0 2808 -32436 4571 
98440 0 0 0 0 0 0 0 0 0 0 2808 -32436 4571 
98490 0 0 0 0 0 0 0 0 0 0 2808 -32436 4571 
98540 0 0 0 0 0 0 0 0 0 0 2808 -32436 4571 
98590 0 0 0 0 0 0 0 0 0 0 2808 -32436 4571 
98641 0 0 0 0 0 0 0 0 0 0 2808 -32436 4571 
98691 0 0 0 0 0 0 0 0 0 0 2808 -32436 4571 
98741 0 0 0 0 0 0 0 0 0 0 2808 -32436 4571 
98791 0 0 0 0 0 0 0 0 0 0 2808 -32436 4571 
98841 0 0 0 0 0 0 0 0 0 0 2808 -32436 4571 
98891 0 0 0 0 0 0 0 0 0 0 2808 -32436 4571 
98941 0 0 0 0 0 0 0 0 0 0 2808 -32436 4571 
98991 0 0 0 0 0 0 0 0 0 0 2808 -32436 4571 
99041 0 0 0 0 0 0 0 0 0 0 2808 -32436 4571 
99091 0 0 0 0 0 0 0 0 0 0 2808 -32436 4571 
99142 0 0 0 0 0 0 0 0 0 0 2808 -32436 4571 
99192 0 0 0 0 0 0 0 0 0 0 2808 -32436 4571 
99242 0 0 0 0 0 0 0 0 0 0 2808 -32436 4571 
99292 0 0 0 0 0 0 0 0 0 0 2808 -32436 4571 
99342 0 0 0 0 0 0 0 0 0 0 2808 -32436 4571 
99392 0 0 0 0 0 0 0 0 0 0 2808 -32436 4571 
99442 0 0 0 0 0 0 0 0 0 0 2808 -32436 4571 
99492 0 0 0 0 0 0 0 0 0 0 2808 -32436 4571 
99542 0 0 0 0 0 0 0 0 0 0 2808 -32436 4571 
99592 0 0 0 0 0 0 0 0 0 0 2808 -32436 4571 
99643 0 0 0 0 0 0 0 0 0 0 2808 -32436 4571 
99693 0 0 0 0 0 0 0 0 0 0 2808 -32436 4571 
99743 0 0 0 0 0 0 0 0 0 0 2808 -32436 4571 
99793 0 0 0 0 0 0 0 0 0 0 2808 -32436 4571 
99843 0 0 0 0 0 0 0 0 0 0 2808 -32436 4571 
99893 0 0 0 0 0 0 0 0 0 0 2808 -32436 4571 
99943 0 0 0 0 0 0 0 0 0 0 2808 -32436 4571 
99993 0 0 0 0 0 0 0 0 0 0 2808 -32436 4571 
100043 0 0 0 0 0 0 0 0 0 0 2808 -32436 4571 
100093 0 0 0 0 0 0 0 0 0 0 2808 -32436 4571 
100144 0 0 0 0 0 0 0 0 0 0 2808 -32436 4571 
100194 0 0 0 0 0 0 0 0 0 0 2808 -32436 4571 
100244 0 0 0 0 0 0 0 0 0 0 2808 -32436 4571 
100294 0 0 0 0 0 0 0 0 0 0 2808 -32436 4571 
100344 0 0 0 0 0 0 0 0 0 0 2808 -32436 4571 
100394 0 0 0 0 0 0 0 0 0 0 2808 -32436 4571 
100444 0 0 0 0 0 0 0 0 0 0 2808 -32436 4571 
100494 0 0 0 0 0 0 0 0 0 0 2808 -32436 4571 
100544 0 0 0 0 0 0 0 0 0 0 2808 -32436 4571 
100594 0 0 0 0 0 0 0 0 0 0 2808 -32436 4571 
100644 0 0 0 0 0 0 0 0 0 0 2808 -32436 4571 
100694 0 0 0 0 0 0 0 0 0 0 2808 -32436 4571 
100745 0 0 0 0 0 0 0 0 0 0 2808 -32436 4571 
100795 0 0 0 0 0 0 0 0 0 0 2808 -32436 4571 
100845 0 0 0 0 0 0 0 0 0 0 2808 -32436 4571 
100895 0 0 0 0 0 0 0 0 0 0 2808 -32436 4571 
100945 0 0 0 0 0 0 0 0 0 0 2808 -32436 4571 
100995 0 0 0 0 0 0 0 0 0 0 2808 -32436 4571 
101045 0 0 0 0 0 0 0 0 0 0 2808 -32436 4571 
101095 0 0 0 0 0 0 0 0 0 0 2808 -32436 4571 
101145 0 0 0 0 0 0 0 0 0 0 2808 -32436 4571 
101195 0 0 0 0 0 0 0 0 0 0 2808 -32436 4571 
101245 0 0 0 0 0 0 0 0 0 0 2808 -32436 4571 
101296 0 0 0 0 0 0 0 0 0 0 2808 -32436 4571 
101346 0 0 0 0 0 0 0 0 0 0 2808 -32436 4571 
101396 0 0 0 0 0 0 0 0 0 0 2808 -32436 4571 
101446 0 0 0 0 0 0 0 0 0 0 2808 -32436 4571 
101496 0 0 0 0 0 0 0 0 0 0 2808 -32436 4571 
101546 0 0 0 0 0 0 0 0 0 0 2808 -32436 4571 
101596 0 0 0 0 0 0 0 0 0 0 2808 -32436 4571 
101646 0 0 0 0 0 0 0 0 0 0 2808 -32436 4571 
101696 0 0 0 0 0 0 0 0 0 0 2808 -32436 4571 
101746 0 0 0 0 0 0 0 0 0 0 2808 -32436 4571 
101796 0 0 0 0 0 0 0 0 0 0 2808 -32436 4571 
101847 0 0 0 0 0 0 0 0 0 0 2808 -32436 4571 
101897 0 0 0 0 0 0 0 0 0 0 2808 -32436 4571 
101947 0 0 0 0 0 0 0 0 0 0 2808 -32436 4571 
101997 0 0 0 0 0 0 0 0 0 0 2808 -32436 4571 
102047 0 0 0 0 0 0 0 0 0 0 2808 -32436 4571 
102097 0 0 0 0 0 0 0 0 0 0 2808 -32436 4571 
102147 0 0 0 0 0 0 0 0 0 0 2808 -32436 4571 
102197 0 0 0 0 0 0 0 0 0 0 2808 -32436 4571 
102247 0 0 0 0 0 0 0 0 0 0 2808 -32436 4571 
102297 0 0 0 0 0 0 0 0 0 0 2808 -32436 4571 
102348 0 0 0 0 0 0 0 0 0 0 2808 -32436 4571 
102398 0 0 0 0 0 0 0 0 0 0 2808 -32436 4571 
102448 0 0 0 0 0 0 0 0 0 0 2808 -32436 4571 
102498 0 0 0 0 0 0 0 0 0 0 2808 -32436 4571 
102548 0 0 0 0 0 0 0 0 0 0 2808 -32436 4571 
102598 0 0 0 0 0 0 0 0 0 0 2808 -32436 4571 
102648 0 0 0 0 0 0 0 0 0 0 2808 -32436 4571 
102698 0 0 0 0 0 0 0 0 0 0 2808 -32436 4571 
102748 0 0 0 0 0 0 0 0 0 0 2808 -32436 4571 
102798 0 0 0 0 0 0 0 0 0 0 2808 -32436 4571 
102849 0 0 0 0 0 0 0 0 0 0 2808 -32436 4571 
102899 0 0 0 0 0 0 0 0 0 0 2808 -32436 4571 
102949 0 0 0 0 0 0 0 0 0 0 2808 -32436 4571 
102999 0 0 0 0 0 0 0 0 0 0 2808 -32436 4571 
103049 0 0 0 0 0 0 0 0 0 0 2808 -32436 4571 
103099 0 0 0 0 0 0 0 0 0 0 2808 -32436 4571 
103149 0 0 0 0 0 0 0 0 0 0 2808 -32436 4571 
103199 0 0 0 0 0 0 0 0 0 0 2808 -32436 4571 
103249 0 0 0 0 0 0 0 0 0 0 2808 -32436 4571 
103299 0 0 0 0 0 0 0 0 0 0 2808 -32436 4571 
103349 0 0 0 0 0 0 0 0 0 0 2808 -32436 4571 
103399 0 0 0 0 0 0 0 0 0 0 2808 -32436 4571 
103450 0 0 0 0 0 0 0 0 0 0 2808 -32436 4571 
103500 0 0 0 0 0 0 0 0 0 0 2808 -32436 4571 
103550 0 0 0 0 0 0 0 0 0 0 2808 -32436 4571 
103600 0 0 0 0 0 0 0 0 0 0 2808 -32436 4571 
103650 0 0 0 0 0 0 0 0 0 0 2808 -32436 4571 
103700 0 0 0 0 0 0 0 0 0 0 2808 -32436 4571 
103750 0 0 0 0 0 0 0 0 0 0 2808 -32436 4571 
103800 0 0 0 0 0 0 0 0 0 0 2808 -32436 4571 
103850 0 0 0 0 0 0 0 0 0 0 2808 -32436 4571 
103900 0 0 0 0 0 0 0 0 0 0 2808 -32436 4571 
103950 0 0 0 0 0 0 0 0 0 0 2808 -32436 4571 
104001 0 0 0 0 0 0 0 0 0 0 2808 -32436 4571 
104051 0 0 0 0 0 0 0 0 0 0 2808 -32436 4571 
104101 0 0 0 0 0 0 0 0 0 0 2808 -32436 4571 
104151 0 0 0 0 0 0 0 0 0 0 2808 -32436 4571 
104201 0 0 0 0 0 0 0 0 0 0 2808 -32436 4571 
104251 0 0 0 0 0 0 0 0 0 0 2808 -32436 4571 
104301 0 0 0 0 0 0 0 0 0 0 2808 -32436 4571 
104351 0 0 0 0 0 0 0 0 0 0 2808 -32436 4571 
104401 0 0 0 0 0 0 0 0 0 0 2808 -32436 4571 
104451 0 0 0 0 0 0 0 0 0 0 2808 -32436 4571 
104502 0 0 0 0 0 0 0 0 0 0 2808 -32436 4571 
104552 0 0 0 0 0 0 0 0 0 0 2808 -32436 4571 
104602 0 0 0 0 0 0 0 0 0 0 2808 -32436 4571 
104652 0 0 0 0 0 0 0 0 0 0 2808 -32436 4571 0 
