1761803 1 2 3 4 5 6 7 8 9 10 11 12 13 
1761853 1 2 3 4 5 6 7 8 9 10 11 12 13 
1761903 1 2 3 4 5 6 7 8 9 10 11 12 13 
1761953 1 2 3 4 5 6 7 8 9 10 11 12 13 
1762003 1 2 3 4 5 6 7 8 9 10 11 12 13 
1762053 1 2 3 4 5 6 7 8 9 10 11 12 13 
1762103 1 2 3 4 5 6 7 8 9 10 11 12 13 
1762153 1 2 3 4 5 6 7 8 9 10 11 12 13 
1762203 1 2 3 4 5 6 7 8 9 10 11 12 13 
1762254 1 2 3 4 5 6 7 8 9 10 11 12 13 
1762304 1 2 3 4 5 6 7 8 9 10 11 12 13 
1762354 1 2 3 4 5 6 7 8 9 10 11 12 13 
1762404 1 2 3 4 5 6 7 8 9 10 11 12 13 
1762454 1 2 3 4 5 6 7 8 9 10 11 12 13 
1762504 1 2 3 4 5 6 7 8 9 10 11 12 13 
1762554 1 2 3 4 5 6 7 8 9 10 11 12 13 
1762604 1 2 3 4 5 6 7 8 9 10 11 12 13 
1762654 1 2 3 4 5 6 7 8 9 10 11 12 13 
1762705 1 2 3 4 5 6 7 8 9 10 11 12 13 
1762755 1 2 3 4 5 6 7 8 9 10 11 12 13 
1762805 1 2 3 4 5 6 7 8 9 10 11 12 13 
1762855 1 2 3 4 5 6 7 8 9 10 11 12 13 
1762905 1 2 3 4 5 6 7 8 9 10 11 12 13 
1762955 1 2 3 4 5 6 7 8 9 10 11 12 13 
1763005 1 2 3 4 5 6 7 8 9 10 11 12 13 
1763055 1 2 3 4 5 6 7 8 9 10 11 12 13 
1763105 1 2 3 4 5 6 7 8 9 10 11 12 13 
1763155 1 2 3 4 5 6 7 8 9 10 11 12 13 
1763205 1 2 3 4 5 6 7 8 9 10 11 12 13 
1763256 1 2 3 4 5 6 7 8 9 10 11 12 13 
1763306 1 2 3 4 5 6 7 8 9 10 11 12 13 
1763356 1 2 3 4 5 6 7 8 9 10 11 12 13 
1763406 1 2 3 4 5 6 7 8 9 10 11 12 13 
1763456 1 2 3 4 5 6 7 8 9 10 11 12 13 
1763506 1 2 3 4 5 6 7 8 9 10 11 12 13 
1763556 1 2 3 4 5 6 7 8 9 10 11 12 13 
1763606 1 2 3 4 5 6 7 8 9 10 11 12 13 
1763656 1 2 3 4 5 6 7 8 9 10 11 12 13 
1763706 1 2 3 4 5 6 7 8 9 10 11 12 13 
1763756 1 2 3 4 5 6 7 8 9 10 11 12 13 
1763806 1 2 3 4 5 6 7 8 9 10 11 12 13 
1763857 1 2 3 4 5 6 7 8 9 10 11 12 13 
1763907 1 2 3 4 5 6 7 8 9 10 11 12 13 
1763957 1 2 3 4 5 6 7 8 9 10 11 12 13 
1764007 1 2 3 4 5 6 7 8 9 10 11 12 13 
1764057 1 2 3 4 5 6 7 8 9 10 11 12 13 
1764107 1 2 3 4 5 6 7 8 9 10 11 12 13 
1764157 1 2 3 4 5 6 7 8 9 10 11 12 13 
1764207 1 2 3 4 5 6 7 8 9 10 11 12 13 
1764257 1 2 3 4 5 6 7 8 9 10 11 12 13 
1764307 1 2 3 4 5 6 7 8 9 10 11 12 13 
1764357 1 2 3 4 5 6 7 8 9 10 11 12 13 
1764408 1 2 3 4 5 6 7 8 9 10 11 12 13 
1764458 1 2 3 4 5 6 7 8 9 10 11 12 13 
1764508 1 2 3 4 5 6 7 8 9 10 11 12 13 
1764558 1 2 3 4 5 6 7 8 9 10 11 12 13 
1764608 1 2 3 4 5 6 7 8 9 10 11 12 13 
1764658 1 2 3 4 5 6 7 8 9 10 11 12 13 
1764708 1 2 3 4 5 6 7 8 9 10 11 12 13 
1764758 1 2 3 4 5 6 7 8 9 10 11 12 13 
1764808 1 2 3 4 5 6 7 8 9 10 11 12 13 
1764858 1 2 3 4 5 6 7 8 9 10 11 12 13 
1764909 1 2 3 4 5 6 7 8 9 10 11 12 13 
1764959 1 2 3 4 5 6 7 8 9 10 11 12 13 
1765009 1 2 3 4 5 6 7 8 9 10 11 12 13 
1765059 1 2 3 4 5 6 7 8 9 10 11 12 13 
1765109 1 2 3 4 5 6 7 8 9 10 11 12 13 
1765159 1 2 3 4 5 6 7 8 9 10 11 12 13 
1765209 1 2 3 4 5 6 7 8 9 10 11 12 13 
1765259 1 2 3 4 5 6 7 8 9 10 11 12 13 
1765309 1 2 3 4 5 6 7 8 9 10 11 12 13 
1765359 1 2 3 4 5 6 7 8 9 10 11 12 13 
1765409 1 2 3 4 5 6 7 8 9 10 11 12 13 
1765460 1 2 3 4 5 6 7 8 9 10 11 12 13 
1765510 1 2 3 4 5 6 7 8 9 10 11 12 13 
1765560 1 2 3 4 5 6 7 8 9 10 11 12 13 
1765610 1 2 3 4 5 6 7 8 9 10 11 12 13 
1765660 1 2 3 4 5 6 7 8 9 10 11 12 13 
1765710 1 2 3 4 5 6 7 8 9 10 11 12 13 
1765760 1 2 3 4 5 6 7 8 9 10 11 12 13 
1765810 1 2 3 4 5 6 7 8 9 10 11 12 13 
1765860 1 2 3 4 5 6 7 8 9 10 11 12 13 
1765910 1 2 3 4 5 6 7 8 9 10 11 12 13 
1765960 1 2 3 4 5 6 7 8 9 10 11 12 13 
1766011 1 2 3 4 5 6 7 8 9 10 11 12 13 
1766061 1 2 3 4 5 6 7 8 9 10 11 12 13 
1766111 1 2 3 4 5 6 7 8 9 10 11 12 13 
1766161 1 2 3 4 5 6 7 8 9 10 11 12 13 
1766211 1 2 3 4 5 6 7 8 9 10 11 12 13 
1766261 1 2 3 4 5 6 7 8 9 10 11 12 13 
1766311 1 2 3 4 5 6 7 8 9 10 11 12 13 
1766361 1 2 3 4 5 6 7 8 9 10 11 12 13 
1766411 1 2 3 4 5 6 7 8 9 10 11 12 13 
1766461 1 2 3 4 5 6 7 8 9 10 11 12 13 
1766511 1 2 3 4 5 6 7 8 9 10 11 12 13 
1766562 1 2 3 4 5 6 7 8 9 10 11 12 13 
1766612 1 2 3 4 5 6 7 8 9 10 11 12 13 
1766662 1 2 3 4 5 6 7 8 9 10 11 12 13 
1766712 1 2 3 4 5 6 7 8 9 10 11 12 13 
1766762 1 2 3 4 5 6 7 8 9 10 11 12 13 
1766812 1 2 3 4 5 6 7 8 9 10 11 12 13 
1766862 1 2 3 4 5 6 7 8 9 10 11 12 13 
1766912 1 2 3 4 5 6 7 8 9 10 11 12 13 
1766962 1 2 3 4 5 6 7 8 9 10 11 12 13 
1767013 1 2 3 4 5 6 7 8 9 10 11 12 13 
1767063 1 2 3 4 5 6 7 8 9 10 11 12 13 
1767113 1 2 3 4 5 6 7 8 9 10 11 12 13 
1767163 1 2 3 4 5 6 7 8 9 10 11 12 13 
1767213 1 2 3 4 5 6 7 8 9 10 11 12 13 
1767263 1 2 3 4 5 6 7 8 9 10 11 12 13 
1767313 1 2 3 4 5 6 7 8 9 10 11 12 13 
1767363 1 2 3 4 5 6 7 8 9 10 11 12 13 
1767413 1 2 3 4 5 6 7 8 9 10 11 12 13 
1767463 1 2 3 4 5 6 7 8 9 10 11 12 13 
1767513 1 2 3 4 5 6 7 8 9 10 11 12 13 
1767564 1 2 3 4 5 6 7 8 9 10 11 12 13 
1767614 1 2 3 4 5 6 7 8 9 10 11 12 13 
1767664 1 2 3 4 5 6 7 8 9 10 11 12 13 
1767714 1 2 3 4 5 6 7 8 9 10 11 12 13 
1767764 1 2 3 4 5 6 7 8 9 10 11 12 13 
1767814 1 2 3 4 5 6 7 8 9 10 11 12 13 
1767864 1 2 3 4 5 6 7 8 9 10 11 12 13 
1767914 1 2 3 4 5 6 7 8 9 10 11 12 13 
1767964 1 2 3 4 5 6 7 8 9 10 11 12 13 
1768014 1 2 3 4 5 6 7 8 9 10 11 12 13 
1768064 1 2 3 4 5 6 7 8 9 10 11 12 13 
1768115 1 2 3 4 5 6 7 8 9 10 11 12 13 
1768165 1 2 3 4 5 6 7 8 9 10 11 12 13 
1768215 1 2 3 4 5 6 7 8 9 10 11 12 13 
1768265 1 2 3 4 5 6 7 8 9 10 11 12 13 
1768315 1 2 3 4 5 6 7 8 9 10 11 12 13 
1768365 1 2 3 4 5 6 7 8 9 10 11 12 13 
1768415 1 2 3 4 5 6 7 8 9 10 11 12 13 
1768465 1 2 3 4 5 6 7 8 9 10 11 12 13 
1768515 1 2 3 4 5 6 7 8 9 10 11 12 13 
1768565 1 2 3 4 5 6 7 8 9 10 11 12 13 
1768616 1 2 3 4 5 6 7 8 9 10 11 12 13 
1768666 1 2 3 4 5 6 7 8 9 10 11 12 13 
1768716 1 2 3 4 5 6 7 8 9 10 11 12 13 
1768766 1 2 3 4 5 6 7 8 9 10 11 12 13 
1768816 1 2 3 4 5 6 7 8 9 10 11 12 13 
1768866 1 2 3 4 5 6 7 8 9 10 11 12 13 
1768916 1 2 3 4 5 6 7 8 9 10 11 12 13 
1768966 1 2 3 4 5 6 7 8 9 10 11 12 13 
1769016 1 2 3 4 5 6 7 8 9 10 11 12 13 
1769066 1 2 3 4 5 6 7 8 9 10 11 12 13 
1769116 1 2 3 4 5 6 7 8 9 10 11 12 13 
1769166 1 2 3 4 5 6 7 8 9 10 11 12 13 
1769217 1 2 3 4 5 6 7 8 9 10 11 12 13 
1769267 1 2 3 4 5 6 7 8 9 10 11 12 13 
1769317 1 2 3 4 5 6 7 8 9 10 11 12 13 
1769367 1 2 3 4 5 6 7 8 9 10 11 12 13 
1769417 1 2 3 4 5 6 7 8 9 10 11 12 13 
1769467 1 2 3 4 5 6 7 8 9 10 11 12 13 
1769517 1 2 3 4 5 6 7 8 9 10 11 12 13 
1769567 1 2 3 4 5 6 7 8 9 10 11 12 13 
1769617 1 2 3 4 5 6 7 8 9 10 11 12 13 
1769667 1 2 3 4 5 6 7 8 9 10 11 12 13 
1769717 1 2 3 4 5 6 7 8 9 10 11 12 13 
1769768 1 2 3 4 5 6 7 8 9 10 11 12 13 
1769818 1 2 3 4 5 6 7 8 9 10 11 12 13 
1769868 1 2 3 4 5 6 7 8 9 10 11 12 13 
1769918 1 2 3 4 5 6 7 8 9 10 11 12 13 
1769968 1 2 3 4 5 6 7 8 9 10 11 12 13 
1770018 1 2 3 4 5 6 7 8 9 10 11 12 13 
1770068 1 2 3 4 5 6 7 8 9 10 11 12 13 
1770118 1 2 3 4 5 6 7 8 9 10 11 12 13 
1770168 1 2 3 4 5 6 7 8 9 10 11 12 13 
1770218 1 2 3 4 5 6 7 8 9 10 11 12 13 
1770269 1 2 3 4 5 6 7 8 9 10 11 12 13 
1770319 1 2 3 4 5 6 7 8 9 10 11 12 13 
1770369 1 2 3 4 5 6 7 8 9 10 11 12 13 
1770419 1 2 3 4 5 6 7 8 9 10 11 12 13 
1770469 1 2 3 4 5 6 7 8 9 10 11 12 13 
1770519 1 2 3 4 5 6 7 8 9 10 11 12 13 
1770569 1 2 3 4 5 6 7 8 9 10 11 12 13 
1770619 1 2 3 4 5 6 7 8 9 10 11 12 13 
1770669 1 2 3 4 5 6 7 8 9 10 11 12 13 
1770719 1 2 3 4 5 6 7 8 9 10 11 12 13 
1770769 1 2 3 4 5 6 7 8 9 10 11 12 13 
1770820 1 2 3 4 5 6 7 8 9 10 11 12 13 
1770870 1 2 3 4 5 6 7 8 9 10 11 12 13 
1770920 1 2 3 4 5 6 7 8 9 10 11 12 13 
1770970 1 2 3 4 5 6 7 8 9 10 11 12 13 
1771020 1 2 3 4 5 6 7 8 9 10 11 12 13 
1771070 1 2 3 4 5 6 7 8 9 10 11 12 13 
1771120 1 2 3 4 5 6 7 8 9 10 11 12 13 
1771170 1 2 3 4 5 6 7 8 9 10 11 12 13 
1771220 1 2 3 4 5 6 7 8 9 10 11 12 13 
1771270 1 2 3 4 5 6 7 8 9 10 11 12 13 
1771320 1 2 3 4 5 6 7 8 9 10 11 12 13 
1771370 1 2 3 4 5 6 7 8 9 10 11 12 13 
1771421 1 2 3 4 5 6 7 8 9 10 11 12 13 
1771471 1 2 3 4 5 6 7 8 9 10 11 12 13 
1771521 1 2 3 4 5 6 7 8 9 10 11 12 13 
1771571 1 2 3 4 5 6 7 8 0 0 0 0 0 0 0 0 0 0 0 0 0 0 0 0 0 0 0 0 0 0 0 0 0 0 0 0 0 0 0 0 0 11 0 0 0 0 0 0 0 0 
