13552 0 0 0 0 0 0 0 0 0 0 10 5 1 
13602 0 0 0 0 0 0 0 0 0 0 10 5 1 
13652 0 0 0 0 0 0 0 0 0 0 10 5 1 
13702 0 0 0 0 0 0 0 0 0 0 10 5 1 
13752 0 0 0 0 0 0 0 0 0 0 10 5 1 
13803 0 0 0 0 0 0 0 0 0 0 10 5 1 
13853 0 0 0 0 0 0 0 0 0 0 10 5 1 
13903 0 0 0 0 0 0 0 0 0 0 10 5 1 
13953 0 0 0 0 0 0 0 0 0 0 10 5 1 
14003 0 0 0 0 0 0 0 0 0 0 10 5 1 
14053 0 0 0 0 0 0 0 0 0 0 10 5 1 
14103 0 0 0 0 0 0 0 0 0 0 10 5 1 
14154 0 0 0 0 0 0 0 0 0 0 10 5 1 
14204 0 0 0 0 0 0 0 0 0 0 10 5 1 
14254 0 0 0 0 0 0 0 0 0 0 10 5 1 
14304 0 0 0 0 0 0 0 0 0 0 10 5 1 
14354 0 0 0 0 0 0 0 0 0 0 10 5 1 
14404 0 0 0 0 0 0 0 0 0 0 10 5 1 
14454 0 0 0 0 0 0 0 0 0 0 10 5 1 
14504 0 0 0 0 0 0 0 0 0 0 10 5 1 
14554 0 0 0 0 0 0 0 0 0 0 10 5 1 
14604 0 0 0 0 0 0 0 0 0 0 10 5 1 
14654 0 0 0 0 0 0 0 0 0 0 10 5 1 
14705 0 0 0 0 0 0 0 0 0 0 10 5 1 
14755 0 0 0 0 0 0 0 0 0 0 10 5 1 
14805 0 0 0 0 0 0 0 0 0 0 10 5 1 
14855 0 0 0 0 0 0 0 0 0 0 10 5 1 
14905 0 0 0 0 0 0 0 0 0 0 10 5 1 
14955 0 0 0 0 0 0 0 0 0 0 10 5 1 
15005 0 0 0 0 0 0 0 0 0 0 10 5 1 
15055 0 0 0 0 0 0 0 0 0 0 10 5 1 
15105 0 0 0 0 0 0 0 0 0 0 10 5 1 
15155 0 0 0 0 0 0 0 0 0 0 10 5 1 
15205 0 0 0 0 0 0 0 0 0 0 10 5 1 
15256 0 0 0 0 0 0 0 0 0 0 10 5 1 
15306 0 0 0 0 0 0 0 0 0 0 10 5 1 
15356 0 0 0 0 0 0 0 0 0 0 10 5 1 
15406 0 0 0 0 0 0 0 0 0 0 10 5 1 
15456 0 0 0 0 0 0 0 0 0 0 10 5 1 
15506 0 0 0 0 0 0 0 0 0 0 10 5 1 
15556 0 0 0 0 0 0 0 0 0 0 10 5 1 
15606 0 0 0 0 0 0 0 0 0 0 10 5 1 
15656 0 0 0 0 0 0 0 0 0 0 10 5 1 
15707 0 0 0 0 0 0 0 0 0 0 10 5 1 
15757 0 0 0 0 0 0 0 0 0 0 10 5 1 
15807 0 0 0 0 0 0 0 0 0 0 10 5 1 
15857 0 0 0 0 0 0 0 0 0 0 10 5 1 
15907 0 0 0 0 0 0 0 0 0 0 10 5 1 
15957 0 0 0 0 0 0 0 0 0 0 10 5 1 
16007 0 0 0 0 0 0 0 0 0 0 10 5 1 
16057 0 0 0 0 0 0 0 0 0 0 10 5 1 
16107 0 0 0 0 0 0 0 0 0 0 10 5 1 
16157 0 0 0 0 0 0 0 0 0 0 10 5 1 
16207 0 0 0 0 0 0 0 0 0 0 10 5 1 
16258 0 0 0 0 0 0 0 0 0 0 10 5 1 
16308 0 0 0 0 0 0 0 0 0 0 10 5 1 
16359 0 0 0 0 0 0 0 0 0 0 10 5 1 
16409 0 0 0 0 0 0 0 0 0 0 10 5 1 
16459 0 0 0 0 0 0 0 0 0 0 10 5 1 
16509 0 0 0 0 0 0 0 0 0 0 10 5 1 
16559 0 0 0 0 0 0 0 0 0 0 10 5 1 
16609 0 0 0 0 0 0 0 0 0 0 10 5 1 
16660 0 0 0 0 0 0 0 0 0 0 10 5 1 
16710 0 0 0 0 0 0 0 0 0 0 10 5 1 
16760 0 0 0 0 0 0 0 0 0 0 10 5 1 
16810 0 0 0 0 0 0 0 0 0 0 10 5 1 
16860 0 0 0 0 0 0 0 0 0 0 10 5 1 
16910 0 0 0 0 0 0 0 0 0 0 10 5 1 
16960 0 0 0 0 0 0 0 0 0 0 10 5 1 
17010 0 0 0 0 0 0 0 0 0 0 10 5 1 
17060 0 0 0 0 0 0 0 0 0 0 10 5 1 
17110 0 0 0 0 0 0 0 0 0 0 10 5 1 
17160 0 0 0 0 0 0 0 0 0 0 10 5 1 
17211 0 0 0 0 0 0 0 0 0 0 10 5 1 
17261 0 0 0 0 0 0 0 0 0 0 10 5 1 
17311 0 0 0 0 0 0 0 0 0 0 10 5 1 
17361 0 0 0 0 0 0 0 0 0 0 10 5 1 
17411 0 0 0 0 0 0 0 0 0 0 10 5 1 
17461 0 0 0 0 0 0 0 0 0 0 10 5 1 
17511 0 0 0 0 0 0 0 0 0 0 10 5 1 
17561 0 0 0 0 0 0 0 0 0 0 10 5 1 
17611 0 0 0 0 0 0 0 0 0 0 10 5 1 
17661 0 0 0 0 0 0 0 0 0 0 10 5 1 
17711 0 0 0 0 0 0 0 0 0 0 10 5 1 
17762 0 0 0 0 0 0 0 0 0 0 10 5 1 
17812 0 0 0 0 0 0 0 0 0 0 10 5 1 
17862 0 0 0 0 0 0 0 0 0 0 10 5 1 
17912 0 0 0 0 0 0 0 0 0 0 10 5 1 
17962 0 0 0 0 0 0 0 0 0 0 10 5 1 
18012 0 0 0 0 0 0 0 0 0 0 10 5 1 
18062 0 0 0 0 0 0 0 0 0 0 10 5 1 
18112 0 0 0 0 0 0 0 0 0 0 10 5 1 
18162 0 0 0 0 0 0 0 0 0 0 10 5 1 
18213 0 0 0 0 0 0 0 0 0 0 10 5 1 
18263 0 0 0 0 0 0 0 0 0 0 10 5 1 
18313 0 0 0 0 0 0 0 0 0 0 10 5 1 
18363 0 0 0 0 0 0 0 0 0 0 10 5 1 
18413 0 0 0 0 0 0 0 0 0 0 10 5 1 
18463 0 0 0 0 0 0 0 0 0 0 10 5 1 
18513 0 0 0 0 0 0 0 0 0 0 10 5 1 
18563 0 0 0 0 0 0 0 0 0 0 10 5 1 
18613 0 0 0 0 0 0 0 0 0 0 10 5 1 
18663 0 0 0 0 0 0 0 0 0 0 10 5 1 
18713 0 0 0 0 0 0 0 0 0 0 10 5 1 
18763 0 0 0 0 0 0 0 0 0 0 10 5 1 
18814 0 0 0 0 0 0 0 0 0 0 10 5 1 
18864 0 0 0 0 0 0 0 0 0 0 10 5 1 
18914 0 0 0 0 0 0 0 0 0 0 10 5 1 
