-1040187392 36 0 0 0 0 0 0 0 0 0 0 0 256 0 -255 -3058 36 0 0 0 0 0 0 0 0 0 0 0 256 0 -255 9742 37 0 0 0 0 0 0 0 0 0 0 0 256 0 -255 22542 37 0 
0 0 0 0 0 0 0 0 0 256 0 -255 -30194 37 0 0 0 0 0 0 0 0 0 0 0 256 0 -255 -17138 37 0 0 0 0 0 0 0 0 0 0 0 256 0 -255 -4338 37 0 0 0 0 0 
0 0 0 0 0 256 0 -255 8462 38 0 0 0 0 0 0 0 0 0 0 0 256 0 -255 21262 38 0 0 0 0 0 0 0 0 0 0 0 256 0 -255 -31474 38 0 0 0 0 0 0 0 0 0 
0 256 0 -255 -18674 38 0 0 0 0 0 0 0 0 0 0 0 256 0 -255 -5874 38 0 0 0 0 0 0 0 0 0 0 0 256 0 -255 6926 39 0 0 0 0 0 0 0 0 0 0 0 256 0 
1292828417 39 0 0 0 0 0 0 0 0 0 0 0 256 0 -255 32526 39 0 0 0 0 0 0 0 0 0 0 0 256 0 -255 -19954 39 0 0 0 0 0 0 0 0 0 0 0 256 0 -255 -7154 39 0 
0 0 0 0 0 0 0 0 0 256 0 -255 5646 40 0 0 0 0 0 0 0 0 0 0 0 256 0 -255 18446 40 0 0 0 0 0 0 0 0 0 0 0 256 0 -255 31246 40 0 0 0 0 0 
0 0 0 0 0 256 0 -255 -21490 40 0 0 0 0 0 0 0 0 0 0 0 256 0 -255 -8690 40 0 0 0 0 0 0 0 0 0 0 0 256 0 -255 4110 41 0 0 0 0 0 0 0 0 0 
0 256 0 -255 17166 41 0 0 0 0 0 0 0 0 0 0 0 256 0 -255 29966 41 0 0 0 0 0 0 0 0 0 0 0 256 0 -255 -22770 41 0 0 0 0 0 0 0 0 0 0 0 256 0 
-653328639 41 0 0 0 0 0 0 0 0 0 0 0 256 0 -255 2830 42 0 0 0 0 0 0 0 0 0 0 0 256 0 -255 15630 42 0 0 0 0 0 0 0 0 0 0 0 256 0 -255 28430 42 0 
0 0 0 0 0 0 0 0 0 256 0 -255 -24306 42 0 0 0 0 0 0 0 0 0 0 0 256 0 -255 -11506 42 0 0 0 0 0 0 0 0 0 0 0 256 0 -255 1294 43 0 0 0 0 0 
0 0 0 0 0 256 0 -255 14094 43 0 0 0 0 0 0 0 0 0 0 0 256 0 -255 27150 43 0 0 0 0 0 0 0 0 0 0 0 256 0 -255 -25586 43 0 0 0 0 0 0 0 0 0 
0 256 0 -255 -12786 43 0 0 0 0 0 0 0 0 0 0 0 256 0 -255 14 44 0 0 0 0 0 0 0 0 0 0 0 256 0 -255 12814 44 0 0 0 0 0 0 0 0 0 0 0 256 0 
1678704385 44 0 0 0 0 0 0 0 0 0 0 0 256 0 -255 -27122 44 0 0 0 0 0 0 0 0 0 0 0 256 0 -255 -14322 44 0 0 0 0 0 0 0 0 0 0 0 256 0 -255 -1522 44 0 
0 0 0 0 0 0 0 0 0 256 0 -255 11278 45 0 0 0 0 0 0 0 0 0 0 0 256 0 -255 24334 45 0 0 0 0 0 0 0 0 0 0 0 256 0 -255 -28402 45 0 0 0 0 0 
0 0 0 0 0 256 0 -255 -15602 45 0 0 0 0 0 0 0 0 0 0 0 256 0 -255 -2802 45 0 0 0 0 0 0 0 0 0 0 0 256 0 -255 9998 46 0 0 0 0 0 0 0 0 0 
0 256 0 -255 22798 46 0 0 0 0 0 0 0 0 0 0 0 256 0 -255 -29938 46 0 0 0 0 0 0 0 0 0 0 0 256 0 -255 -17138 46 0 0 0 0 0 0 0 0 0 0 0 256 0 
-284229887 46 0 0 0 0 0 0 0 0 0 0 0 256 0 -255 8462 