8193 0 0 0 0 0 0 0 0 0 0 0 0 0 
8243 0 0 0 0 0 0 0 0 0 0 0 0 0 
8293 0 0 0 0 0 0 0 0 0 0 0 0 0 
8343 0 0 0 0 0 0 0 0 0 0 0 0 0 
8393 0 0 0 0 0 0 0 0 0 0 0 0 0 
8443 0 0 0 0 0 0 0 0 0 0 0 0 0 
8493 0 0 0 0 0 0 0 0 0 0 0 0 0 
8543 0 0 0 0 0 0 0 0 0 0 0 0 0 
8593 0 0 0 0 0 0 0 0 0 0 0 0 0 
8643 0 0 0 0 0 0 0 0 0 0 0 0 0 
8694 0 0 0 0 0 0 0 0 0 0 0 0 0 
8744 0 0 0 0 0 0 0 0 0 0 0 0 0 
8794 0 0 0 0 0 0 0 0 0 0 0 0 0 
8844 0 0 0 0 0 0 0 0 0 0 0 0 0 
8894 0 0 0 0 0 0 0 0 0 0 0 0 0 
8944 0 0 0 0 0 0 0 0 0 0 0 0 0 
8994 0 0 0 0 0 0 0 0 0 0 0 0 0 
9044 0 0 0 0 0 0 0 0 0 0 0 0 0 
9094 0 0 0 0 0 0 0 0 0 0 0 0 0 
9144 0 0 0 0 0 0 0 0 0 0 0 0 0 
9195 0 0 0 0 0 0 0 0 0 0 0 0 0 
9245 0 0 0 0 0 0 0 0 0 0 0 0 0 
9295 0 0 0 0 0 0 0 0 0 0 0 0 0 
9345 0 0 0 0 0 0 0 0 0 0 0 0 0 
9395 0 0 0 0 0 0 0 0 0 0 0 0 0 
9448 0 0 0 0 0 0 0 0 0 0 0 0 0 
9498 0 0 0 0 0 0 0 0 0 0 0 0 0 
9548 0 0 0 0 0 0 0 0 0 0 0 0 0 
9599 0 0 0 0 0 0 0 0 0 0 0 0 0 
9649 0 0 0 0 0 0 0 0 0 0 0 0 0 
9699 0 0 0 0 0 0 0 0 0 0 0 0 0 
9749 0 0 0 0 0 0 0 0 0 0 0 0 0 
9799 0 0 0 0 0 0 0 0 0 0 0 0 0 
9849 0 0 0 0 0 0 0 0 0 0 0 0 0 
9899 0 0 0 0 0 0 0 0 0 0 0 0 0 
9949 0 0 0 0 0 0 0 0 0 0 0 0 0 
9999 0 0 0 0 0 0 0 0 0 0 0 0 0 
10049 0 0 0 0 0 0 0 0 0 0 0 0 0 
10099 0 0 0 0 0 0 0 0 0 0 0 0 0 
10149 0 0 0 0 0 0 0 0 0 0 0 0 0 
10200 0 0 0 0 0 0 0 0 0 0 0 0 0 
10250 0 0 0 0 0 0 0 0 0 0 0 0 0 
10301 0 0 0 0 0 0 0 0 0 0 0 0 0 
10351 0 0 0 0 0 0 0 0 0 0 0 0 0 
10401 0 0 0 0 0 0 0 0 0 0 0 0 0 
10451 0 0 0 0 0 0 0 0 0 0 0 0 0 
10501 0 0 0 0 0 0 0 0 0 0 0 0 0 
10551 0 0 0 0 0 0 0 0 0 0 0 0 0 
10601 0 0 0 0 0 0 0 0 0 0 0 0 0 
10651 0 0 0 0 0 0 0 0 0 0 0 0 0 
10701 0 0 0 0 0 0 0 0 0 0 0 0 0 
10751 0 0 0 0 0 0 0 0 0 0 0 0 0 
10801 0 0 0 0 0 0 0 0 0 0 0 0 0 
10852 0 0 0 0 0 0 0 0 0 0 0 0 0 
10902 0 0 0 0 0 0 0 0 0 0 0 0 0 
10952 0 0 0 0 0 0 0 0 0 0 0 0 0 
11002 0 0 0 0 0 0 0 0 0 0 0 0 0 
11052 0 0 0 0 0 0 0 0 0 0 0 0 0 
11102 0 0 0 0 0 0 0 0 0 0 0 0 0 
11152 0 0 0 0 0 0 0 0 0 0 0 0 0 
11202 0 0 0 0 0 0 0 0 0 0 0 0 0 
11252 0 0 0 0 0 0 0 0 0 0 0 0 0 
11303 0 0 0 0 0 0 0 0 0 0 0 0 0 
11353 0 0 0 0 0 0 0 0 0 0 0 0 0 
11403 0 0 0 0 0 0 0 0 0 0 0 0 0 
11453 0 0 0 0 0 0 0 0 0 0 0 0 0 
11503 0 0 0 0 0 0 0 0 0 0 0 0 0 
11553 0 0 0 0 0 0 0 0 0 0 0 0 0 
11603 0 0 0 0 0 0 0 0 0 0 0 0 0 
11654 0 0 0 0 0 0 0 0 0 0 0 0 0 
11704 0 0 0 0 0 0 0 0 0 0 0 0 0 
11754 0 0 0 0 0 0 0 0 0 0 0 0 0 
11804 0 0 0 0 0 0 0 0 0 0 0 0 0 
11854 0 0 0 0 0 0 0 0 0 0 0 0 0 
11904 0 0 0 0 0 0 0 0 0 0 0 0 0 
11954 0 0 0 0 0 0 0 0 0 0 0 0 0 
12004 0 0 0 0 0 0 0 0 0 0 0 0 0 
12054 0 0 0 0 0 0 0 0 0 0 0 0 0 
12104 0 0 0 0 0 0 0 0 0 0 0 0 0 
12155 0 0 0 0 0 0 0 0 0 0 0 0 0 
12205 0 0 0 0 0 0 0 0 0 0 0 0 0 
12255 0 0 0 0 0 0 0 0 0 0 0 0 0 
12305 0 0 0 0 0 0 0 0 0 0 0 0 0 
12355 0 0 0 0 0 0 0 0 0 0 0 0 0 
12405 0 0 0 0 0 0 0 0 0 0 0 0 0 
12455 0 0 0 0 0 0 0 0 0 0 0 0 0 
12505 0 0 0 0 0 0 0 0 0 0 0 0 0 
12555 0 0 0 0 0 0 0 0 0 0 0 0 0 
12605 0 0 0 0 0 0 0 0 0 0 0 0 0 
12655 0 0 0 0 0 0 0 0 0 0 0 0 0 
12706 0 0 0 0 0 0 0 0 0 0 0 0 0 
12756 0 0 0 0 0 0 0 0 0 0 0 0 0 
12806 0 0 0 0 0 0 0 0 0 0 0 0 0 
12856 0 0 0 0 0 0 0 0 0 0 0 0 0 
12906 0 0 0 0 0 0 0 0 0 0 0 0 0 
12956 0 0 0 0 0 0 0 0 0 0 0 0 0 
13006 0 0 0 0 0 0 0 0 0 0 0 0 0 
13056 0 0 0 0 0 0 0 0 0 0 0 0 0 
13106 0 0 0 0 0 0 0 0 0 0 0 0 0 
13157 0 0 0 0 0 0 0 0 0 0 0 0 0 
13207 0 0 0 0 0 0 0 0 0 0 0 0 0 
13257 0 0 0 0 0 0 0 0 0 0 0 0 0 
13309 0 0 0 0 0 0 0 0 0 0 0 0 0 
13359 0 0 0 0 0 0 0 0 0 0 0 0 0 
13409 0 0 0 0 0 0 0 0 0 0 0 0 0 
13459 0 0 0 0 0 0 0 0 0 0 0 0 0 
13510 0 0 0 0 0 0 0 0 0 0 0 0 0 
13560 0 0 0 0 0 0 0 0 0 0 0 0 0 
