805440780 0 0 0 0 518 503 406 381 321 489 30 22 37 
807919984 0 0 0 0 517 502 406 381 321 489 29 22 37 
810398378 0 0 0 0 517 503 407 382 322 488 29 22 37 
810515990 0 0 0 0 517 503 407 382 322 488 30 22 37 
812916658 0 0 0 0 518 502 407 383 321 489 29 22 37 
815432782 0 0 0 0 519 503 407 383 322 490 29 22 37 
815590374 0 0 0 0 519 503 408 383 322 490 29 22 37 
815708788 0 0 0 0 518 503 407 383 321 490 30 22 37 
817951186 0 0 0 0 519 503 407 382 322 490 29 22 37 
818108792 0 0 0 0 519 503 406 382 323 490 29 22 37 
820428372 0 0 0 0 518 503 407 381 322 489 30 22 37 
820625580 0 0 0 0 518 502 407 381 323 489 29 22 37 
822948254 0 0 0 0 518 503 407 381 322 489 30 22 37 
825465584 0 0 0 0 519 501 406 381 322 490 30 22 37 
825780034 0 0 0 0 519 501 406 381 322 489 30 22 37 
827943576 0 0 0 0 518 501 407 383 322 490 30 22 37 
828297982 0 0 0 0 518 501 408 383 322 490 30 22 37 
830462376 0 0 0 0 518 502 408 384 321 488 30 22 37 
830777168 0 0 0 0 519 503 408 384 322 488 30 22 37 
832980780 0 0 0 0 519 502 406 384 324 488 30 25 37 
833295168 0 0 0 0 519 502 407 384 324 488 30 25 37 
835459174 0 0 0 0 518 504 408 384 326 489 29 25 37 
837976778 0 0 0 0 518 503 407 384 325 489 29 25 37 
838487978 0 0 0 0 518 504 407 384 325 489 30 25 37 
840494364 0 0 0 0 517 505 405 384 324 490 29 25 37 
840966452 0 0 0 0 516 505 404 383 324 490 29 25 37 
842969970 0 0 0 0 515 502 404 381 325 490 29 25 37 
843481570 0 0 0 0 515 501 404 381 324 490 29 25 37 
845488850 0 0 0 0 514 501 406 381 323 490 29 23 37 
845999162 0 0 0 0 515 502 407 381 323 490 29 22 37 
848004256 0 0 0 0 516 502 408 383 320 489 29 22 37 
850521960 0 0 0 0 518 501 408 385 319 490 29 22 37 
851151448 0 0 0 0 519 502 408 384 319 491 29 22 37 
853000254 0 0 0 0 520 502 409 384 321 492 30 22 37 
853667966 0 0 0 0 520 502 409 384 322 491 29 22 37 
855515964 0 0 0 0 519 503 409 383 325 490 30 25 37 
856184370 0 0 0 0 519 503 408 383 326 489 29 25 37 
858033164 0 0 0 0 518 501 408 383 327 488 30 25 37 
858702688 0 0 0 0 518 501 408 383 327 488 29 25 37 
860513170 0 0 0 0 517 501 407 382 325 488 30 25 37 
863030756 0 0 0 0 517 502 406 382 322 488 30 22 37 
863856762 0 0 0 0 517 502 407 382 322 488 30 22 37 
865548760 0 0 0 0 518 501 406 381 321 488 30 22 37 
866374366 0 0 0 0 518 501 406 381 321 488 30 22 37 
868067216 0 0 0 0 518 502 406 381 321 488 30 22 37 
868893560 0 0 0 0 518 501 406 381 322 488 30 22 37 
870544352 0 0 0 0 518 500 407 382 323 487 29 22 37 
871410764 0 0 0 0 518 500 406 382 323 487 30 23 37 
873061564 0 0 0 0 517 500 407 383 325 487 29 24 37 
875579562 0 0 0 0 517 501 407 384 324 487 29 24 37 
876563556 0 0 0 0 517 501 407 385 325 487 30 24 37 
878098356 0 0 0 0 517 502 406 385 325 487 29 24 37 
879041962 0 0 0 0 516 502 406 385 324 488 29 24 37 
880575154 0 0 0 0 516 503 407 385 323 488 29 25 37 
881559030 0 0 0 0 516 503 406 385 323 488 29 22 37 
883093160 0 0 0 0 516 502 406 384 322 487 29 22 37 
884076790 0 0 0 0 516 503 407 384 323 487 29 22 37 
885611958 0 0 0 0 517 504 407 384 323 488 29 22 37 
888091158 0 0 0 0 516 504 407 382 323 488 30 22 37 
889231820 0 0 0 0 515 503 407 381 322 489 29 22 37 
890609150 0 0 0 0 516 502 407 381 322 490 30 22 37 
891749556 0 0 0 0 515 502 408 381 322 490 29 22 37 
893125556 0 0 0 0 515 502 407 381 321 489 30 22 37 
894266756 0 0 0 0 516 502 409 382 322 488 29 22 37 
895605942 0 0 0 0 516 502 407 382 321 487 30 22 37 
896747148 0 0 0 0 517 502 407 383 322 488 30 22 37 
898124354 0 0 0 0 517 502 406 383 323 488 30 22 37 
900642634 0 0 0 0 517 503 406 383 324 489 30 24 37 
901901552 0 0 0 0 517 502 406 383 324 489 30 24 37 
903158746 0 0 0 0 515 502 406 383 324 490 30 22 37 
904417144 0 0 0 0 516 503 406 383 323 489 30 24 37 
905638632 0 0 0 0 515 503 406 383 322 489 29 22 37 
906936344 0 0 0 0 516 502 406 384 322 489 30 22 37 
908157150 0 0 0 0 516 503 407 383 322 489 29 22 37 
909455148 0 0 0 0 516 503 407 382 322 489 30 22 37 
910673948 0 0 0 0 516 502 407 382 322 489 29 22 37 
913152348 0 0 0 0 516 502 407 382 322 489 29 22 37 
914569410 0 0 0 0 517 502 407 382 323 489 29 22 37 
915670340 0 0 0 0 517 502 407 382 323 489 29 22 37 
917084740 0 0 0 0 517 501 407 382 324 489 29 25 37 
918186746 0 0 0 0 517 501 406 381 325 489 29 25 37 
919601938 0 0 0 0 516 502 404 379 327 488 29 25 37 
920703944 0 0 0 0 516 502 405 378 328 487 29 25 37 
922119944 0 0 0 0 516 503 405 375 329 485 29 25 37 
923182336 0 0 0 0 516 503 406 373 329 484 29 25 37 
925701142 0 0 0 0 513 499 407 368 326 484 29 25 37 
927236336 0 0 0 0 512 498 407 367 322 484 29 22 37 
928219942 0 0 0 0 513 498 406 365 320 484 29 22 37 
929753940 0 0 0 0 514 498 404 362 320 483 29 22 37 
930698740 0 0 0 0 513 496 408 360 320 482 29 22 37 
932273934 0 0 0 0 514 494 410 358 321 482 29 22 37 
933217382 0 0 0 0 516 493 407 356 322 483 29 22 37 
934790820 0 0 0 0 516 490 405 352 326 484 29 25 37 
935735538 0 0 0 0 515 488 408 351 328 485 29 25 37 
938253536 0 0 0 0 514 484 409 353 325 487 29 25 37 
939907136 0 0 0 0 512 480 406 352 325 488 29 25 37 
940733524 0 0 0 0 511 479 406 353 325 488 29 25 37 
942425928 0 0 0 0 511 475 408 355 322 488 29 22 37 
943252728 0 0 0 0 511 475 406 356 320 488 29 22 37 
944943134 0 0 0 0 511 473 406 357 320 487 29 22 37 
945769934 0 0 0 0 511 473 408 359 319 487 29 22 37 
947461808 0 0 0 0 513 473 413 361 316 487 29 22 37 
948247932 0 0 0 0 515 473 411 361 316 487 29 22 37 
950765132 0 0 0 0 513 469 412 355 323 488 29 23 37 
952574150 0 0 0 0 513 467 411 352 329 487 29 25 37 
953282318 0 0 0 0 513 467 413 351 330 487 29 25 37 
955091524 0 0 0 0 512 464 413 348 327 488 28 25 37 
955760730 0 0 0 0 512 462 413 347 326 489 24 25 37 
957609822 0 0 0 0 509 459 416 345 325 490 24 25 37 
958278616 0 0 0 0 509 457 418 344 324 489 24 25 37 
960127522 0 0 0 0 510 454 416 339 321 489 24 23 37 
960796328 0 0 0 0 510 453 417 338 321 488 24 23 37 
963315514 0 0 0 0 510 448 421 333 317 487 24 23 37 
965282720 0 0 0 0 512 444 424 329 313 486 24 23 37 
965794832 0 0 0 0 513 444 424 328 313 486 24 23 37 
967763512 0 0 0 0 515 437 426 324 314 485 24 23 37 
968314312 0 0 0 0 515 436 426 323 316 485 23 23 37 
970282312 0 0 0 0 514 429 436 326 320 485 25 23 37 
970832724 0 0 0 0 515 428 440 327 320 484 25 23 37 
972799916 0 0 0 0 520 427 440 330 318 484 25 23 37 
973311522 0 0 0 0 521 426 439 331 318 485 25 23 37 
975827516 0 0 0 0 517 418 450 337 323 488 25 23 37 
977953252 0 0 0 0 519 414 446 344 324 491 25 24 37 
978345908 0 0 0 0 520 415 446 346 325 491 25 24 37 
980431514 0 0 0 0 518 412 451 358 329 493 28 24 37 
980824412 0 0 0 0 518 410 452 361 330 493 28 24 37 
982947118 0 0 0 0 516 405 456 379 328 496 30 24 37 
983339512 0 0 0 0 516 405 454 382 328 496 29 24 37 
985463918 0 0 0 0 515 407 450 396 327 498 30 24 37 
985857110 0 0 0 0 515 407 449 399 327 499 29 24 37 
988335910 0 0 0 0 512 409 450 413 325 501 29 24 37 
990617508 0 0 0 0 514 413 440 417 322 502 30 23 37 
990853502 0 0 0 0 513 413 438 417 322 502 29 23 37 
993134308 0 0 0 0 509 417 437 424 323 501 30 23 37 
993370708 0 0 0 0 508 417 437 424 323 501 30 23 37 
995652800 0 0 0 0 508 421 437 433 319 500 30 23 37 
995849270 0 0 0 0 509 421 436 434 319 500 30 23 37 
998130700 0 0 0 0 508 427 433 442 315 499 30 23 37 
998366706 0 0 0 0 506 427 432 443 315 499 30 23 37 
1000885504 0 0 0 0 507 435 428 453 312 496 35 23 37 
1003325504 0 0 0 0 511 441 423 461 314 496 35 23 37 
1003482704 0 0 0 0 511 442 423 461 314 496 35 23 37 
1005802702 0 0 0 0 513 450 418 467 316 496 35 23 37 
1005999908 0 0 0 0 513 451 418 467 316 496 35 23 37 
1008320308 0 0 0 0 513 460 415 473 318 496 35 23 37 
1008517508 0 0 0 0 512 461 414 474 318 496 36 23 37 
1010837906 0 0 0 0 511 471 413 479 320 496 37 23 37 
1011034706 0 0 0 0 511 471 413 479 320 497 37 23 37 
1013393906 0 0 0 0 513 487 409 481 321 496 37 23 37 
1015910418 0 0 0 0 513 499 408 472 322 496 35 23 37 
1016067898 0 0 0 0 513 500 408 472 322 496 35 23 37 
1018427904 0 0 0 0 513 512 408 455 321 494 35 23 37 
1018545490 0 0 0 0 513 513 408 455 322 494 35 23 37 
1020903102 0 0 0 0 513 523 408 433 322 492 