2546779 1 2 3 4 5 6 7 8 9 10 11 12 13 
2546829 1 2 3 4 5 6 7 8 9 10 11 12 13 
2546879 1 2 3 4 5 6 7 8 9 10 11 12 13 
2546929 1 2 3 4 5 6 7 8 9 10 11 12 13 
2546979 1 2 3 4 5 6 7 8 9 10 11 12 13 
2547029 1 2 3 4 5 6 7 8 9 10 11 12 13 
2547079 1 2 3 4 5 6 7 8 9 10 11 12 13 
2547129 1 2 3 4 5 6 7 8 9 10 11 12 13 
2547179 1 2 3 4 5 6 7 8 9 10 11 12 13 
2547230 1 2 3 4 5 6 7 8 9 10 11 12 13 
2547280 1 2 3 4 5 6 7 8 9 10 11 12 13 
2547330 1 2 3 4 5 6 7 8 9 10 11 12 13 
2547380 1 2 3 4 5 6 7 8 9 10 11 12 13 
2547430 1 2 3 4 5 6 7 8 9 10 11 12 13 
2547480 1 2 3 4 5 6 7 8 9 10 11 12 13 
2547530 1 2 3 4 5 6 7 8 9 10 11 12 13 
2547580 1 2 3 4 5 6 7 8 9 10 11 12 13 
2547631 1 2 3 4 5 6 7 8 9 10 11 12 13 
2547681 1 2 3 4 5 6 7 8 9 10 11 12 13 
2547731 1 2 3 4 5 6 7 8 9 10 11 12 13 
2547782 1 2 3 4 5 6 7 8 9 10 11 12 13 
2547832 1 2 3 4 5 6 7 8 9 10 11 12 13 
2547882 1 2 3 4 5 6 7 8 9 10 11 12 13 
2547932 1 2 3 4 5 6 7 8 9 10 11 12 13 
2547982 1 2 3 4 5 6 7 8 9 10 11 12 13 
2548032 1 2 3 4 5 6 7 8 9 10 11 12 13 
2548082 1 2 3 4 5 6 7 8 9 10 11 12 13 
2548132 1 2 3 4 5 6 7 8 9 10 11 12 13 
2548182 1 2 3 4 5 6 7 8 9 10 11 12 13 
2548232 1 2 3 4 5 6 7 8 9 10 11 12 13 
2548282 1 2 3 4 5 6 7 8 9 10 11 12 13 
2548332 1 2 3 4 5 6 7 8 9 10 11 12 13 
2548383 1 2 3 4 5 6 7 8 9 10 11 12 13 
2548433 1 2 3 4 5 6 7 8 9 10 11 12 13 
2548483 1 2 3 4 5 6 7 8 9 10 11 12 13 
2548533 1 2 3 4 5 6 7 8 9 10 11 12 13 
2548583 1 2 3 4 5 6 7 8 9 10 11 12 13 
2548633 1 2 3 4 5 6 7 8 9 10 11 12 13 
2548683 1 2 3 4 5 6 7 8 9 10 11 12 13 
2548733 1 2 3 4 5 6 7 8 9 10 11 12 13 
2548783 1 2 3 4 5 6 7 8 9 10 11 12 13 
2548834 1 2 3 4 5 6 7 8 9 10 11 12 13 
2548884 1 2 3 4 5 6 7 8 9 10 11 12 13 
2548934 1 2 3 4 5 6 7 8 9 10 11 12 13 
2548984 1 2 3 4 5 6 7 8 9 10 11 12 13 
2549034 1 2 3 4 5 6 7 8 9 10 11 12 13 
2549084 1 2 3 4 5 6 7 8 9 10 11 12 13 
2549134 1 2 3 4 5 6 7 8 9 10 11 12 13 
2549184 1 2 3 4 5 6 7 8 9 10 11 12 13 
2549234 1 2 3 4 5 6 7 8 9 10 11 12 13 
2549284 1 2 3 4 5 6 7 8 9 10 11 12 13 
2549334 1 2 3 4 5 6 7 8 9 10 11 12 13 
2549384 1 2 3 4 5 6 7 8 9 10 11 12 13 
2549435 1 2 3 4 5 6 7 8 9 10 11 12 13 
2549485 1 2 3 4 5 6 7 8 9 10 11 12 13 
2549535 1 2 3 4 5 6 7 8 9 10 11 12 13 
2549585 1 2 3 4 5 6 7 8 9 10 11 12 13 
2549635 1 2 3 4 5 6 7 8 9 10 11 12 13 
2549685 1 2 3 4 5 6 7 8 9 10 11 12 13 
2549735 1 2 3 4 5 6 7 8 9 10 11 12 13 
2549785 1 2 3 4 5 6 7 8 9 10 11 12 13 
2549835 1 2 3 4 5 6 7 8 9 10 11 12 13 
2549885 1 2 3 4 5 6 7 8 9 10 11 12 13 
2549935 1 2 3 4 5 6 7 8 9 10 11 12 13 
2549986 1 2 3 4 5 6 7 8 9 10 11 12 13 
2550036 1 2 3 4 5 6 7 8 9 10 11 12 13 
2550086 1 2 3 4 5 6 7 8 9 10 11 12 13 
2550136 1 2 3 4 5 6 7 8 9 10 11 12 13 
2550186 1 2 3 4 5 6 7 8 9 10 11 12 13 
2550236 1 2 3 4 5 6 7 8 9 10 11 12 13 
2550286 1 2 3 4 5 6 7 8 9 10 11 12 13 
2550336 1 2 3 4 5 6 7 8 9 10 11 12 13 
2550386 1 2 3 4 5 6 7 8 9 10 11 12 13 
2550436 1 2 3 4 5 6 7 8 9 10 11 12 13 
2550487 1 2 3 4 5 6 7 8 9 10 11 12 13 
2550537 1 2 3 4 5 6 7 8 9 10 11 12 13 
2550587 1 2 3 4 5 6 7 8 9 10 11 12 13 
2550637 1 2 3 4 5 6 7 8 9 10 11 12 13 
2550687 1 2 3 4 5 6 7 8 9 10 11 12 13 
2550737 1 2 3 4 5 6 7 8 9 10 11 12 13 
2550787 1 2 3 4 5 6 7 8 9 10 11 12 13 
2550837 1 2 3 4 5 6 7 8 9 10 11 12 13 
2550888 1 2 3 4 5 6 7 8 9 10 11 12 13 
2550938 1 2 3 4 5 6 7 8 9 10 11 12 13 
2550989 1 2 3 4 5 6 7 8 9 10 11 12 13 
2551040 1 2 3 4 5 6 7 8 9 10 11 12 13 
2551090 1 2 3 4 5 6 7 8 9 10 11 12 13 
2551140 1 2 3 4 5 6 7 8 9 10 11 12 13 
2551190 1 2 3 4 5 6 7 8 9 10 11 12 13 
2551240 1 2 3 4 5 6 7 8 9 10 11 12 13 
2551290 1 2 3 4 5 6 7 8 9 10 11 12 13 
2551340 1 2 3 4 5 6 7 8 9 10 11 12 13 
2551391 1 2 3 4 5 6 7 8 9 10 11 12 13 
2551441 1 2 3 4 5 6 7 8 9 10 11 12 13 
2551491 1 2 3 4 5 6 7 8 9 10 11 12 13 
2551541 1 2 3 4 5 6 7 8 9 10 11 12 13 
2551591 1 2 3 4 5 6 7 8 9 10 11 12 13 
2551641 1 2 3 4 5 6 7 8 9 10 11 12 13 
2551691 1 2 3 4 5 6 7 8 9 10 11 12 13 
2551742 1 2 3 4 5 6 7 8 9 10 11 12 13 
2551792 1 2 3 4 5 6 7 8 9 10 11 12 13 
2551842 1 2 3 4 5 6 7 8 9 10 11 12 13 
2551892 1 2 3 4 5 6 7 8 9 10 11 12 13 
2551942 1 2 3 4 5 6 7 8 9 10 11 12 13 
2551992 1 2 3 4 5 6 7 8 9 10 11 12 13 
2552042 1 2 3 4 5 6 7 8 9 10 11 12 13 
2552092 1 2 3 4 5 6 7 8 9 10 11 12 13 
2552142 1 2 3 4 5 6 7 8 9 10 11 12 13 
2552192 1 2 3 4 5 6 7 8 9 10 11 12 13 
2552243 1 2 3 4 5 6 7 8 9 10 11 12 13 
2552293 1 2 3 4 5 6 7 8 9 10 11 12 13 
2552343 1 2 3 4 5 6 7 8 9 10 11 12 13 
2552393 1 2 3 4 5 6 7 8 9 10 11 12 13 
2552443 1 2 3 4 5 6 7 8 9 10 11 12 13 
2552493 1 2 3 4 5 6 7 8 9 10 11 12 13 
2552543 1 2 3 4 5 6 7 8 9 10 11 12 13 
2552593 1 2 3 4 5 6 7 8 9 10 11 12 13 
2552643 1 2 3 4 5 6 7 8 9 10 11 12 13 
2552693 1 2 3 4 5 6 7 8 9 10 11 12 13 
2552743 1 2 3 4 5 6 7 8 9 10 11 12 13 
2552794 1 2 3 4 5 6 7 8 9 10 11 12 13 
2552844 1 2 3 4 5 6 7 8 9 10 11 12 13 
2552894 1 2 3 4 5 6 7 8 9 10 11 12 13 
2552944 1 2 3 4 5 6 7 8 9 10 11 12 13 
2552994 1 2 3 4 5 6 7 8 9 10 11 12 13 
2553044 1 2 3 4 5 6 7 8 9 10 11 12 13 
2553094 1 2 3 4 5 6 7 8 9 10 11 12 13 
2553144 1 2 3 4 5 6 7 8 9 10 11 12 13 
2553194 1 2 3 4 5 6 7 8 9 10 11 12 13 
2553244 1 2 3 4 5 6 7 8 9 10 11 12 13 
2553294 1 2 3 4 5 6 7 8 9 10 11 12 13 
2553345 1 2 3 4 5 6 7 8 9 10 11 12 13 
2553395 1 2 3 4 5 6 7 8 9 10 11 12 13 
2553445 1 2 3 4 5 6 7 8 9 10 11 12 13 
2553495 1 2 3 4 5 6 7 8 9 10 11 12 13 
2553545 1 2 3 4 5 6 7 8 9 10 11 12 13 
2553595 1 2 3 4 5 6 7 8 9 10 11 12 13 
2553645 1 2 3 4 5 6 7 8 9 10 11 12 13 
2553695 1 2 3 4 5 6 7 8 9 10 11 12 13 
2553745 1 2 3 4 5 6 7 8 9 10 11 12 13 
2553795 1 2 3 4 5 6 7 8 9 10 11 12 13 
2553846 1 2 3 4 5 6 7 8 9 10 11 12 13 
2553896 1 2 3 4 5 6 7 8 9 10 11 12 13 
2553946 1 2 3 4 5 6 7 8 9 10 11 12 13 
2553996 1 2 3 4 5 6 7 8 9 10 11 12 13 
2554046 1 2 3 4 5 6 7 8 9 10 11 12 13 
2554096 1 2 3 4 5 6 7 8 9 10 11 12 13 
2554146 1 2 3 4 5 6 7 8 9 10 11 12 13 
2554196 1 2 3 4 5 6 7 8 9 10 11 12 13 
2554246 1 2 3 4 5 6 7 8 9 10 11 12 13 
2554296 1 2 3 4 5 6 7 8 9 10 11 12 13 
2554346 1 2 3 4 5 6 7 8 9 10 11 12 13 
2554396 1 2 3 4 5 6 7 8 9 10 11 12 13 
2554447 1 2 3 4 5 6 7 8 9 10 11 12 13 
2554497 1 2 3 4 5 6 7 8 9 10 11 12 13 
2554547 1 2 3 4 5 6 7 8 9 10 11 12 13 
2554597 1 2 3 4 5 6 7 8 9 10 11 12 13 
2554647 1 2 3 4 5 6 7 8 9 10 11 12 13 
2554697 1 2 3 4 5 6 7 8 9 10 11 12 13 
2554747 1 2 3 4 5 6 7 8 9 10 11 12 13 
2554797 1 2 3 4 5 6 7 8 9 10 11 12 13 
2554847 1 2 3 4 5 6 7 8 9 10 11 12 13 
2554897 1 2 3 4 5 6 7 8 9 10 11 12 13 
2554948 1 2 3 4 5 6 7 8 9 10 11 12 13 
2554998 1 2 3 4 5 6 7 8 9 10 11 12 13 
2555048 1 2 3 4 5 6 7 8 9 10 11 12 13 
2555098 1 2 3 4 5 6 7 8 9 10 11 12 13 
2555148 1 2 3 4 5 6 7 8 9 10 11 12 13 
2555198 1 2 3 4 5 6 7 8 9 10 11 12 13 
2555248 1 2 3 4 5 6 7 8 9 10 11 12 13 
2555299 1 2 3 4 5 6 7 8 9 10 11 12 13 
2555349 1 2 3 4 5 6 7 8 9 10 11 12 13 
2555399 1 2 3 4 5 6 7 8 9 10 11 12 13 
2555449 1 2 3 4 5 6 7 8 9 10 11 12 13 
2555499 1 2 3 4 5 6 7 8 9 10 11 12 13 
2555549 1 2 3 4 5 6 7 8 9 10 11 12 13 
2555599 1 2 3 4 5 6 7 8 9 10 11 12 13 
2555649 1 2 3 4 5 6 7 8 9 10 11 12 13 
2555699 1 2 3 4 5 6 7 8 9 10 11 12 13 
2555749 1 2 3 4 5 6 7 8 9 10 11 12 13 
2555800 1 2 3 4 5 6 7 8 9 10 11 12 13 
2555850 1 2 3 4 5 6 7 8 9 10 11 12 13 
2555900 1 2 3 4 5 6 7 8 9 10 11 12 13 
2555950 1 2 3 4 5 6 7 8 9 10 11 12 13 
2556000 1 2 3 4 5 6 7 8 9 10 11 12 13 
2556050 1 2 3 4 5 6 7 8 9 10 11 12 13 
2556100 1 2 3 4 5 6 7 8 9 10 11 12 13 
2556150 1 2 3 4 5 6 7 8 9 10 11 12 13 
2556200 1 2 3 4 5 6 7 8 9 10 11 12 13 
2556250 1 2 3 4 5 6 7 8 9 10 11 12 13 
2556300 1 2 3 4 5 6 7 8 9 10 11 12 13 
2556351 1 2 3 4 5 6 7 8 9 10 11 12 13 
2556401 1 2 3 4 5 6 7 8 9 10 11 12 13 
2556451 1 2 3 4 5 6 7 8 9 10 11 12 13 
2556501 1 2 3 4 5 6 7 8 9 10 11 12 13 
2556551 1 2 3 4 5 6 7 8 9 10 11 12 13 
2556601 1 2 3 4 5 6 7 8 9 10 11 12 13 
2556653 1 2 3 4 5 6 7 8 9 10 11 12 13 
2556703 1 2 3 4 5 6 7 8 9 10 11 12 13 
2556753 1 2 3 4 5 6 7 8 9 10 11 12 13 
2556803 1 2 3 4 5 6 7 8 9 10 11 12 13 
2556853 1 2 3 4 5 6 7 8 9 0 0 0 0 0 0 0 0 0 10 0 0 0 0 0 0 0 0 0 0 0 0 0 0 0 0 0 0 0 0 0 0 0 0 0 0 0 0 0 0 12 
