272724 0 0 0 0 0 0 0 0 0 0 2104 -32388 264 
272774 0 0 0 0 0 0 0 0 0 0 2104 -32388 264 
272824 0 0 0 0 0 0 0 0 0 0 2104 -32388 264 
272875 0 0 0 0 0 0 0 0 0 0 2104 -32388 264 
272925 0 0 0 0 0 0 0 0 0 0 2104 -32388 264 
272975 0 0 0 0 0 0 0 0 0 0 2104 -32388 264 
273025 0 0 0 0 0 0 0 0 0 0 2104 -32388 264 
273075 0 0 0 0 0 0 0 0 0 0 2104 -32388 264 
273125 0 0 0 0 0 0 0 0 0 0 2104 -32388 264 
273175 0 0 0 0 0 0 0 0 0 0 2104 -32388 264 
273226 0 0 0 0 0 0 0 0 0 0 2104 -32388 264 
273276 0 0 0 0 0 0 0 0 0 0 2104 -32388 264 
273326 0 0 0 0 0 0 0 0 0 0 2104 -32388 264 
273376 0 0 0 0 0 0 0 0 0 0 2104 -32388 264 
273426 0 0 0 0 0 0 0 0 0 0 2104 -32388 264 
273476 0 0 0 0 0 0 0 0 0 0 2104 -32388 264 
273526 0 0 0 0 0 0 0 0 0 0 2104 -32388 264 
273576 0 0 0 0 0 0 0 0 0 0 2104 -32388 264 
273626 0 0 0 0 0 0 0 0 0 0 2104 -32388 264 
273676 0 0 0 0 0 0 0 0 0 0 2104 -32388 264 
273726 0 0 0 0 0 0 0 0 0 0 2104 -32388 264 
273777 0 0 0 0 0 0 0 0 0 0 2104 -32388 264 
273827 0 0 0 0 0 0 0 0 0 0 2104 -32388 264 
273877 0 0 0 0 0 0 0 0 0 0 2104 -32388 264 
273927 0 0 0 0 0 0 0 0 0 0 2104 -32388 264 
273977 0 0 0 0 0 0 0 0 0 0 2104 -32388 264 
274027 0 0 0 0 0 0 0 0 0 0 2104 -32388 264 
274077 0 0 0 0 0 0 0 0 0 0 2104 -32388 264 
274127 0 0 0 0 0 0 0 0 0 0 2104 -32388 264 
274177 0 0 0 0 0 0 0 0 0 0 2104 -32388 264 
274227 0 0 0 0 0 0 0 0 0 0 2104 -32388 264 
274277 0 0 0 0 0 0 0 0 0 0 2104 -32388 264 
274328 0 0 0 0 0 0 0 0 0 0 2104 -32388 264 
274378 0 0 0 0 0 0 0 0 0 0 2104 -32388 264 
274428 0 0 0 0 0 0 0 0 0 0 2104 -32388 264 
274478 0 0 0 0 0 0 0 0 0 0 2104 -32388 264 
274528 0 0 0 0 0 0 0 0 0 0 2104 -32388 264 
274578 0 0 0 0 0 0 0 0 0 0 2104 -32388 264 
274628 0 0 0 0 0 0 0 0 0 0 2104 -32388 264 
274678 0 0 0 0 0 0 0 0 0 0 2104 -32388 264 
274728 0 0 0 0 0 0 0 0 0 0 2104 -32388 264 
274778 0 0 0 0 0 0 0 0 0 0 2104 -32388 264 
274828 0 0 0 0 0 0 0 0 0 0 2104 -32388 264 
274878 0 0 0 0 0 0 0 0 0 0 2104 -32388 264 
274929 0 0 0 0 0 0 0 0 0 0 2104 -32388 264 
274979 0 0 0 0 0 0 0 0 0 0 2104 -32388 264 
275029 0 0 0 0 0 0 0 0 0 0 2104 -32388 264 
275079 0 0 0 0 0 0 0 0 0 0 2104 -32388 264 
275129 0 0 0 0 0 0 0 0 0 0 2104 -32388 264 
275179 0 0 0 0 0 0 0 0 0 0 2104 -32388 264 
275229 0 0 0 0 0 0 0 0 0 0 2104 -32388 264 
275279 0 0 0 0 0 0 0 0 0 0 2104 -32388 264 
275329 0 0 0 0 0 0 0 0 0 0 2104 -32388 264 
275379 0 0 0 0 0 0 0 0 0 0 2104 -32388 264 
275430 0 0 0 0 0 0 0 0 0 0 2104 -32388 264 
275480 0 0 0 0 0 0 0 0 0 0 2104 -32388 264 
275530 0 0 0 0 0 0 0 0 0 0 2104 -32388 264 
275580 0 0 0 0 0 0 0 0 0 0 2104 -32388 264 
275630 0 0 0 0 0 0 0 0 0 0 2104 -32388 264 
275680 0 0 0 0 0 0 0 0 0 0 2104 -32388 264 
275730 0 0 0 0 0 0 0 0 0 0 2104 -32388 264 
275780 0 0 0 0 0 0 0 0 0 0 2104 -32388 264 
275830 0 0 0 0 0 0 0 0 0 0 2104 -32388 264 
275880 0 0 0 0 0 0 0 0 0 0 2104 -32388 264 
275930 0 0 0 0 0 0 0 0 0 0 2104 -32388 264 
275981 0 0 0 0 0 0 0 0 0 0 2104 -32388 264 
276031 0 0 0 0 0 0 0 0 0 0 2104 -32388 264 
276081 0 0 0 0 0 0 0 0 0 0 2104 -32388 264 
276131 0 0 0 0 0 0 0 0 0 0 2104 -32388 264 
276181 0 0 0 0 0 0 0 0 0 0 2104 -32388 264 
276231 0 0 0 0 0 0 0 0 0 0 2104 -32388 264 
276281 0 0 0 0 0 0 0 0 0 0 2104 -32388 264 
276331 0 0 0 0 0 0 0 0 0 0 2104 -32388 264 
276381 0 0 0 0 0 0 0 0 0 0 2104 -32388 264 
276431 0 0 0 0 0 0 0 0 0 0 2104 -32388 264 
276482 0 0 0 0 0 0 0 0 0 0 2104 -32388 264 
276532 0 0 0 0 0 0 0 0 0 0 2104 -32388 264 
276582 0 0 0 0 0 0 0 0 0 0 2104 -32388 264 
276632 0 0 0 0 0 0 0 0 0 0 2104 -32388 264 
276683 0 0 0 0 0 0 0 0 0 0 2104 -32388 264 
276733 0 0 0 0 0 0 0 0 0 0 2104 -32388 264 
276783 0 0 0 0 0 0 0 0 0 0 2104 -32388 264 
276833 0 0 0 0 0 0 0 0 0 0 2104 -32388 264 
276883 0 0 0 0 0 0 0 0 0 0 2104 -32388 264 
276933 0 0 0 0 0 0 0 0 0 0 2104 -32388 264 
276983 0 0 0 0 0 0 0 0 0 0 2104 -32388 264 
277033 0 0 0 0 0 0 0 0 0 0 2104 -32388 264 
277083 0 0 0 0 0 0 0 0 0 0 2104 -32388 264 
277134 0 0 0 0 0 0 0 0 0 0 2104 -32388 264 
277184 0 0 0 0 0 0 0 0 0 0 2104 -32388 264 
277234 0 0 0 0 0 0 0 0 0 0 2104 -32388 264 
277284 0 0 0 0 0 0 0 0 0 0 2104 -32388 264 
277334 0 0 0 0 0 0 0 0 0 0 2104 -32388 264 
277384 0 0 0 0 0 0 0 0 0 0 2104 -32388 264 
277434 0 0 0 0 0 0 0 0 0 0 2104 -32388 264 
277484 0 0 0 0 0 0 0 0 0 0 2104 -32388 264 
277534 0 0 0 0 0 0 0 0 0 0 2104 -32388 264 
277584 0 0 0 0 0 0 0 0 0 0 2104 -32388 264 
277634 0 0 0 0 0 0 0 0 0 0 2104 -32388 264 
277685 0 0 0 0 0 0 0 0 0 0 2104 -32388 264 
277735 0 0 0 0 0 0 0 0 0 0 2104 -32388 264 
277785 0 0 0 0 0 0 0 0 0 0 2104 -32388 264 
277835 0 0 0 0 0 0 0 0 0 0 2104 -32388 264 
277885 0 0 0 0 0 0 0 0 0 0 2104 -32388 264 
277935 0 0 0 0 0 0 0 0 0 0 2104 -32388 264 
277985 0 0 0 0 0 0 0 0 0 0 2104 -32388 264 
278035 0 0 0 0 0 0 0 0 0 0 2104 -32388 264 
278085 0 0 0 0 0 0 0 0 0 0 2104 -32388 264 
278135 0 0 0 0 0 0 0 0 0 0 2104 -32388 264 
278185 0 0 0 0 0 0 0 0 0 0 2104 -32388 264 
278235 0 0 0 0 0 0 0 0 0 0 2104 -32388 264 
278286 0 0 0 0 0 0 0 0 0 0 2104 -32388 264 
278336 0 0 0 0 0 0 0 0 0 0 2104 -32388 264 
278386 0 0 0 0 0 0 0 0 0 0 2104 -32388 264 
278436 0 0 0 0 0 0 0 0 0 0 2104 -32388 264 
278486 0 0 0 0 0 0 0 0 0 0 2104 -32388 264 
278536 0 0 0 0 0 0 0 0 0 0 2104 -32388 264 
278586 0 0 0 0 0 0 0 0 0 0 2104 -32388 264 
278636 0 0 0 0 0 0 0 0 0 0 2104 -32388 264 
278686 0 0 0 0 0 0 0 0 0 0 2104 -32388 264 
278736 0 0 0 0 0 0 0 0 0 0 2104 -32388 264 
278787 0 0 0 0 0 0 0 0 0 0 2104 -32388 264 
278837 0 0 0 0 0 0 0 0 0 0 2104 -32388 264 
278887 0 0 0 0 0 0 0 0 0 0 2104 -32388 264 
278937 0 0 0 0 0 0 0 0 0 0 2104 -32388 264 
278987 0 0 0 0 0 0 0 0 0 0 2104 -32388 264 
279037 0 0 0 0 0 0 0 0 0 0 2104 -32388 264 
279087 0 0 0 0 0 0 0 0 0 0 2104 -32388 264 
279137 0 0 0 0 0 0 0 0 0 0 2104 -32388 264 
279187 0 0 0 0 0 0 0 0 0 0 2104 -32388 264 
279237 0 0 0 0 0 0 0 0 0 0 2104 -32388 264 
279287 0 0 0 0 0 0 0 0 0 0 2104 -32388 264 
279338 0 0 0 0 0 0 0 0 0 0 2104 -32388 264 
279388 0 0 0 0 0 0 0 0 0 0 2104 -32388 264 
279438 0 0 0 0 0 0 0 0 0 0 2104 -32388 264 
279488 0 0 0 0 0 0 0 0 0 0 2104 -32388 264 
279538 0 0 0 0 0 0 0 0 0 0 2104 -32388 264 
279588 0 0 0 0 0 0 0 0 0 0 2104 -32388 264 
279638 0 0 0 0 0 0 0 0 0 0 2104 -32388 264 
279688 0 0 0 0 0 0 0 0 0 0 2104 -32388 264 
279738 0 0 0 0 0 0 0 0 0 0 2104 -32388 264 
279788 0 0 0 0 0 0 0 0 0 0 2104 -32388 264 
279838 0 0 0 0 0 0 0 0 0 0 2104 -32388 264 
279889 0 0 0 0 0 0 0 0 0 0 2104 -32388 264 
279939 0 0 0 0 0 0 0 0 0 0 2104 -32388 264 
279989 0 0 0 0 0 0 0 0 0 0 2104 -32388 264 
280039 0 0 0 0 0 0 0 0 0 0 2104 -32388 264 
280089 0 0 0 0 0 0 0 0 0 0 2104 -32388 264 
280139 0 0 0 0 0 0 0 0 0 0 2104 -32388 264 
280189 0 0 0 0 0 0 0 0 0 0 2104 -32388 264 
280239 0 0 0 0 0 0 0 0 0 0 2104 -32388 264 
280289 0 0 0 0 0 0 0 0 0 0 2104 -32388 264 
280339 0 0 0 0 0 0 0 0 0 0 2104 -32388 264 
280389 0 0 0 0 0 0 0 0 0 0 2104 -32388 264 
280440 0 0 0 0 0 0 0 0 0 0 2104 -32388 264 
280490 0 0 0 0 0 0 0 0 0 0 2104 -32388 264 
280540 0 0 0 0 0 0 0 0 0 0 2104 -32388 264 
280590 0 0 0 0 0 0 0 0 0 0 2104 -32388 264 
280640 0 0 0 0 0 0 0 0 0 0 2104 -32388 264 
280690 0 0 0 0 0 0 0 0 0 0 2104 -32388 264 
280740 0 0 0 0 0 0 0 0 0 0 2104 -32388 264 
280790 0 0 0 0 0 0 0 0 0 0 2104 -32388 264 
280840 0 0 0 0 0 0 0 0 0 0 2104 -32388 264 
280890 0 0 0 0 0 0 0 0 0 0 2104 -32388 264 
280940 0 0 0 0 0 0 0 0 0 0 2104 -32388 264 
280991 0 0 0 0 0 0 0 0 0 0 2104 -32388 264 
281041 0 0 0 0 0 0 0 0 0 0 2104 -32388 264 
281091 0 0 0 0 0 0 0 0 0 0 2104 -32388 264 
281141 0 0 0 0 0 0 0 0 0 0 2104 -32388 264 
281191 0 0 0 0 0 0 0 0 0 0 2104 -32388 264 
281241 0 0 0 0 0 0 0 0 0 0 2104 -32388 264 
281291 0 0 0 0 0 0 0 0 0 0 2104 -32388 264 
281341 0 0 0 0 0 0 0 0 0 0 2104 -32388 264 
281391 0 0 0 0 0 0 0 0 0 0 2104 -32388 264 
281441 0 0 0 0 0 0 0 0 0 0 2104 -32388 264 
281492 0 0 0 0 0 0 0 0 0 0 2104 -32388 264 
281542 0 0 0 0 0 0 0 0 0 0 2104 -32388 264 
281592 0 0 0 0 0 0 0 0 0 0 2104 -32388 264 
281642 0 0 0 0 0 0 0 0 0 0 2104 -32388 264 
281692 0 0 0 0 0 0 0 0 0 0 2104 -32388 264 
281742 0 0 0 0 0 0 0 0 0 0 2104 -32388 264 
281792 0 0 0 0 0 0 0 0 0 0 2104 -32388 264 
281842 0 0 0 0 0 0 0 0 0 0 2104 -32388 264 
281892 0 0 0 0 0 0 0 0 0 0 2104 -32388 264 
281942 0 0 0 0 0 0 0 0 0 0 2104 -32388 264 
281992 0 0 0 0 0 0 0 0 0 0 2104 -32388 264 
282043 0 0 0 0 0 0 0 0 0 0 2104 -32388 264 
282093 0 0 0 0 0 0 0 0 0 0 2104 -32388 264 
282143 0 0 0 0 0 0 0 0 0 0 2104 -32388 264 
282193 0 0 0 0 0 0 0 0 0 0 2104 -32388 264 
282243 0 0 0 0 0 0 0 0 0 0 2104 -32388 264 
282293 0 0 0 0 0 0 0 0 0 0 2104 -32388 264 
282343 0 0 0 0 0 0 0 0 0 0 2104 -32388 264 
282393 0 0 0 0 0 0 0 0 0 0 2104 -32388 264 
282444 0 0 0 0 0 0 0 0 0 0 2104 -32388 264 
282494 0 0 0 0 0 0 0 0 0 0 2104 -32388 264 
282544 0 0 0 0 0 0 0 0 0 0 2104 -32388 264 
282594 0 0 0 0 0 0 0 0 0 0 2104 -32388 264 
