250600 1 2 3 4 5 6 7 8 9 10 11 12 13 
250650 1 2 3 4 5 6 7 8 9 10 11 12 13 
250700 1 2 3 4 5 6 7 8 9 10 11 12 13 
250750 1 2 3 4 5 6 7 8 9 10 11 12 13 
250800 1 2 3 4 5 6 7 8 9 10 11 12 13 
250850 1 2 3 4 5 6 7 8 9 10 11 12 13 
250900 1 2 3 4 5 6 7 8 9 10 11 12 13 
250950 1 2 3 4 5 6 7 8 9 10 11 12 13 
251001 1 2 3 4 5 6 7 8 9 10 11 12 13 
251051 1 2 3 4 5 6 7 8 9 10 11 12 13 
251101 1 2 3 4 5 6 7 8 9 10 11 12 13 
251151 1 2 3 4 5 6 7 8 9 10 11 12 13 
251201 1 2 3 4 5 6 7 8 9 10 11 12 13 
251251 1 2 3 4 5 6 7 8 9 10 11 12 13 
251301 1 2 3 4 5 6 7 8 9 10 11 12 13 
251351 1 2 3 4 5 6 7 8 9 10 11 12 13 
251401 1 2 3 4 5 6 7 8 9 10 11 12 13 
251451 1 2 3 4 5 6 7 8 9 10 11 12 13 
251502 1 2 3 4 5 6 7 8 9 10 11 12 13 
251552 1 2 3 4 5 6 7 8 9 10 11 12 13 
251602 1 2 3 4 5 6 7 8 9 10 11 12 13 
251652 1 2 3 4 5 6 7 8 9 10 11 12 13 
251702 1 2 3 4 5 6 7 8 9 10 11 12 13 
251752 1 2 3 4 5 6 7 8 9 10 11 12 13 
251802 1 2 3 4 5 6 7 8 9 10 11 12 13 
251852 1 2 3 4 5 6 7 8 9 10 11 12 13 
251902 1 2 3 4 5 6 7 8 9 10 11 12 13 
251953 1 2 3 4 5 6 7 8 9 10 11 12 13 
252003 1 2 3 4 5 6 7 8 9 10 11 12 13 
252053 1 2 3 4 5 6 7 8 9 10 11 12 13 
252103 1 2 3 4 5 6 7 8 9 10 11 12 13 
252153 1 2 3 4 5 6 7 8 9 10 11 12 13 
252203 1 2 3 4 5 6 7 8 9 10 11 12 13 
252253 1 2 3 4 5 6 7 8 9 10 11 12 13 
252303 1 2 3 4 5 6 7 8 9 10 11 12 13 
252353 1 2 3 4 5 6 7 8 9 10 11 12 13 
252403 1 2 3 4 5 6 7 8 9 10 11 12 13 
252453 1 2 3 4 5 6 7 8 9 10 11 12 13 
252504 1 2 3 4 5 6 7 8 9 10 11 12 13 
252554 1 2 3 4 5 6 7 8 9 10 11 12 13 
252604 1 2 3 4 5 6 7 8 9 10 11 12 13 
252654 1 2 3 4 5 6 7 8 9 10 11 12 13 
252704 1 2 3 4 5 6 7 8 9 10 11 12 13 
252754 1 2 3 4 5 6 7 8 9 10 11 12 13 
252804 1 2 3 4 5 6 7 8 9 10 11 12 13 
252854 1 2 3 4 5 6 7 8 9 10 11 12 13 
252904 1 2 3 4 5 6 7 8 9 10 11 12 13 
252954 1 2 3 4 5 6 7 8 9 10 11 12 13 
253004 1 2 3 4 5 6 7 8 9 10 11 12 13 
253055 1 2 3 4 5 6 7 8 9 10 11 12 13 
253105 1 2 3 4 5 6 7 8 9 10 11 12 13 
253155 1 2 3 4 5 6 7 8 9 10 11 12 13 
253205 1 2 3 4 5 6 7 8 9 10 11 12 13 
253255 1 2 3 4 5 6 7 8 9 10 11 12 13 
253305 1 2 3 4 5 6 7 8 9 10 11 12 13 
253355 1 2 3 4 5 6 7 8 9 10 11 12 13 
253405 1 2 3 4 5 6 7 8 9 10 11 12 13 
253455 1 2 3 4 5 6 7 8 9 10 11 12 13 
253506 1 2 3 4 5 6 7 8 9 10 11 12 13 
253556 1 2 3 4 5 6 7 8 9 10 11 12 13 
253606 1 2 3 4 5 6 7 8 9 10 11 12 13 
253656 1 2 3 4 5 6 7 8 9 10 11 12 13 
253706 1 2 3 4 5 6 7 8 9 10 11 12 13 
253756 1 2 3 4 5 6 7 8 9 10 11 12 13 
253806 1 2 3 4 5 6 7 8 9 10 11 12 13 
253856 1 2 3 4 5 6 7 8 9 10 11 12 13 
253906 1 2 3 4 5 6 7 8 9 10 11 12 13 
253957 1 2 3 4 5 6 7 8 9 10 11 12 13 
254007 1 2 3 4 5 6 7 8 9 10 11 12 13 
254057 1 2 3 4 5 6 7 8 9 10 11 12 13 
254107 1 2 3 4 5 6 7 8 9 10 11 12 13 
254157 1 2 3 4 5 6 7 8 9 10 11 12 13 
254207 1 2 3 4 5 6 7 8 9 10 11 12 13 
254257 1 2 3 4 5 6 7 8 9 10 11 12 13 
254307 1 2 3 4 5 6 7 8 9 10 11 12 13 
254357 1 2 3 4 5 6 7 8 9 10 11 12 13 
254407 1 2 3 4 5 6 7 8 9 10 11 12 13 
254457 1 2 3 4 5 6 7 8 9 10 11 12 13 
254507 1 2 3 4 5 6 7 8 9 10 11 12 13 
254558 1 2 3 4 5 6 7 8 9 10 11 12 13 
254608 1 2 3 4 5 6 7 8 9 10 11 12 13 
254658 1 2 3 4 5 6 7 8 9 10 11 12 13 
254708 1 2 3 4 5 6 7 8 9 10 11 12 13 
254758 1 2 3 4 5 6 7 8 9 10 11 12 13 
254808 1 2 3 4 5 6 7 8 9 10 11 12 13 
254858 1 2 3 4 5 6 7 8 9 10 11 12 13 
254908 1 2 3 4 5 6 7 8 9 10 11 12 13 
254958 1 2 3 4 5 6 7 8 9 10 11 12 13 
255008 1 2 3 4 5 6 7 8 9 10 11 12 13 
255059 1 2 3 4 5 6 7 8 9 10 11 12 13 
255109 1 2 3 4 5 6 7 8 9 10 11 12 13 
255159 1 2 3 4 5 6 7 8 9 10 11 12 13 
255209 1 2 3 4 5 6 7 8 9 10 11 12 13 
255259 1 2 3 4 5 6 7 8 9 10 11 12 13 
255309 1 2 3 4 5 6 7 8 9 10 11 12 13 
255359 1 2 3 4 5 6 7 8 9 10 11 12 13 
255409 1 2 3 4 5 6 7 8 9 10 11 12 13 
255459 1 2 3 4 5 6 7 8 9 10 11 12 13 
255509 1 2 3 4 5 6 7 8 9 10 11 12 13 
255559 1 2 3 4 5 6 7 8 9 10 11 12 13 
255610 1 2 3 4 5 6 7 8 9 10 11 12 13 
255660 1 2 3 4 5 6 7 8 9 10 11 12 13 
255710 1 2 3 4 5 6 7 8 9 10 11 12 13 
255760 1 2 3 4 5 6 7 8 9 10 11 12 13 
255810 1 2 3 4 5 6 7 8 9 10 11 12 13 
255860 1 2 3 4 5 6 7 8 9 10 11 12 13 
255910 1 2 3 4 5 6 7 8 9 10 11 12 13 
255960 1 2 3 4 5 6 7 8 9 10 11 12 13 
256010 1 2 3 4 5 6 7 8 9 10 11 12 13 
256060 1 2 3 4 5 6 7 8 9 10 11 12 13 
256110 1 2 3 4 5 6 7 8 9 10 11 12 13 
256161 1 2 3 4 5 6 7 8 9 10 11 12 13 
256211 1 2 3 4 5 6 7 8 9 10 11 12 13 
256261 1 2 3 4 5 6 7 8 9 10 11 12 13 
256311 1 2 3 4 5 6 7 8 9 10 11 12 13 
256361 1 2 3 4 5 6 7 8 9 10 11 12 13 
256411 1 2 3 4 5 6 7 8 9 10 11 12 13 
256461 1 2 3 4 5 6 7 8 9 10 11 12 13 
256511 1 2 3 4 5 6 7 8 9 10 11 12 13 
256562 1 2 3 4 5 6 7 8 9 10 11 12 13 
256612 1 2 3 4 5 6 7 8 9 10 11 12 13 
256662 1 2 3 4 5 6 7 8 9 10 11 12 13 
256712 1 2 3 4 5 6 7 8 9 10 11 12 13 
256762 1 2 3 4 5 6 7 8 9 10 11 12 13 
256812 1 2 3 4 5 6 7 8 9 10 11 12 13 
256862 1 2 3 4 5 6 7 8 9 10 11 12 13 
256912 1 2 3 4 5 6 7 8 9 10 11 12 13 
256962 1 2 3 4 5 6 7 8 9 10 11 12 13 
257013 1 2 3 4 5 6 7 8 9 10 11 12 13 
257063 1 2 3 4 5 6 7 8 9 10 11 12 13 
257113 1 2 3 4 5 6 7 8 9 10 11 12 13 
257163 1 2 3 4 5 6 7 8 9 10 11 12 13 
257213 1 2 3 4 5 6 7 8 9 10 11 12 13 
257263 1 2 3 4 5 6 7 8 9 10 11 12 13 
257313 1 2 3 4 5 6 7 8 9 10 11 12 13 
257363 1 2 3 4 5 6 7 8 9 10 11 12 13 
257413 1 2 3 4 5 6 7 8 9 10 11 12 13 
257463 1 2 3 4 5 6 7 8 9 10 11 12 13 
257513 1 2 3 4 5 6 7 8 9 10 11 12 13 
257564 1 2 3 4 5 6 7 8 9 10 11 12 13 
257614 1 2 3 4 5 6 7 8 9 10 11 12 13 
257664 1 2 3 4 5 6 7 8 9 10 11 12 13 
257714 1 2 3 4 5 6 7 8 9 10 11 12 13 
257764 1 2 3 4 5 6 7 8 9 10 11 12 13 
257814 1 2 3 4 5 6 7 8 9 10 11 12 13 
257864 1 2 3 4 5 6 7 8 9 10 11 12 13 
257914 1 2 3 4 5 6 7 8 9 10 11 12 13 
257964 1 2 3 4 5 6 7 8 9 10 11 12 13 
258014 1 2 3 4 5 6 7 8 9 10 11 12 13 
258065 1 2 3 4 5 6 7 8 9 10 11 12 13 
258115 1 2 3 4 5 6 7 8 9 10 11 12 13 
258165 1 2 3 4 5 6 7 8 9 10 11 12 13 
258215 1 2 3 4 5 6 7 8 9 10 11 12 13 
258265 1 2 3 4 5 6 7 8 9 10 11 12 13 
258315 1 2 3 4 5 6 7 8 9 10 11 12 13 
258365 1 2 3 4 5 6 7 8 9 10 11 12 13 
258415 1 2 3 4 5 6 7 8 9 10 11 12 13 
258465 1 2 3 4 5 6 7 8 9 10 11 12 13 
258515 1 2 3 4 5 6 7 8 9 10 11 12 13 
258565 1 2 3 4 5 6 7 8 9 10 11 12 13 
258616 1 2 3 4 5 6 7 8 9 10 11 12 13 
258666 1 2 3 4 5 6 7 8 9 10 11 12 13 
258716 1 2 3 4 5 6 7 8 9 10 11 12 13 
258766 1 2 3 4 5 6 7 8 9 10 11 12 13 
258816 1 2 3 4 5 6 7 8 9 10 11 12 13 
258866 1 2 3 4 5 6 7 8 9 10 11 12 13 
258916 1 2 3 4 5 6 7 8 9 10 11 12 13 
258966 1 2 3 4 5 6 7 8 9 10 11 12 13 
259016 1 2 3 4 5 6 7 8 9 10 11 12 13 
259066 1 2 3 4 5 6 7 8 9 10 11 12 13 
259116 1 2 3 4 5 6 7 8 9 10 11 12 13 
259167 1 2 3 4 5 6 7 8 9 10 11 12 13 
259217 1 2 3 4 5 6 7 8 9 10 11 12 13 
259267 1 2 3 4 5 6 7 8 9 10 11 12 13 
259317 1 2 3 4 5 6 7 8 9 10 11 12 13 
259367 1 2 3 4 5 6 7 8 9 10 11 12 13 
259417 1 2 3 4 5 6 7 8 9 10 11 12 13 
259467 1 2 3 4 5 6 7 8 9 10 11 12 13 
259517 1 2 3 4 5 6 7 8 9 10 11 12 13 
259567 1 2 3 4 5 6 7 8 9 10 11 12 13 
259617 1 2 3 4 5 6 7 8 9 10 11 12 13 
259667 1 2 3 4 5 6 7 8 9 10 11 12 13 
259718 1 2 3 4 5 6 7 8 9 10 11 12 13 
259768 1 2 3 4 5 6 7 8 9 10 11 12 13 
259818 1 2 3 4 5 6 7 8 9 10 11 12 13 
259868 1 2 3 4 5 6 7 8 9 10 11 12 13 
259918 1 2 3 4 5 6 7 8 9 10 11 12 13 
259968 1 2 3 4 5 6 7 8 9 10 11 12 13 
260018 1 2 3 4 5 6 7 8 9 10 11 12 13 
260068 1 2 3 4 5 6 7 8 9 10 11 12 13 
260118 1 2 3 4 5 6 7 8 9 10 11 12 13 
260168 1 2 3 4 5 6 7 8 9 10 11 12 13 
260219 1 2 3 4 5 6 7 8 9 10 11 12 13 
260269 1 2 3 4 5 6 7 8 9 10 11 12 13 
260319 1 2 3 4 5 6 7 8 9 10 11 12 13 
260369 1 2 3 4 5 6 7 8 9 10 11 12 13 
260419 1 2 3 4 5 6 7 8 9 10 11 12 13 
260469 1 2 3 4 5 6 7 8 9 10 11 12 13 
260519 1 2 3 4 5 6 7 8 9 10 11 12 13 
260569 1 2 3 4 5 6 7 8 9 10 11 12 13 
260619 1 2 3 4 5 6 7 8 9 10 11 12 13 
260670 1 2 3 4 5 6 7 8 9 10 11 12 13 
