8647 0 0 0 0 0 0 0 0 0 0 0 0 1024 
8698 0 0 0 0 0 0 0 0 0 0 0 0 1024 
8748 0 0 0 0 0 0 0 0 0 0 0 0 1024 
8798 0 0 0 0 0 0 0 0 0 0 0 0 1024 
8848 0 0 0 0 0 0 0 0 0 0 0 0 1024 
8898 0 0 0 0 0 0 0 0 0 0 0 0 1024 
8948 0 0 0 0 0 0 0 0 0 0 0 0 1024 
8998 0 0 0 0 0 0 0 0 0 0 0 0 1024 
9048 0 0 0 0 0 0 0 0 0 0 0 0 1024 
9098 0 0 0 0 0 0 0 0 0 0 0 0 1024 
9148 0 0 0 0 0 0 0 0 0 0 0 0 1024 
9199 0 0 0 0 0 0 0 0 0 0 0 0 1024 
9249 0 0 0 0 0 0 0 0 0 0 0 0 1024 
9299 0 0 0 0 0 0 0 0 0 0 0 0 1024 
9349 0 0 0 0 0 0 0 0 0 0 0 0 1024 
9399 0 0 0 0 0 0 0 0 0 0 0 0 1024 
9449 0 0 0 0 0 0 0 0 0 0 0 0 1024 
9499 0 0 0 0 0 0 0 0 0 0 0 0 1024 
9549 0 0 0 0 0 0 0 0 0 0 0 0 1024 
9599 0 0 0 0 0 0 0 0 0 0 0 0 1024 
9649 0 0 0 0 0 0 0 0 0 0 0 0 1024 
9699 0 0 0 0 0 0 0 0 0 0 0 0 1024 
9750 0 0 0 0 0 0 0 0 0 0 0 0 1024 
9800 0 0 0 0 0 0 0 0 0 0 0 0 1024 
9850 0 0 0 0 0 0 0 0 0 0 0 0 1024 
9900 0 0 0 0 0 0 0 0 0 0 0 0 1024 
9950 0 0 0 0 0 0 0 0 0 0 0 0 1024 
10000 0 0 0 0 0 0 0 0 0 0 0 0 1024 
10050 0 0 0 0 0 0 0 0 0 0 0 0 1024 
10100 0 0 0 0 0 0 0 0 0 0 0 0 1024 
10150 0 0 0 0 0 0 0 0 0 0 0 0 1024 
10200 0 0 0 0 0 0 0 0 0 0 0 0 1024 
10251 0 0 0 0 0 0 0 0 0 0 0 0 1024 
10301 0 0 0 0 0 0 0 0 0 0 0 0 1024 
10351 0 0 0 0 0 0 0 0 0 0 0 0 1024 
10401 0 0 0 0 0 0 0 0 0 0 0 0 1024 
10451 0 0 0 0 0 0 0 0 0 0 0 0 1024 
10501 0 0 0 0 0 0 0 0 0 0 0 0 1024 
10551 0 0 0 0 0 0 0 0 0 0 0 0 1024 
10601 0 0 0 0 0 0 0 0 0 0 0 0 1024 
10651 0 0 0 0 0 0 0 0 0 0 0 0 1024 
10701 0 0 0 0 0 0 0 0 0 0 0 0 1024 
10751 0 0 0 0 0 0 0 0 0 0 0 0 1024 
10801 0 0 0 0 0 0 0 0 0 0 0 0 1024 
10852 0 0 0 0 0 0 0 0 0 0 0 0 1024 
10902 0 0 0 0 0 0 0 0 0 0 0 0 1024 
10952 0 0 0 0 0 0 0 0 0 0 0 0 1024 
11002 0 0 0 0 0 0 0 0 0 0 0 0 1024 
11052 0 0 0 0 0 0 0 0 0 0 0 0 1024 
11102 0 0 0 0 0 0 0 0 0 0 0 0 1024 
11152 0 0 0 0 0 0 0 0 0 0 0 0 1024 
11202 0 0 0 0 0 0 0 0 0 0 0 0 1024 
11252 0 0 0 0 0 0 0 0 0 0 0 0 1024 
11302 0 0 0 0 0 0 0 0 0 0 0 0 1024 
11352 0 0 0 0 0 0 0 0 0 0 0 0 1024 
11403 0 0 0 0 0 0 0 0 0 0 0 0 1024 
11453 0 0 0 0 0 0 0 0 0 0 0 0 1024 
11503 0 0 0 0 0 0 0 0 0 0 0 0 1024 
11553 0 0 0 0 0 0 0 0 0 0 0 0 1024 
11603 0 0 0 0 0 0 0 0 0 0 0 0 1024 
11653 0 0 0 0 0 0 0 0 0 0 0 0 1024 
11703 0 0 0 0 0 0 0 0 0 0 0 0 1024 
11753 0 0 0 0 0 0 0 0 0 0 0 0 1024 
11803 0 0 0 0 0 0 0 0 0 0 0 0 1024 
11853 0 0 0 0 0 0 0 0 0 0 0 0 1024 
11903 0 0 0 0 0 0 0 0 0 0 0 0 1024 
11954 0 0 0 0 0 0 0 0 0 0 0 0 1024 
12004 0 0 0 0 0 0 0 0 0 0 0 0 1024 
12054 0 0 0 0 0 0 0 0 0 0 0 0 1024 
12104 0 0 0 0 0 0 0 0 0 0 0 0 1024 
12154 0 0 0 0 0 0 0 0 0 0 0 0 1024 
12204 0 0 0 0 0 0 0 0 0 0 0 0 1024 
12254 0 0 0 0 0 0 0 0 0 0 0 0 1024 
12304 0 0 0 0 0 0 0 0 0 0 0 0 1024 
12354 0 0 0 0 0 0 0 0 0 0 0 0 1024 
12404 0 0 0 0 0 0 0 0 0 0 0 0 1024 
12455 0 0 0 0 0 0 0 0 0 0 0 0 1024 
12505 0 0 0 0 0 0 0 0 0 0 0 0 1024 
12555 0 0 0 0 0 0 0 0 0 0 0 0 1024 
12605 0 0 0 0 0 0 0 0 0 0 0 0 1024 
12655 0 0 0 0 0 0 0 0 0 0 0 0 1024 
12705 0 0 0 0 0 0 0 0 0 0 0 0 1024 
12755 0 0 0 0 0 0 0 0 0 0 0 0 1024 
12805 0 0 0 0 0 0 0 0 0 0 0 0 1024 
12855 0 0 0 0 0 0 0 0 0 0 0 0 1024 
12905 0 0 0 0 0 0 0 0 0 0 0 0 1024 
12955 0 0 0 0 0 0 0 0 0 0 0 0 1024 
13006 0 0 0 0 0 0 0 0 0 0 0 0 1024 
13056 0 0 0 0 0 0 0 0 0 0 0 0 1024 
13106 0 0 0 0 0 0 0 0 0 0 0 0 1024 
13156 0 0 0 0 0 0 0 0 0 0 0 0 1024 
13206 0 0 0 0 0 0 0 0 0 0 0 0 1024 
13256 0 0 0 0 0 0 0 0 0 0 0 0 1024 
13306 0 0 0 0 0 0 0 0 0 0 0 0 1024 
13356 0 0 0 0 0 0 0 0 0 0 0 0 1024 
13406 0 0 0 0 0 0 0 0 0 0 0 0 1024 
13456 0 0 0 0 0 0 0 0 0 0 0 0 1024 
13506 0 0 0 0 0 0 0 0 0 0 0 0 1024 
13557 0 0 0 0 0 0 0 0 0 0 0 0 1024 
13607 0 0 0 0 0 0 0 0 0 0 0 0 1024 
13657 0 0 0 0 0 0 0 0 0 0 0 0 1024 
13707 0 0 0 0 0 0 0 0 0 0 0 0 1024 
13757 0 0 0 0 0 0 0 0 0 0 0 0 1024 
13807 0 0 0 0 0 0 0 0 0 0 0 0 1024 
13857 0 0 0 0 0 0 0 0 0 0 0 0 1024 
13907 0 0 0 0 0 0 0 0 0 0 0 0 1024 
13957 0 0 0 0 0 0 0 0 0 0 0 0 1024 
14008 0 0 0 0 0 0 0 0 0 0 0 0 1024 
