2686253 0 0 0 0 0 0 0 0 0 0 0 0 0 
2686303 0 0 0 0 0 0 0 0 0 0 0 0 0 
2686354 0 0 0 0 0 0 0 0 0 0 0 0 0 
2686404 0 0 0 0 0 0 0 0 0 0 0 0 0 
2686454 0 0 0 0 0 0 0 0 0 0 0 0 0 
2686504 0 0 0 0 0 0 0 0 0 0 0 0 0 
2686554 0 0 0 0 0 0 0 0 0 0 0 0 0 
2686604 0 0 0 0 0 0 0 0 0 0 0 0 0 
2686654 0 0 0 0 0 0 0 0 0 0 0 0 0 
2686704 0 0 0 0 0 0 0 0 0 0 0 0 0 
2686754 0 0 0 0 0 0 0 0 0 0 0 0 0 
2686805 0 0 0 0 0 0 0 0 0 0 0 0 0 
2686855 0 0 0 0 0 0 0 0 0 0 0 0 0 
2686905 0 0 0 0 0 0 0 0 0 0 0 0 0 
2686955 0 0 0 0 0 0 0 0 0 0 0 0 0 
2687005 0 0 0 0 0 0 0 0 0 0 0 0 0 
2687055 0 0 0 0 0 0 0 0 0 0 0 0 0 
2687105 0 0 0 0 0 0 0 0 0 0 0 0 0 
2687155 0 0 0 0 0 0 0 0 0 0 0 0 0 
2687205 0 0 0 0 0 0 0 0 0 0 0 0 0 
2687255 0 0 0 0 0 0 0 0 0 0 0 0 0 
2687305 0 0 0 0 0 0 0 0 0 0 0 0 0 
2687356 0 0 0 0 0 0 0 0 0 0 0 0 0 
2687406 0 0 0 0 0 0 0 0 0 0 0 0 0 
2687456 0 0 0 0 0 0 0 0 0 0 0 0 0 
2687506 0 0 0 0 0 0 0 0 0 0 0 0 0 
2687556 0 0 0 0 0 0 0 0 0 0 0 0 0 
2687606 0 0 0 0 0 0 0 0 0 0 0 0 0 
2687656 0 0 0 0 0 0 0 0 0 0 0 0 0 
2687706 0 0 0 0 0 0 0 0 0 0 0 0 0 
2687756 0 0 0 0 0 0 0 0 0 0 0 0 0 
2687806 0 0 0 0 0 0 0 0 0 0 0 0 0 
2687856 0 0 0 0 0 0 0 0 0 0 0 0 0 
2687907 0 0 0 0 0 0 0 0 0 0 0 0 0 
2687957 0 0 0 0 0 0 0 0 0 0 0 0 0 
2688007 0 0 0 0 0 0 0 0 0 0 0 0 0 
2688057 0 0 0 0 0 0 0 0 0 0 0 0 0 
2688107 0 0 0 0 0 0 0 0 0 0 0 0 0 
2688157 0 0 0 0 0 0 0 0 0 0 0 0 0 
2688207 0 0 0 0 0 0 0 0 0 0 0 0 0 
2688257 0 0 0 0 0 0 0 0 0 0 0 0 0 
2688307 0 0 0 0 0 0 0 0 0 0 0 0 0 
2688357 0 0 0 0 0 0 0 0 0 0 0 0 0 
2688408 0 0 0 0 0 0 0 0 0 0 0 0 0 
2688458 0 0 0 0 0 0 0 0 0 0 0 0 0 
2688508 0 0 0 0 0 0 0 0 0 0 0 0 0 
2688558 0 0 0 0 0 0 0 0 0 0 0 0 0 
2688608 0 0 0 0 0 0 0 0 0 0 0 0 0 
2688658 0 0 0 0 0 0 0 0 0 0 0 0 0 
2688708 0 0 0 0 0 0 0 0 0 0 0 0 0 
2688758 0 0 0 0 0 0 0 0 0 0 0 0 0 
2688808 0 0 0 0 0 0 0 0 0 0 0 0 0 
2688858 0 0 0 0 0 0 0 0 0 0 0 0 0 
2688908 0 0 0 0 0 0 0 0 0 0 0 0 0 
2688959 0 0 0 0 0 0 0 0 0 0 0 0 0 
2689009 0 0 0 0 0 0 0 0 0 0 0 0 0 
2689059 0 0 0 0 0 0 0 0 0 0 0 0 0 
2689109 0 0 0 0 0 0 0 0 0 0 0 0 0 
2689159 0 0 0 0 0 0 0 0 0 0 0 0 0 
2689209 0 0 0 0 0 0 0 0 0 0 0 0 0 
2689259 0 0 0 0 0 0 0 0 0 0 0 0 0 
2689309 0 0 0 0 0 0 0 0 0 0 0 0 0 
2689359 0 0 0 0 0 0 0 0 0 0 0 0 0 
2689409 0 0 0 0 0 0 0 0 0 0 0 0 0 
2689460 0 0 0 0 0 0 0 0 0 0 0 0 0 
2689510 0 0 0 0 0 0 0 0 0 0 0 0 0 
2689561 0 0 0 0 0 0 0 0 0 0 0 0 0 
2689613 0 0 0 0 0 0 0 0 0 0 0 0 0 
2689663 0 0 0 0 0 0 0 0 0 0 0 0 0 
2689713 0 0 0 0 0 0 0 0 0 0 0 0 0 
2689764 0 0 0 0 0 0 0 0 0 0 0 0 0 
2689814 0 0 0 0 0 0 0 0 0 0 0 0 0 
2689864 0 0 0 0 0 0 0 0 0 0 0 0 0 
2689914 0 0 0 0 0 0 0 0 0 0 0 0 0 
2689964 0 0 0 0 0 0 0 0 0 0 0 0 0 
2690014 0 0 0 0 0 0 0 0 0 0 0 0 0 
2690064 0 0 0 0 0 0 0 0 0 0 0 0 0 
2690117 0 0 0 0 0 0 0 0 0 0 0 0 0 
2690167 0 0 0 0 0 0 0 0 0 0 0 0 0 
2690217 0 0 0 0 0 0 0 0 0 0 0 0 0 
2690268 0 0 0 0 0 0 0 0 0 0 0 0 0 
2690318 0 0 0 0 0 0 0 0 0 0 0 0 0 
2690368 0 0 0 0 0 0 0 0 0 0 0 0 0 
2690418 0 0 0 0 0 0 0 0 0 0 0 0 0 
2690468 0 0 0 0 0 0 0 0 0 0 0 0 0 
2690518 0 0 0 0 0 0 0 0 0 0 0 0 0 
2690569 0 0 0 0 0 0 0 0 0 0 0 0 0 
2690619 0 0 0 0 0 0 0 0 0 0 0 0 0 
2690669 0 0 0 0 0 0 0 0 0 0 0 0 0 
2690720 0 0 0 0 0 0 0 0 0 0 0 0 0 
2690770 0 0 0 0 0 0 0 0 0 0 0 0 0 
2690820 0 0 0 0 0 0 0 0 0 0 0 0 0 
2690870 0 0 0 0 0 0 0 0 0 0 0 0 0 
2690920 0 0 0 0 0 0 0 0 0 0 0 0 0 
2690970 0 0 0 0 0 0 0 0 0 0 0 0 0 
2691020 0 0 0 0 0 0 0 0 0 0 0 0 0 
2691070 0 0 0 0 0 0 0 0 0 0 0 0 0 
2691121 0 0 0 0 0 0 0 0 0 0 0 0 0 
2691171 0 0 0 0 0 0 0 0 0 0 0 0 0 
2691224 0 0 0 0 0 0 0 0 0 0 0 0 0 
2691274 0 0 0 0 0 0 0 0 0 0 0 0 0 
2691324 0 0 0 0 0 0 0 0 0 0 0 0 0 
2691375 0 0 0 0 0 0 0 0 0 0 0 0 0 
2691425 0 0 0 0 0 0 0 0 0 0 0 0 0 
2691476 0 0 0 0 0 0 0 0 0 0 0 0 0 
2691526 0 0 0 0 0 0 0 0 0 0 0 0 0 
2691577 0 0 0 0 0 0 0 0 0 0 0 0 0 
2691627 0 0 0 0 0 0 0 0 0 0 0 0 0 
