8650 0 0 0 0 0 0 0 0 0 0 2104 -32388 264 
8701 0 0 0 0 0 0 0 0 0 0 2104 -32388 264 
8751 0 0 0 0 0 0 0 0 0 0 2104 -32388 264 
8801 0 0 0 0 0 0 0 0 0 0 2104 -32388 264 
8851 0 0 0 0 0 0 0 0 0 0 2104 -32388 264 
8901 0 0 0 0 0 0 0 0 0 0 2104 -32388 264 
8951 0 0 0 0 0 0 0 0 0 0 2104 -32388 264 
9001 0 0 0 0 0 0 0 0 0 0 2104 -32388 264 
9052 0 0 0 0 0 0 0 0 0 0 2104 -32388 264 
9102 0 0 0 0 0 0 0 0 0 0 2104 -32388 264 
9152 0 0 0 0 0 0 0 0 0 0 2104 -32388 264 
9202 0 0 0 0 0 0 0 0 0 0 2104 -32388 264 
9252 0 0 0 0 0 0 0 0 0 0 2104 -32388 264 
9302 0 0 0 0 0 0 0 0 0 0 2104 -32388 264 
9352 0 0 0 0 0 0 0 0 0 0 2104 -32388 264 
9402 0 0 0 0 0 0 0 0 0 0 2104 -32388 264 
9452 0 0 0 0 0 0 0 0 0 0 2104 -32388 264 
9502 0 0 0 0 0 0 0 0 0 0 2104 -32388 264 
9553 0 0 0 0 0 0 0 0 0 0 2104 -32388 264 
9603 0 0 0 0 0 0 0 0 0 0 2104 -32388 264 
9653 0 0 0 0 0 0 0 0 0 0 2104 -32388 264 
9703 0 0 0 0 0 0 0 0 0 0 2104 -32388 264 
9753 0 0 0 0 0 0 0 0 0 0 2104 -32388 264 
9803 0 0 0 0 0 0 0 0 0 0 2104 -32388 264 
9853 0 0 0 0 0 0 0 0 0 0 2104 -32388 264 
9903 0 0 0 0 0 0 0 0 0 0 2104 -32388 264 
9953 0 0 0 0 0 0 0 0 0 0 2104 -32388 264 
10003 0 0 0 0 0 0 0 0 0 0 2104 -32388 264 
10053 0 0 0 0 0 0 0 0 0 0 2104 -32388 264 
10103 0 0 0 0 0 0 0 0 0 0 2104 -32388 264 
10154 0 0 0 0 0 0 0 0 0 0 2104 -32388 264 
10204 0 0 0 0 0 0 0 0 0 0 2104 -32388 264 
10254 0 0 0 0 0 0 0 0 0 0 2104 -32388 264 
10304 0 0 0 0 0 0 0 0 0 0 2104 -32388 264 
10354 0 0 0 0 0 0 0 0 0 0 2104 -32388 264 
10404 0 0 0 0 0 0 0 0 0 0 2104 -32388 264 
10454 0 0 0 0 0 0 0 0 0 0 2104 -32388 264 
10504 0 0 0 0 0 0 0 0 0 0 2104 -32388 264 
10554 0 0 0 0 0 0 0 0 0 0 2104 -32388 264 
10604 0 0 0 0 0 0 0 0 0 0 2104 -32388 264 
10655 0 0 0 0 0 0 0 0 0 0 2104 -32388 264 
10705 0 0 0 0 0 0 0 0 0 0 2104 -32388 264 
10755 0 0 0 0 0 0 0 0 0 0 2104 -32388 264 
10805 0 0 0 0 0 0 0 0 0 0 2104 -32388 264 
10855 0 0 0 0 0 0 0 0 0 0 2104 -32388 264 
10905 0 0 0 0 0 0 0 0 0 0 2104 -32388 264 
10955 0 0 0 0 0 0 0 0 0 0 2104 -32388 264 
11005 0 0 0 0 0 0 0 0 0 0 2104 -32388 264 
11055 0 0 0 0 0 0 0 0 0 0 2104 -32388 264 
11105 0 0 0 0 0 0 0 0 0 0 2104 -32388 264 
11155 0 0 0 0 0 0 0 0 0 0 2104 -32388 264 
11206 0 0 0 0 0 0 0 0 0 0 2104 -32388 264 
11256 0 0 0 0 0 0 0 0 0 0 2104 -32388 264 
11306 0 0 0 0 0 0 0 0 0 0 2104 -32388 264 
11356 0 0 0 0 0 0 0 0 0 0 2104 -32388 264 
11406 0 0 0 0 0 0 0 0 0 0 2104 -32388 264 
11456 0 0 0 0 0 0 0 0 0 0 2104 -32388 264 
11506 0 0 0 0 0 0 0 0 0 0 2104 -32388 264 
11556 0 0 0 0 0 0 0 0 0 0 2104 -32388 264 
11606 0 0 0 0 0 0 0 0 0 0 2104 -32388 264 
11656 0 0 0 0 0 0 0 0 0 0 2104 -32388 264 
11706 0 0 0 0 0 0 0 0 0 0 2104 -32388 264 
11756 0 0 0 0 0 0 0 0 0 0 2104 -32388 264 
11807 0 0 0 0 0 0 0 0 0 0 2104 -32388 264 
11857 0 0 0 0 0 0 0 0 0 0 2104 -32388 264 
11907 0 0 0 0 0 0 0 0 0 0 2104 -32388 264 
11957 0 0 0 0 0 0 0 0 0 0 2104 -32388 264 
12007 0 0 0 0 0 0 0 0 0 0 2104 -32388 264 
12057 0 0 0 0 0 0 0 0 0 0 2104 -32388 264 
12107 0 0 0 0 0 0 0 0 0 0 2104 -32388 264 
12157 0 0 0 0 0 0 0 0 0 0 2104 -32388 264 
12207 0 0 0 0 0 0 0 0 0 0 2104 -32388 264 
12257 0 0 0 0 0 0 0 0 0 0 2104 -32388 264 
12308 0 0 0 0 0 0 0 0 0 0 2104 -32388 264 
12358 0 0 0 0 0 0 0 0 0 0 2104 -32388 264 
12408 0 0 0 0 0 0 0 0 0 0 2104 -32388 264 
12458 0 0 0 0 0 0 0 0 0 0 2104 -32388 264 
12508 0 0 0 0 0 0 0 0 0 0 2104 -32388 264 
12558 0 0 0 0 0 0 0 0 0 0 2104 -32388 264 
12608 0 0 0 0 0 0 0 0 0 0 2104 -32388 264 
12658 0 0 0 0 0 0 0 0 0 0 2104 -32388 264 
12708 0 0 0 0 0 0 0 0 0 0 2104 -32388 264 
12758 0 0 0 0 0 0 0 0 0 0 2104 -32388 264 
12808 0 0 0 0 0 0 0 0 0 0 2104 -32388 264 
12858 0 0 0 0 0 0 0 0 0 0 2104 -32388 264 
12909 0 0 0 0 0 0 0 0 0 0 2104 -32388 264 
12959 0 0 0 0 0 0 0 0 0 0 2104 -32388 264 
13009 0 0 0 0 0 0 0 0 0 0 2104 -32388 264 
13059 0 0 0 0 0 0 0 0 0 0 2104 -32388 264 
13109 0 0 0 0 0 0 0 0 0 0 2104 -32388 264 
13159 0 0 0 0 0 0 0 0 0 0 2104 -32388 264 
13209 0 0 0 0 0 0 0 0 0 0 2104 -32388 264 
13259 0 0 0 0 0 0 0 0 0 0 2104 -32388 264 
13309 0 0 0 0 0 0 0 0 0 0 2104 -32388 264 
13359 0 0 0 0 0 0 0 0 0 0 2104 -32388 264 
13410 0 0 0 0 0 0 0 0 0 0 2104 -32388 264 
13460 0 0 0 0 0 0 0 0 0 0 2104 -32388 264 
13510 0 0 0 0 0 0 0 0 0 0 2104 -32388 264 
13560 0 0 0 0 0 0 0 0 0 0 2104 -32388 264 
13610 0 0 0 0 0 0 0 0 0 0 2104 -32388 264 
13660 0 0 0 0 0 0 0 0 0 0 2104 -32388 264 
13710 0 0 0 0 0 0 0 0 0 0 2104 -32388 264 
13760 0 0 0 0 0 0 0 0 0 0 2104 -32388 264 
13810 0 0 0 0 0 0 0 0 0 0 2104 -32388 264 
13860 0 0 0 0 0 0 0 0 0 0 2104 -32388 264 
13911 0 0 0 0 0 0 0 0 0 0 2104 -32388 264 
13961 0 0 0 0 0 0 0 0 0 0 2104 -32388 264 
14011 0 0 0 0 0 0 0 0 0 0 2104 -32388 264 
14061 0 0 0 0 0 0 0 0 0 0 2104 -32388 264 
14111 0 0 0 0 0 0 0 0 0 0 2104 -32388 264 
14161 0 0 0 0 0 0 0 0 0 0 2104 -32388 264 
14211 0 0 0 0 0 0 0 0 0 0 2104 -32388 264 
14261 0 0 0 0 0 0 0 0 0 0 2104 -32388 264 
14311 0 0 0 0 0 0 0 0 0 0 2104 -32388 264 
14361 0 0 0 0 0 0 0 0 0 0 2104 -32388 264 
14411 0 0 0 0 0 0 0 0 0 0 2104 -32388 264 
14462 0 0 0 0 0 0 0 0 0 0 2104 -32388 264 
14512 0 0 0 0 0 0 0 0 0 0 2104 -32388 264 
14562 0 0 0 0 0 0 0 0 0 0 2104 -32388 264 
14612 0 0 0 0 0 0 0 0 0 0 2104 -32388 264 
14662 0 0 0 0 0 0 0 0 0 0 2104 -32388 264 
14712 0 0 0 0 0 0 0 0 0 0 2104 -32388 264 
14762 0 0 0 0 0 0 0 0 0 0 2104 -32388 264 
14812 0 0 0 0 0 0 0 0 0 0 2104 -32388 264 
14862 0 0 0 0 0 0 0 0 0 0 2104 -32388 264 
14912 0 0 0 0 0 0 0 0 0 0 2104 -32388 264 
14963 0 0 0 0 0 0 0 0 0 0 2104 -32388 264 
15013 0 0 0 0 0 0 0 0 0 0 2104 -32388 264 
15063 0 0 0 0 0 0 0 0 0 0 2104 -32388 264 
15113 0 0 0 0 0 0 0 0 0 0 2104 -32388 264 
15163 0 0 0 0 0 0 0 0 0 0 2104 -32388 264 
15213 0 0 0 0 0 0 0 0 0 0 2104 -32388 264 
15263 0 0 0 0 0 0 0 0 0 0 2104 -32388 264 
15313 0 0 0 0 0 0 0 0 0 0 2104 -32388 264 
15363 0 0 0 0 0 0 0 0 0 0 2104 -32388 264 
15413 0 0 0 0 0 0 0 0 0 0 2104 -32388 264 
15463 0 0 0 0 0 0 0 0 0 0 2104 -32388 264 
15513 0 0 0 0 0 0 0 0 0 0 2104 -32388 264 
15564 0 0 0 0 0 0 0 0 0 0 2104 -32388 264 
15614 0 0 0 0 0 0 0 0 0 0 2104 -32388 264 
15664 0 0 0 0 0 0 0 0 0 0 2104 -32388 264 
15714 0 0 0 0 0 0 0 0 0 0 2104 -32388 264 
15764 0 0 0 0 0 0 0 0 0 0 2104 -32388 264 
15814 0 0 0 0 0 0 0 0 0 0 2104 -32388 264 
15864 0 0 0 0 0 0 0 0 0 0 2104 -32388 264 
15914 0 0 0 0 0 0 0 0 0 0 2104 -32388 264 
15964 0 0 0 0 0 0 0 0 0 0 2104 -32388 264 
16014 0 0 0 0 0 0 0 0 0 0 2104 -32388 264 
16064 0 0 0 0 0 0 0 0 0 0 2104 -32388 264 
16114 0 0 0 0 0 0 0 0 0 0 2104 -32388 264 
16165 0 0 0 0 0 0 0 0 0 0 2104 -32388 264 
16215 0 0 0 0 0 0 0 0 0 0 2104 -32388 264 
16265 0 0 0 0 0 0 0 0 0 0 2104 -32388 264 
16315 0 0 0 0 0 0 0 0 0 0 2104 -32388 264 
16365 0 0 0 0 0 0 0 0 0 0 2104 -32388 264 
16415 0 0 0 0 0 0 0 0 0 0 2104 -32388 264 
16465 0 0 0 0 0 0 0 0 0 0 2104 -32388 264 
16515 0 0 0 0 0 0 0 0 0 0 2104 -32388 264 
16565 0 0 0 0 0 0 0 0 0 0 2104 -32388 264 
16615 0 0 0 0 0 0 0 0 0 0 2104 -32388 264 
16666 0 0 0 0 0 0 0 0 0 0 2104 -32388 264 
16716 0 0 0 0 0 0 0 0 0 0 2104 -32388 264 
16766 0 0 0 0 0 0 0 0 0 0 2104 -32388 264 
16816 0 0 0 0 0 0 0 0 0 0 2104 -32388 264 
16866 0 0 0 0 0 0 0 0 0 0 2104 -32388 264 
16916 0 0 0 0 0 0 0 0 0 0 2104 -32388 264 
16966 0 0 0 0 0 0 0 0 0 0 2104 -32388 264 
17016 0 0 0 0 0 0 0 0 0 0 2104 -32388 264 
17066 0 0 0 0 0 0 0 0 0 0 2104 -32388 264 
17116 0 0 0 0 0 0 0 0 0 0 2104 -32388 264 
17166 0 0 0 0 0 0 0 0 0 0 2104 -32388 264 
17216 0 0 0 0 0 0 0 0 0 0 2104 -32388 264 
17267 0 0 0 0 0 0 0 0 0 0 2104 -32388 264 
17317 0 0 0 0 0 0 0 0 0 0 2104 -32388 264 
17367 0 0 0 0 0 0 0 0 0 0 2104 -32388 264 
17417 0 0 0 0 0 0 0 0 0 0 2104 -32388 264 
17467 0 0 0 0 0 0 0 0 0 0 2104 -32388 264 
17517 0 0 0 0 0 0 0 0 0 0 2104 -32388 264 
17567 0 0 0 0 0 0 0 0 0 0 2104 -32388 264 
17617 0 0 0 0 0 0 0 0 0 0 2104 -32388 264 
17667 0 0 0 0 0 0 0 0 0 0 2104 -32388 264 
17717 0 0 0 0 0 0 0 0 0 0 2104 -32388 264 
17768 0 0 0 0 0 0 0 0 0 0 2104 -32388 264 
17818 0 0 0 0 0 0 0 0 0 0 2104 -32388 264 
17868 0 0 0 0 0 0 0 0 0 0 2104 -32388 264 
17918 0 0 0 0 0 0 0 0 0 0 2104 -32388 264 
17968 0 0 0 0 0 0 0 0 0 0 2104 -32388 264 
18018 0 0 0 0 0 0 0 0 0 0 2104 -32388 264 
18068 0 0 0 0 0 0 0 0 0 0 2104 -32388 264 
18118 0 0 0 0 0 0 0 0 0 0 2104 -32388 264 
18168 0 0 0 0 0 0 0 0 0 0 2104 -32388 264 
18218 0 0 0 0 0 0 0 0 0 0 2104 -32388 264 
18268 0 0 0 0 0 0 0 0 0 0 2104 -32388 264 
18319 0 0 0 0 0 0 0 0 0 0 2104 -32388 264 
18369 0 0 0 0 0 0 0 0 0 0 2104 -32388 264 
18419 0 0 0 0 0 0 0 0 0 0 2104 -32388 264 
18469 0 0 0 0 0 0 0 0 0 0 2104 -32388 264 
18519 0 0 0 0 0 0 0 0 0 0 2104 -32388 264 
18569 0 0 0 0 0 0 0 0 0 0 2104 -32388 264 
18619 0 0 0 0 0 0 0 0 0 0 2104 -32388 264 
18669 0 0 0 0 0 0 0 0 0 0 0 0 0 0 0 0 0 0 0 0 0 0 0 0 0 0 0 0 0 0 0 0 0 0 0 0 0 0 0 0 0 0 0 0 0 0 0 0 0 0 
