455530 1 2 3 4 5 6 7 8 9 10 11 12 13 
455580 1 2 3 4 5 6 7 8 9 10 11 12 13 
455630 1 2 3 4 5 6 7 8 9 10 11 12 13 
455680 1 2 3 4 5 6 7 8 9 10 11 12 13 
455730 1 2 3 4 5 6 7 8 9 10 11 12 13 
455780 1 2 3 4 5 6 7 8 9 10 11 12 13 
455830 1 2 3 4 5 6 7 8 9 10 11 12 13 
455880 1 2 3 4 5 6 7 8 9 10 11 12 13 
455931 1 2 3 4 5 6 7 8 9 10 11 12 13 
455981 1 2 3 4 5 6 7 8 9 10 11 12 13 
456031 1 2 3 4 5 6 7 8 9 10 11 12 13 
456081 1 2 3 4 5 6 7 8 9 10 11 12 13 
456131 1 2 3 4 5 6 7 8 9 10 11 12 13 
456181 1 2 3 4 5 6 7 8 9 10 11 12 13 
456231 1 2 3 4 5 6 7 8 9 10 11 12 13 
456281 1 2 3 4 5 6 7 8 9 10 11 12 13 
456331 1 2 3 4 5 6 7 8 9 10 11 12 13 
456381 1 2 3 4 5 6 7 8 9 10 11 12 13 
456432 1 2 3 4 5 6 7 8 9 10 11 12 13 
456482 1 2 3 4 5 6 7 8 9 10 11 12 13 
456532 1 2 3 4 5 6 7 8 9 10 11 12 13 
456582 1 2 3 4 5 6 7 8 9 10 11 12 13 
456632 1 2 3 4 5 6 7 8 9 10 11 12 13 
456682 1 2 3 4 5 6 7 8 9 10 11 12 13 
456732 1 2 3 4 5 6 7 8 9 10 11 12 13 
456783 1 2 3 4 5 6 7 8 9 10 11 12 13 
456833 1 2 3 4 5 6 7 8 9 10 11 12 13 
456883 1 2 3 4 5 6 7 8 9 10 11 12 13 
456933 1 2 3 4 5 6 7 8 9 10 11 12 13 
456983 1 2 3 4 5 6 7 8 9 10 11 12 13 
457033 1 2 3 4 5 6 7 8 9 10 11 12 13 
457083 1 2 3 4 5 6 7 8 9 10 11 12 13 
457133 1 2 3 4 5 6 7 8 9 10 11 12 13 
457183 1 2 3 4 5 6 7 8 9 10 11 12 13 
457233 1 2 3 4 5 6 7 8 9 10 11 12 13 
457283 1 2 3 4 5 6 7 8 9 10 11 12 13 
457334 1 2 3 4 5 6 7 8 9 10 11 12 13 
457384 1 2 3 4 5 6 7 8 9 10 11 12 13 
457434 1 2 3 4 5 6 7 8 9 10 11 12 13 
457484 1 2 3 4 5 6 7 8 9 10 11 12 13 
457534 1 2 3 4 5 6 7 8 9 10 11 12 13 
457584 1 2 3 4 5 6 7 8 9 10 11 12 13 
457637 1 2 3 4 5 6 7 8 9 10 11 12 13 
457687 1 2 3 4 5 6 7 8 9 10 11 12 13 
457738 1 2 3 4 5 6 7 8 9 10 11 12 13 
457788 1 2 3 4 5 6 7 8 9 10 11 12 13 
457838 1 2 3 4 5 6 7 8 9 10 11 12 13 
457888 1 2 3 4 5 6 7 8 9 10 11 12 13 
457938 1 2 3 4 5 6 7 8 9 10 11 12 13 
457988 1 2 3 4 5 6 7 8 9 10 11 12 13 
458038 1 2 3 4 5 6 7 8 9 10 11 12 13 
458088 1 2 3 4 5 6 7 8 9 10 11 12 13 
458138 1 2 3 4 5 6 7 8 9 10 11 12 13 
458188 1 2 3 4 5 6 7 8 9 10 11 12 13 
458239 1 2 3 4 5 6 7 8 9 10 11 12 13 
458289 1 2 3 4 5 6 7 8 9 10 11 12 13 
458339 1 2 3 4 5 6 7 8 9 10 11 12 13 
458389 1 2 3 4 5 6 7 8 9 10 11 12 13 
458439 1 2 3 4 5 6 7 8 9 10 11 12 13 
458489 1 2 3 4 5 6 7 8 9 10 11 12 13 
458539 1 2 3 4 5 6 7 8 9 10 11 12 13 
458589 1 2 3 4 5 6 7 8 9 10 11 12 13 
458639 1 2 3 4 5 6 7 8 9 10 11 12 13 
458689 1 2 3 4 5 6 7 8 9 10 11 12 13 
458740 1 2 3 4 5 6 7 8 9 10 11 12 13 
458790 1 2 3 4 5 6 7 8 9 10 11 12 13 
458840 1 2 3 4 5 6 7 8 9 10 11 12 13 
458890 1 2 3 4 5 6 7 8 9 10 11 12 13 
458940 1 2 3 4 5 6 7 8 9 10 11 12 13 
458990 1 2 3 4 5 6 7 8 9 10 11 12 13 
459040 1 2 3 4 5 6 7 8 9 10 11 12 13 
459090 1 2 3 4 5 6 7 8 9 10 11 12 13 
459140 1 2 3 4 5 6 7 8 9 10 11 12 13 
459190 1 2 3 4 5 6 7 8 9 10 11 12 13 
459240 1 2 3 4 5 6 7 8 9 10 11 12 13 
459291 1 2 3 4 5 6 7 8 9 10 11 12 13 
459341 1 2 3 4 5 6 7 8 9 10 11 12 13 
459391 1 2 3 4 5 6 7 8 9 10 11 12 13 
459441 1 2 3 4 5 6 7 8 9 10 11 12 13 
459491 1 2 3 4 5 6 7 8 9 10 11 12 13 
459541 1 2 3 4 5 6 7 8 9 10 11 12 13 
459591 1 2 3 4 5 6 7 8 9 10 11 12 13 
459641 1 2 3 4 5 6 7 8 9 10 11 12 13 
459691 1 2 3 4 5 6 7 8 9 10 11 12 13 
459741 1 2 3 4 5 6 7 8 9 10 11 12 13 
459792 1 2 3 4 5 6 7 8 9 10 11 12 13 
459842 1 2 3 4 5 6 7 8 9 10 11 12 13 
459892 1 2 3 4 5 6 7 8 9 10 11 12 13 
459942 1 2 3 4 5 6 7 8 9 10 11 12 13 
459992 1 2 3 4 5 6 7 8 9 10 11 12 13 
460042 1 2 3 4 5 6 7 8 9 10 11 12 13 
460092 1 2 3 4 5 6 7 8 9 10 11 12 13 
460142 1 2 3 4 5 6 7 8 9 10 11 12 13 
460192 1 2 3 4 5 6 7 8 9 10 11 12 13 
460242 1 2 3 4 5 6 7 8 9 10 11 12 13 
460293 1 2 3 4 5 6 7 8 9 10 11 12 13 
460343 1 2 3 4 5 6 7 8 9 10 11 12 13 
460393 1 2 3 4 5 6 7 8 9 10 11 12 13 
460443 1 2 3 4 5 6 7 8 9 10 11 12 13 
460493 1 2 3 4 5 6 7 8 9 10 11 12 13 
460543 1 2 3 4 5 6 7 8 9 10 11 12 13 
460593 1 2 3 4 5 6 7 8 9 10 11 12 13 
460643 1 2 3 4 5 6 7 8 9 10 11 12 13 
460693 1 2 3 4 5 6 7 8 9 10 11 12 13 
460743 1 2 3 4 5 6 7 8 9 10 11 12 13 
460793 1 2 3 4 5 6 7 8 9 10 11 12 13 
460844 1 2 3 4 5 6 7 8 9 10 11 12 13 
460894 1 2 3 4 5 6 7 8 9 10 11 12 13 
460944 1 2 3 4 5 6 7 8 9 10 11 12 13 
460994 1 2 3 4 5 6 7 8 9 10 11 12 13 
461044 1 2 3 4 5 6 7 8 9 10 11 12 13 
461094 1 2 3 4 5 6 7 8 9 10 11 12 13 
461144 1 2 3 4 5 6 7 8 9 10 11 12 13 
461194 1 2 3 4 5 6 7 8 9 10 11 12 13 
461244 1 2 3 4 5 6 7 8 9 10 11 12 13 
461294 1 2 3 4 5 6 7 8 9 10 11 12 13 
461345 1 2 3 4 5 6 7 8 9 10 11 12 13 
461395 1 2 3 4 5 6 7 8 9 10 11 12 13 
461445 1 2 3 4 5 6 7 8 9 10 11 12 13 
461495 1 2 3 4 5 6 7 8 9 10 11 12 13 
461545 1 2 3 4 5 6 7 8 9 10 11 12 13 
461595 1 2 3 4 5 6 7 8 9 10 11 12 13 
461645 1 2 3 4 5 6 7 8 9 10 11 12 13 
461695 1 2 3 4 5 6 7 8 9 10 11 12 13 
461745 1 2 3 4 5 6 7 8 9 10 11 12 13 
461795 1 2 3 4 5 6 7 8 9 10 11 12 13 
461846 1 2 3 4 5 6 7 8 9 10 11 12 13 
461896 1 2 3 4 5 6 7 8 9 10 11 12 13 
461946 1 2 3 4 5 6 7 8 9 10 11 12 13 
461996 1 2 3 4 5 6 7 8 9 10 11 12 13 
462046 1 2 3 4 5 6 7 8 9 10 11 12 13 
462096 1 2 3 4 5 6 7 8 9 10 11 12 13 
462146 1 2 3 4 5 6 7 8 9 10 11 12 13 
462196 1 2 3 4 5 6 7 8 9 10 11 12 13 
462246 1 2 3 4 5 6 7 8 9 10 11 12 13 
462297 1 2 3 4 5 6 7 8 9 10 11 12 13 
462347 1 2 3 4 5 6 7 8 9 10 11 12 13 
462397 1 2 3 4 5 6 7 8 9 10 11 12 13 
462447 1 2 3 4 5 6 7 8 9 10 11 12 13 
462497 1 2 3 4 5 6 7 8 9 10 11 12 13 
462547 1 2 3 4 5 6 7 8 9 10 11 12 13 
462597 1 2 3 4 5 6 7 8 9 10 11 12 13 
462647 1 2 3 4 5 6 7 8 9 10 11 12 13 
462697 1 2 3 4 5 6 7 8 9 10 11 12 13 
462747 1 2 3 4 5 6 7 8 9 10 11 12 13 
462797 1 2 3 4 5 6 7 8 9 10 11 12 13 
462847 1 2 3 4 5 6 7 8 9 10 11 12 13 
462898 1 2 3 4 5 6 7 8 9 10 11 12 13 
462948 1 2 3 4 5 6 7 8 9 10 11 12 13 
462998 1 2 3 4 5 6 7 8 9 10 11 12 13 
463048 1 2 3 4 5 6 7 8 9 10 11 12 13 
463098 1 2 3 4 5 6 7 8 9 10 11 12 13 
463148 1 2 3 4 5 6 7 8 9 10 11 12 13 
463198 1 2 3 4 5 6 7 8 9 10 11 12 13 
463248 1 2 3 4 5 6 7 8 9 10 11 12 13 
463298 1 2 3 4 5 6 7 8 9 10 11 12 13 
463348 1 2 3 4 5 6 7 8 9 10 11 12 13 
463398 1 2 3 4 5 6 7 8 9 10 11 12 13 
463448 1 2 3 4 5 6 7 8 9 10 11 12 13 
463499 1 2 3 4 5 6 7 8 9 10 11 12 13 
463549 1 2 3 4 5 6 7 8 9 10 11 12 13 
463599 1 2 3 4 5 6 7 8 9 10 11 12 13 
463649 1 2 3 4 5 6 7 8 9 10 11 12 13 
463699 1 2 3 4 5 6 7 8 9 10 11 12 13 
463749 1 2 3 4 5 6 7 8 9 10 11 12 13 
463799 1 2 3 4 5 6 7 8 9 10 11 12 13 
463849 1 2 3 4 5 6 7 8 9 10 11 12 13 
463899 1 2 3 4 5 6 7 8 9 10 11 12 13 
463949 1 2 3 4 5 6 7 8 9 10 11 12 13 
463999 1 2 3 4 5 6 7 8 9 10 11 12 13 
464050 1 2 3 4 5 6 7 8 9 10 11 12 13 
464100 1 2 3 4 5 6 7 8 9 10 11 12 13 
464150 1 2 3 4 5 6 7 8 9 10 11 12 13 
464200 1 2 3 4 5 6 7 8 9 10 11 12 13 
464250 1 2 3 4 5 6 7 8 9 10 11 12 13 
464300 1 2 3 4 5 6 7 8 9 10 11 12 13 
464350 1 2 3 4 5 6 7 8 9 10 11 12 13 
464400 1 2 3 4 5 6 7 8 9 10 11 12 13 
464450 1 2 3 4 5 6 7 8 9 10 11 12 13 
464500 1 2 3 4 5 6 7 8 9 10 11 12 13 
464551 1 2 3 4 5 6 7 8 9 10 11 12 13 
464601 1 2 3 4 5 6 7 8 9 10 11 12 13 
464651 1 2 3 4 5 6 7 8 9 10 11 12 13 
464701 1 2 3 4 5 6 7 8 9 10 11 12 13 
464751 1 2 3 4 5 6 7 8 9 10 11 12 13 
464801 1 2 3 4 5 6 7 8 9 10 11 12 13 
464851 1 2 3 4 5 6 7 8 9 10 11 12 13 
464901 1 2 3 4 5 6 7 8 9 10 11 12 13 
464951 1 2 3 4 5 6 7 8 9 10 11 12 13 
465001 1 2 3 4 5 6 7 8 9 10 11 12 13 
465052 1 2 3 4 5 6 7 8 9 10 11 12 13 
465102 1 2 3 4 5 6 7 8 9 10 11 12 13 
465152 1 2 3 4 5 6 7 8 9 10 11 12 13 
465202 1 2 3 4 5 6 7 8 9 10 11 12 13 
465252 1 2 3 4 5 6 7 8 9 10 11 12 13 
465302 1 2 3 4 5 6 7 8 9 10 11 12 13 
465352 1 2 3 4 5 6 7 8 9 10 11 12 13 
465402 1 2 3 4 5 6 7 8 9 10 11 12 13 
465452 1 2 3 4 5 6 7 8 9 10 11 12 13 
465502 1 2 3 4 5 6 7 8 9 10 11 12 13 
465552 1 2 3 4 5 6 7 8 9 10 11 12 13 
465603 1 2 3 4 5 6 2304 2560 2816 3328 6901 256 768 4 5 7 2560 11 -256 9998 1819 512 4 6 8 9 10 12 22798 256 768 1024 1280 7 9 11 13 
