258672378 -2 -2 0 3 2 -2 -2 -2 0 2 2 -2 
261189574 -1 -1 0 -1 0 2 -1 -1 0 -1 0 2 
263235576 -2 -3 1 -3 -1 5 -2 -3 1 -3 -1 4 
263707976 -2 -3 1 -3 -2 5 -2 -3 1 -3 -1 5 
265753972 -1 -4 -2 -3 -1 6 -1 -4 -2 -3 -1 6 
266186490 -2 -5 -2 -4 -1 6 -2 -5 -2 -3 -1 6 
268271960 -3 -9 -1 -2 0 5 -3 -8 -1 -2 0 5 
268705160 -3 -8 -1 -1 1 5 -3 -8 -1 -1 1 5 
270789956 -2 -8 1 1 -1 4 -1 -8 1 1 -1 4 
271223374 -1 -7 1 2 -1 4 -1 -7 1 2 -1 4 
273702344 0 -4 1 4 -3 2 0 -4 1 4 -3 2 
275943954 -1 -4 2 1 -3 1 0 -4 2 1 -3 1 
276218740 -1 -4 2 1 -2 1 -1 -4 2 1 -2 1 
278459948 1 -4 2 -2 -1 1 0 -4 1 -2 -1 1 
278735548 1 -5 2 -3 0 2 1 -5 1 -3 0 1 
280979532 1 -5 3 -2 0 2 1 -5 3 -2 0 2 
281215544 1 -5 2 -1 1 2 1 -5 2 -1 1 2 
283459934 0 -6 0 -1 2 3 0 -6 0 -1 2 3 
283735126 0 -7 0 -1 1 3 0 -7 0 -1 1 3 
286253922 1 -6 1 2 1 4 0 -5 1 2 1 4 
288614756 -1 -4 0 1 0 4 -1 -4 0 1 0 4 
288811924 -1 -4 0 1 0 5 -1 -4 0 0 0 4 
291133970 1 -5 1 -1 1 3 0 -4 0 -1 1 3 
291331112 0 -5 1 -1 0 2 0 -5 1 -1 0 2 
293652308 0 -6 2 -2 0 2 0 -6 2 -2 0 2 
293849108 0 -6 2 -2 0 2 0 -6 2 -2 0 2 
296171516 0 -7 1 -1 0 1 0 -7 1 -1 0 1 
296368310 0 -6 2 0 0 1 0 -6 1 0 0 1 
298767230 0 -5 0 0 -1 1 0 -5 0 0 0 1 
301285894 0 -5 0 0 1 2 0 -5 0 0 0 2 
301403900 1 -5 1 0 1 2 0 -5 1 0 1 2 
303801496 0 -5 -1 0 0 2 0 -5 -1 0 0 2 
303919902 0 -4 -1 0 0 2 0 -4 -1 0 0 2 
306280298 -2 -4 1 -1 1 1 -2 -4 0 -1 0 1 
306398686 -2 -5 0 -1 0 1 -2 -4 0 -1 0 1 
308799088 -2 -5 0 -1 -2 0 -2 -5 0 -1 -2 0 
308917094 -3 -5 0 -1 -3 0 -2 -5 0 -1 -2 0 
311317570 -1 -5 1 -1 -3 0 -1 -5 1 -1 -3 0 
313795078 0 -4 1 -1 -1 0 0 -4 1 0 -1 0 
313992310 0 -4 2 -1 -1 0 0 -4 1 -1 0 0 
316311868 0 -5 1 -2 2 2 0 -5 1 -2 2 1 
316508280 -1 -6 1 -3 2 2 0 -5 1 -3 2 2 
318829464 -1 -6 1 -3 2 3 -1 -6 1 -3 2 3 
318987076 -1 -6 1 -3 2 3 -1 -6 1 -3 2 3 
321345884 -2 -9 1 -3 1 4 -2 -8 1 -3 1 4 
321503070 -2 -8 1 -3 0 4 -2 -8 1 -3 0 4 
323825066 -1 -7 2 0 -2 4 -1 -7 1 0 -2 4 
326343050 0 -6 1 1 -1 3 0 -6 0 1 -1 3 
326657062 0 -7 0 1 -2 3 0 -7 0 0 -1 2 
328862252 1 -7 -1 -2 2 2 1 -7 -1 -2 2 2 
329176250 1 -7 -1 -2 2 1 1 -7 -1 -2 2 1 
331379846 -2 -8 0 0 4 1 -2 -8 0 0 4 1 
331655134 -3 -7 0 1 4 1 -3 -7 0 1 4 1 
333859048 -4 -8 -1 1 4 2 -4 -8 -1 1 4 2 
334173836 -4 -8 -1 1 3 3 -4 -8 0 1 3 3 
336337444 -4 -7 0 1 0 5 -4 -7 0 1 0 5 
338894238 -2 -6 0 2 -3 6 -2 -6 0 2 -3 6 
339365838 -2 -7 0 2 -3 6 -2 -7 0 2 -3 5 
341372628 -3 -6 0 3 -3 4 -3 -6 0 2 -3 4 
341845034 -2 -6 0 3 -3 3 -2 -6 0 2 -3 3 
343891018 1 -6 1 2 -3 2 1 -6 1 2 -3 2 
344362678 1 -6 1 2 -3 2 1 -6 1 2 -3 2 
346409282 1 -4 2 2 -1 1 1 -4 2 2 -1 1 
346881024 0 -4 2 2 -1 1 0 -3 2 2 0 1 
348926696 -1 -5 1 0 1 0 0 -5 1 0 1 0 
351406216 0 -6 2 -2 0 2 0 -6 2 -2 0 2 
352035402 0 -6 3 -1 -1 2 0 -6 3 -1 -1 2 
353923000 -1 -5 1 1 -3 2 -1 -5 1 1 -3 2 
354552610 0 -6 2 1 -2 2 0 -6 2 1 -2 2 
356441244 -1 -5 1 1 -1 1 -1 -5 1 1 -1 1 
357031956 -2 -4 1 1 0 1 -2 -4 1 1 0 1 
358919472 -1 -4 1 -1 1 1 -1 -4 1 -1 1 1 
359549402 -1 -5 1 -2 1 1 -1 -5 1 -2 1 1 
361436998 -1 -4 1 -2 0 2 -1 -4 1 -2 0 1 
363953394 -1 -7 2 -1 -2 2 -1 -7 2 -1 -2 2 
364701392 -1 -6 1 0 -1 2 -1 -6 1 0 -1 2 
366472188 -2 -4 0 -1 1 2 -2 -4 0 -1 1 2 
367219850 -2 -5 -1 -2 1 1 -2 -5 -1 -2 1 1 
368951384 -1 -6 -1 -3 2 1 0 -6 -1 -3 2 1 
369737376 -2 -7 -1 -3 2 2 -2 -7 -1 -3 2 2 
371468616 -2 -8 0 -2 0 1 -2 -8 0 -2 0 1 
372216578 -2 -8 0 -1 0 2 -2 -8 0 -1 0 1 
373986968 -3 -7 -1 2 -2 2 -3 -7 -1 2 -2 2 
376505602 -1 -8 0 2 -3 3 0 -8 0 2 -3 3 
377411244 -1 -6 0 1 -3 3 0 -6 0 1 -3 3 
378984404 0 -4 1 0 -2 3 0 -4 1 0 -2 3 
379928958 1 -5 1 0 -1 3 1 -4 1 0 -1 3 
381503354 0 -6 1 0 0 2 0 -6 1 0 0 2 
382407346 0 -5 1 0 2 2 0 -5 0 0 2 2 
384019750 -1 -4 1 0 3 1 0 -4 1 0 3 1 
384923742 -1 -4 1 0 3 1 -1 -4 1 0 3 1 
386496546 -1 -5 2 -1 1 1 -1 -5 2 -1 1 1 
389015416 -3 -6 2 -2 -2 2 -3 -6 1 -2 -2 2 
390079346 -3 -6 1 -3 -2 2 -2 -6 1 -3 -2 2 
391535736 -2 -6 2 -4 -2 2 -2 -6 1 -4 -2 2 
392597740 -1 -7 0 -4 -2 2 -1 -7 0 -4 -2 2 
394014926 -1 -9 0 -4 -1 3 -1 -9 0 -4 -1 3 
395115330 0 -8 1 -2 0 3 0 -8 1 -2 0 3 
396531728 0 -8 1 1 0 4 0 -8 1 0 0 3 
397634132 0 -7 -1 1 0 3 0 -7 -1 1 0 3 
399049722 0 -6 0 3 0 3 0 -6 0 3 0 3 
401566924 1 -6 0 0 1 3 1 -5 0 0 1 3 
402786522 0 -5 0 -1 -1 3 0 -5 0 -1 -1 3 
404045832 0 -6 0 -1 -1 3 0 -6 0 -1 -1 3 
405266112 1 -7 1 -1 -2 2 0 -7 1 -1 -1 2 
406562784 1 -6 1 0 -1 1 0 -6 0 0 -1 1 
407781312 0 -6 -1 1 -2 1 0 -6 -1 1 -2 0 
409079304 -1 -7 -1 0 -2 0 -1 -7 -1 0 -1 0 
410297308 0 -7 0 0 -1 0 0 -7 0 0 -1 0 
411556900 1 -6 0 1 -2 1 1 -6 0 1 -2 1 
414075702 0 -6 0 0 -2 2 0 -6 0 0 -2 2 
415451692 -1 -7 0 1 0 2 -1 -7 0 1 0 1 
416592896 -1 -6 1 0 1 1 -1 -6 1 0 1 1 
417931688 -2 -4 2 1 0 1 -2 -4 2 1 0 1 
419112486 -2 -5 2 1 0 2 -2 -4 2 1 0 1 
420450878 -1 -5 2 1 -1 2 -1 -5 2 1 -1 2 
421591274 -1 -5 1 0 -3 3 -1 -5 1 0 -2 3 
422967278 -1 -5 1 -2 -3 3 -1 -5 1 -2 -3 3 
424108082 0 -6 2 -2 -2 3 0 -6 1 -1 -2 3 
426624878 1 -6 0 0 0 3 1 -6 0 0 0 3 
428118876 0 -7 1 0 0 3 0 -7 1 0 0 3 
429102692 1 -7 1 0 1 3 1 -7 1 0 1 3 
430637658 1 -5 1 2 0 3 1 -5 1 2 0 3 
431621262 1 -6 0 2 0 3 1 -5 0 2 0 3 
433156060 1 -6 1 1 -1 3 1 -6 1 1 -1 3 
434139258 1 -6 0 1 0 3 1 -6 0 1 0 3 
435634056 0 -6 1 0 0 2 0 -5 1 0 0 2 
436657260 0 -6 1 -1 0 1 0 -6 1 0 0 1 
439095248 1 -5 2 0 -1 0 1 -5 2 0 0 0 
440787252 1 -5 2 0 -1 1 1 -5 2 0 -1 1 
441653776 0 -6 1 -1 -1 0 0 -5 1 0 -1 0 
443306048 0 -7 0 -2 -1 1 0 -7 0 -2 -1 1 
444172034 1 -6 2 -2 -1 1 0 -6 1 -2 -1 1 
445824830 1 -5 2 -2 0 2 0 -5 2 -1 0 2 
446651642 1 -6 1 -1 0 1 1 -6 1 -1 0 1 
448304432 1 -6 1 0 0 2 1 -5 1 0 0 2 
449170030 1 -6 0 0 0 2 1 -5 0 0 0 2 
451688026 0 -7 0 -1 1 2 0 -6 0 -1 1 2 
453460428 0 -5 1 0 1 2 0 -5 1 0 1 2 
454169222 0 -5 1 0 0 1 0 -5 1 0 0 1 
455979224 -1 -6 0 0 0 1 -1 -6 0 0 0 1 
456688022 -1 -6 0 0 0 1 -1 -6 0 0 0 1 
458498420 0 -6 1 0 -1 2 0 -6 1 0 -1 2 
459167612 0 -6 1 0 -1 2 0 -6 1 0 -1 2 
461016408 1 -6 0 1 -2 3 1 -6 0 0 -2 2 
461684814 1 -5 1 1 -1 2 1 -5 1 1 -1 2 
464203602 0 -5 1 1 0 2 0 -5 1 1 0 2 
466169598 0 -7 0 0 1 2 0 -7 0 0 1 2 
466719998 0 -6 0 0 1 2 0 -6 0 0 1 2 
468647632 0 -4 2 0 -1 2 0 -4 2 0 -1 2 
469237986 1 -4 2 1 -2 2 1 -4 2 1 -1 2 
471165590 1 -5 0 1 -2 2 0 -5 0 0 -2 2 
471715982 1 -5 1 1 -1 2 1 -5 1 1 -1 2 
473683592 1 -5 1 -1 -1 1 0 -5 1 -1 -1 1 
474234390 0 -6 1 -1 -1 1 0 -6 1 -1 -1 1 
476711980 1 -5 1 0 -1 1 1 -5 1 0 0 1 
478837370 0 -6 1 0 0 1 0 -6 1 0 0 1 
479230380 0 -6 1 0 0 1 0 -6 1 0 0 1 
481355176 0 -5 1 0 0 2 0 -5 0 0 0 2 
481748364 0 -4 1 0 0 2 0 -4 1 0 0 2 
483872766 0 -5 0 0 0 3 0 -5 0 0 0 3 
484227166 0 -4 0 0 0 3 0 -4 0 0 0 3 
486349168 0 -4 0 -1 -1 3 0 -4 0 -1 -1 3 
486743160 0 -4 0 -1 -1 3 0 -4 0 -1 -1 3 
489259962 0 -6 0 -1 -1 2 0 -6 0 -1 -1 2 
491502358 1 -5 0 0 -1 1 1 -5 0 0 0 1 
491777558 0 -6 0 0 0 1 0 -6 0 0 0 1 
494020940 1 -5 0 1 0 1 0 -5 0 0 0 1 
494257422 1 -5 -1 0 0 1 1 -5 -1 0 0 1 
496540206 0 -6 1 1 0 1 0 -5 1 1 0 1 
496775942 1 -6 1 0 0 1 1 -5 1 0 0 1 
499058738 0 -5 1 1 -1 2 0 -5 1 1 -1 2 
499294738 0 -5 1 0 -2 2 0 -5 1 0 -2 2 
501773532 0 -6 1 1 -1 2 0 -6 1 1 -1 2 
504212066 1 -5 1 0 -1 2 1 -5 1 0 -1 2 
504408334 1 -5 1 0 -1 2 1 -5 1 0 -1 1 
506727530 1 -5 1 -1 -1 1 1 -5 1 -1 -1 1 
506924748 1 -4 1 -1 -1 1 0 -4 1 -1 -1 1 
509206326 1 -5 1 -1 0 1 1 -5 1 -1 0 1 
509402718 1 -5 1 -1 0 1 1 -5 1 -1 0 1 
511763914 1 -5 0 0 0 1 1 -5 0 0 0 1 
511960308 1 -6 0 0 0 1 0 -6 0 0 0 1 
514320846 0 -5 0 0 0 2 0 -5 0 0 0 2 
516837904 1 -5 0 1 -1 3 1 -5 0 1 0 3 
516956298 1 -5 0 1 -1 3 1 -5 0 0 -1 3 
519314706 0 -5 0 0 0 2 0 -4 0 0 0 2 
519433094 0 -5 0 0 0 2 0 -4 0 0 0 2 
521833490 0 -4 1 0 0 1 0 -4 1 0 0 1 
521951502 0 -4 2 0 -1 2 0 -4 2 0 0 1 
524350960 1 -5 0 -1 -2 1 1 -5 0 -1 -2 0 
524468690 1 -4 0 -1 -2 1 1 -4 0 -1 -2 1 
526865486 1 -4 2 0 -1 0 1 -4 1 0 -1 0 
529346018 2 -5 0 -1 -2 1 2 -5 0 -1 -2 1 
529621880 2 -5 0 -1 -2 1 2 -5 0 -1 -2 1 
531863884 2 -5 1 0 0 2 2 -5 1 0 0 2 
532100676 2 -5 1 0 0 2 1 -5 1 0 0 2 
534383866 1 -5 0 1 1 2 1 -5 0 1 1 2 
534619878 1 -5 1 2 1 2 1 -5 1 2 1 2 
536861868 1 -4 1 2 1 3 0 -4 1 2 1 3 
537137074 0 -4 0 1 1 3 0 -4 0 1 1 3 
539381056 0 -4 1 0 0 4 0 -4 1 0 0 3 
541898264 0 -3 1 0 -1 2 0 -3 0 0 -1 2 
542291464 0 -3 1 0 -1 2 0 -3 0 0 -1 2 
544414540 1 -4 1 0 -2 1 0 -4 0 0 -2 0 
544807452 1 -4 1 0 -2 0 1 -4 1 0 -2 0 
546892398 1 -4 2 0 -2 0 1 -4 2 0 -1 0 
547286248 1 -3 2 0 -1 0 1 -3 2 0 -1 0 
549410644 0 -4 1 0 -1 0 0 -4 1 0 -1 0 
549803950 1 -3 2 0 -1 1 1 -3 1 0 -1 0 
551930646 2 -4 1 -1 -1 2 2 -4 0 -1 -1 2 
554447828 1 -6 1 -2 0 3 1 -5 1 -1 0 3 
554999428 2 -5 1 -1 1 4 1 -5 1 -1 1 4 
556929030 2 -5 1 0 2 4 2 -5 0 0 1 4 
557480236 3 -5 1 1 1 4 2 -5 0 0 1 3 
559446912 1 -6 0 1 1 3 1 -6 0 1 1 3 
559997550 1 -5 0 1 1 2 1 -5 0 1 1 2 
561964620 1 -5 1 1 1 1 1 -5 1 1 1 1 
562515426 0 -5 1 1 1 0 0 -5 1 1 1 0 
564443822 1 -3 1 0 1 0 1 -3 1 0 1 0 
566961818 0 -3 1 -1 -1 1 0 -3 1 -1 -1 0 
567670210 1 -4 1 -1 -1 1 1 -4 1 -1 -1 1 
569480206 1 -5 0 -1 -1 2 1 -5 0 -1 -1 2 
570187806 1 -5 0 -2 -2 2 1 -5 0 -2 -2 2 
571958608 0 -5 0 1 0 2 0 -5 0 0 0 2 
572705806 0 -5 0 2 0 2 0 -5 0 2 0 1 
574475404 1 -4 0 2 0 2 1 -3 0 2 0 2 
575183396 1 -4 0 2 0 2 1 -4 0 2 0 2 
576993398 0 -3 1 1 -1 2 0 -3 0 1 -1 2 
579511382 1 -3 1 -1 -1 2 1 -3 1 -1 -1 2 
580377386 1 -3 1 -1 -1 1 1 -3 1 -1 -1 1 
581990676 1 -5 2 0 -1 1 1 -4 2 0 -1 1 
582856300 1 -4 2 0 -1 1 0 -4 2 0 -1 1 
584509778 1 -5 1 0 0 1 1 -4 1 0 0 1 
585376170 2 -4 1 0 0 1 1 -4 1 0 0 1 
586987368 1 -3 1 -1 0 2 1 -3 1 0 0 2 
587890578 2 -3 2 0 0 2 2 -3 2 0 0 2 
589504574 2 -4 1 -1 -1 2 2 -4 1 -1 -1 2 
592023458 1 -4 0 -1 1 2 1 -3 0 -1 1 2 
593047756 1 -5 1 -1 1 2 1 -5 0 -1 1 2 
594542166 0 -5 0 -1 1 1 0 -4 0 -1 1 1 
595564158 0 -4 1 -1 0 1 0 -4 1 -1 0 1 
597057360 0 -4 0 -1 -1 1 0 -4 0 -1 -1 1 
598079752 0 -4 0 -1 -1 1 0 -4 0 -1 -1 1 
599535744 0 -4 1 -1 -1 1 0 -4 1 -1 -1 1 
600559236 0 -4 0 -2 -2 1 0 -4 0 -2 -1 1 
602053338 0 -4 0 -2 -1 1 0 -4 0 -2 -1 1 
604570134 0 -6 0 0 0 1 0 -5 0 0 0 1 
605750282 1 -5 1 1 0 2 1 -5 0 1 0 2 
607048130 1 -4 1 1 0 3 1 -4 0 0 0 3 
608268134 1 -4 1 0 0 3 1 -4 1 0 0 3 
609567332 1 -4 0 0 0 3 1 -4 0 0 0 3 
610785722 2 -3 0 0 1 3 2 -3 0 0 1 3 
612082532 1 -4 1 -1 0 3 1 -4 1 -1 0 3 
613262930 1 -5 1 -1 0 3 0 -5 1 -1 0 3 
614601328 0 -5 -1 -1 0 3 0 -5 -1 -1 0 3 
617080510 0 -5 1 0 -1 1 0 -5 1 0 -1 1 
618456920 0 -4 1 1 -1 1 0 -4 1 1 -1 1 
619596506 0 -5 0 1 -2 1 0 -5 0 1 -2 1 
620973722 1 -4 0 0 -1 1 1 -4 0 0 -1 1 
622115708 1 -5 0 -1 -1 1 1 -4 0 0 -1 1 
623454498 1 -4 1 -1 -1 1 1 -4 1 -1 -1 1 
624635702 1 -4 1 -1 -1 1 1 -4 1 0 -1 1 
625972500 1 -5 1 0 -1 2 1 -4 1 0 -1 2 
627111698 1 -5 2 0 -1 2 1 -5 2 0 -1 2 
629629294 0 -4 1 0 0 2 0 -4 1 0 0 2 
631162896 1 -4 2 0 0 2 0 -4 1 0 0 2 
632146150 1 -4 1 -1 0 2 1 -4 0 -1 0 2 
633639692 0 -3 1 -1 0 2 0 -3 1 -1 0 2 
634623278 0 -4 1 0 0 2 0 -4 1 0 0 2 
636157994 1 -4 0 -1 -1 2 1 -4 0 -1 -1 2 
637141410 0 -5 -1 -1 0 2 0 -5 0 -1 0 2 
638676470 0 -5 -1 0 0 2 0 -5 -1 0 0 2 
639658868 0 -5 0 1 0 2 0 -5 0 0 0 2 
642139670 1 -4 0 0 0 2 1 -3 0 0 0 2 
643831672 1 -4 0 0 -1 3 1 -4 0 0 -1 3 
644657808 0 -5 0 -1 -1 3 0 -5 0 -1 -1 3 
646350480 0 -6 1 -2 -1 3 0 -6 0 -2 -1 3 
647176460 1 -6 1 -1 -1 2 1 -6 1 -1 -1 2 
648867682 2 -5 2 1 -2 2 2 -5 2 0 -2 2 
649654862 2 -5 1 1 -2 2 2 -5 1 0 -2 2 
651386052 1 -5 0 1 0 1 1 -4 0 1 0 1 
652172926 1 -5 0 1 1 0 1 -5 0 1 1 0 
654687652 1 -3 1 0 1 1 1 -3 1 0 1 1 
656534436 1 -4 0 -1 0 1 1 -3 0 0 0 1 
657202842 1 -4 0 0 0 2 1 -4 0 0 0 1 
659011932 0 -5 0 0 -1 2 0 -5 0 0 -1 2 
659680342 -1 -5 0 -1 -1 2 -1 -5 0 -1 -1 2 
661529240 0 -5 1 0 -1 2 0 -4 1 0 -1 2 
662198432 0 -4 1 1 -1 2 0 -4 1 0 -1 2 
664047234 0 -4 1 2 -1 2 0 -4 0 2 -1 2 
664717234 1 -3 1 2 -1 2 1 -3 1 2 -1 2 
667234828 1 -3 1 1 0 2 1 -3 1 1 0 2 
669201224 1 -4 1 0 1 2 1 -4 1 0 0 2 
669712818 1 -3 1 0 1 2 1 -3 1 0 1 2 
671719208 1 -4 2 0 1 2 1 -4 1 0 1 2 
672230412 1 -4 1 0 0 2 0 -4 1 0 0 2 
674198002 1 -4 1 0 0 2 0 -4 1 0 0 2 
674748814 1 -4 0 0 -1 2 1 -4 0 0 -1 2 
676715610 0 -3 1 0 0 2 0 -3 0 0 0 1 
677227204 1 -3 1 0 -1 2 1 -3 1 0 0 2 
679745068 0 -3 0 0 0 1 0 -3 0 0 0 1 
681871194 0 -4 0 -1 0 1 0 -4 0 0 0 1 
682264000 0 -4 0 0 0 1 0 -3 0 0 0 1 
684387996 0 -3 1 -1 -1 2 0 -3 0 -1 -1 2 
684741990 0 -4 0 -1 -1 2 0 -4 0 -1 -1 2 
686866784 0 -3 1 1 -1 2 0 -3 0 0 -1 2 
687260390 0 -3 0 0 -1 2 0 -3 0 0 -1 2 
689387174 1 -3 1 0 -1 2 0 -3 1 0 -1 2 
689779986 1 -3 1 0 -1 2 1 -3 1 0 -1 2 
692258488 1 -3 1 0 -2 2 1 -3 1 0 -2 2 
694541570 1 -4 1 0 -1 2 1 -4 1 0 -1 2 
694777576 1 -4 1 0 -1 2 1 -4 1 0 -1 2 
