-1912602623 -4060 14663 -26879 -26880 -26880 2816 2818 -29182 -27391 -21247 -25087 -28159 -19455 -26623 -255 25102 5637 14664 -26879 -26880 
201365248 1538 -24062 -27391 -21247 -24575 -28159 -19455 -26623 -255 -25586 13993 14664 -26879 -26880 -26880 2816 3586 -29694 -27391 -21247 
-1845387263 -19455 -26623 -255 18958 15398 14664 -26879 -26880 -26880 1024 1026 -26878 -27135 -21247 -24575 -28159 -19455 -26623 -255 -24562 
961045148 -26879 -26880 -26880 3328 2562 -27902 -26879 -21503 -24575 -28159 -19455 -26623 -255 -21490 -31976 14664 -26879 -26880 -26880 2816 
-1811806974 -26879 -21503 -24831 -28159 -19455 -26623 -255 -3570 -31670 14664 -26879 -26880 -26880 3584 1538 -29182 -27135 -21503 -24831 -28159 
-1744718847 -255 -4594 -30433 14664 -26879 -26880 -26880 2816 2562 -26110 -27135 -21503 -25087 -28159 -19455 -26623 -255 -12274 -22059 14664 
-1761569023 -26880 2816 3586 -25854 -27135 -20991 -24831 -28159 -19455 -26623 -255 28174 -20643 14664 -26879 -26880 -26880 3840 3330 -26878 
-1375627775 -24831 -28159 -19455 -26623 -255 -30194 -10851 14664 -26879 -26880 -26880 2304 1794 -27134 -27391 -20735 -25087 -28159 -19455 -26623 
1376714497 -1906 14664 -26879 -26880 -26880 2048 2050 -28670 -27647 -20991 -25343 -28159 -19455 -26623 -255 -7154 7878 14665 -26879 -26880 
251696896 514 -24318 -27391 -20479 -25087 -28159 -19455 -26623 -255 26638 8185 14665 -26879 -26880 -26880 3840 2306 -27902 -27391 -20479 
-1845387775 -19455 -26623 -255 -25074 8802 14665 -26879 -26880 -26880 2304 1026 -27646 -27391 -20479 -25087 -28159 -19455 -26623 -255 11278 
961103133 -26879 -26880 -26880 1536 3330 -24574 -27135 -20735 -25087 -28159 -19455 -26623 -255 -24562 18466 14665 -26879 -26880 -26880 512 
-1845360382 -26879 -20735 -25087 -28159 -19455 -26623 -255 -23026 27455 14665 -26879 -26880 -26880 2560 2562 -24062 -26879 -21247 -25087 -28159 
-1744718847 -255 -4594 28223 14665 -26879 -26880 -26880 2816 1794 -26366 -27135 -21247 -25087 -28159 -19455 -26623 -255 -14834 -27466 9545 
-2080340991 -31744 2048 2562 -24830 -27135 -21247 -24575 -28159 -19455 -26623 -255 -30194 -17906 9545 -31743 -31744 -31744 2048 3842 -24318 
-1392405503 -24575 -28159 -19455 -26623 -255 10766 -17292 9545 -31743 -31744 -31744 2304 4098 -25598 -27647 -21247 -24575 -28159 -19455 -26623 
1578041089 -8209 9545 -31743 -31744 -31744 3072 3330 -27390 -27903 -21247 -24831 -28159 -19455 -26623 -255 -26098 -7594 9545 -31743 -31744 
201360384 3842 -27902 -27903 -21247 -24831 -28159 -19455 -26623 -255 13326 1577 9546 -31743 -31744 -31744 2048 2306 -26878 -27903 -21247 
-1845387775 -19455 -26623 -255 -9714 2192 9546 -31743 -31744 -31744 1536 2306 -27134 -27903 -21247 -25087 -28159 -19455 -26623 -255 -14322 
625618098 -31743 -31744 -31744 2816 2050 -29950 -27903 -21247 -25087 -28159 -19455 -26623 -255 28174 12058 9546 -31743 -31744 -31744 3584 
-1711144190 -27647 -21247 -25087 -28159 -19455 -26623 -255 10254 21402 9546 -31743 -31744 -31744 2816 258 -27646 -27647 -21247 -24831 -28159 
-1744718847 -255 29710 31186 9546 -31743 -31744 -31744 2048 514 -27902 -27391 -20735 -24575 -28159 -19455 -26623 -255 -16370 31493 9546 
-2080340991 -31744 1792 770 -27134 -27135 -20735 -24575 -28159 -19455 -26623 -255 -11762 -24502 9546 -31743 -31744 -31744 2560 2562 -27902 
-1375627775 -24575 -28159 -19455 -26623 -255 5646 -24195 9546 -31743 -31744 -31744 2048 2050 -28414 -27135 -21247 -24831 -28159 -19455 -26623 
1410268929 -14703 9546 -31743 -31744 -31744 2304 2562 -27902 -26879 -21247 -24831 -28159 -19455 -26623 -255 29710 -14397 9546 -31743 -31744 
151028736 2562 -25854 -26879 -21247 -24831 -28159 -19455 -26623 -255 32270 -5008 9546 -31743 -31744 -31744 2304 2050 -27390 -27135 -21247 
-1845387519 -19455 -26623 -255 -7154 -4549 9546 -31743 -31744 -31744 1536 2818 -27134 -27135 -21247 -24831 -28159 -19455 -26623 -255 4110 
625677050 -31743 -31744 -31744 2048 2562 -22526 -27391 -20991 -25087 -28159 -19455 -26623 -255 9230 14686 9547 -31743 -31744 -31744 1792 
-1509816574 -27647 -21247 -25087 -28159 -19455 -26623 -255 11278 15473 9547 -31743 -31744 -31744 2816 1538 -25086 -27903 -21503 -25087 -28159 
-1744718847 -255 17422 25321 9547 -31743 -31744 -31744 3584 1538 -24830 -27647 -21247 -24831 -28159 -19455 -26623 -255 26126 25629 9547 
-2080340991 -31744 3072 2562 -25598 -27903 -21247 -25087 -28159 -19455 -26623 -255 25614 -31341 9547 -31743 -31744 -31744 3072 1538 -27134 
-1375628031 -25087 -28159 -19455 -26623 -255 -16370 -30396 9547 -31743 -31744 -31744 2048 2306 -26878 -27647 -20991 -25087 -28159 -19455 -26623 
-569442559 -21504 9547 -31743 -31744 -31744 2304 2306 -27134 -27391 -20991 -25087 -28159 -19455 -26623 -255 29198 -20577 9547 -31743 -31744 
151028736 1538 -28414 -27391 -20991 -24831 -28159 -19455 -26623 -255 18958 -11691 9547 -31743 -31744 -31744 2304 2306 -27902 -27135 -21247 
-1845387519 -19455 -26623 -255 29710 -1999 9547 -27647 -31744 -31744 2560 2306 -27390 -27391 -21247 -24831 -28159 -19455 -26623 -255 10254 
625737134 -31743 -31744 -31744 1024 1794 -25598 -27647 -21503 -24831 -28159 -19455 -26623 -255 10254 7770 9548 -31743 -31744 -31744 1792 
-1761475582 -27647 -21247 -24831 -28159 -19455 -26623 -255 9742 9345 9548 -31743 -31744 -31744 2816 2050 -27134 -27647 -21247 -24831 -28159 
-1744718847 -255 30222 17588 9548 -31743 -31744 -31744 2304 1538 -27646 -27391 -21247 -24831 -28159 -19455 -26623 -255 26638 18990 9548 
-2080340991 -31744 3584 2306 -26622 -27391 -21247 -24831 -28159 -19455 -26623 -255 21518 27476 9548 -31743 -31744 -31744 3072 1538 -25854 
-1392405247 -24831 -28159 -19455 -26623 -255 4622 28920 9548 -31743 -31744 -31744 1536 3330 -27390 -27391 -21247 -24831 -28159 -19455 -26623 
-2146500863 -28354 9548 -31743 -31744 -31744 2048 2050 -25598 -27391 -20991 -25087 -28159 -19455 -26623 -255 -25074 -18487 9548 -31743 -31744 
151028736 3074 -27646 -27647 -21247 -24831 -28159 -19455 -26623 -255 6670 -16580 9548 -31743 -31744 -31744 2560 770 -28158 -27647 -20991 
-1845387519 -19455 -26623 -255 24078 -8668 9548 -31743 -31744 -31744 2816 2050 -27902 -27647 -20991 -24831 -28159 -19455 -26623 -255 -7154 
625796469 -31743 -31744 -31744 2048 514 -29438 -27903 -21247 -24831 -28159 -19455 -26623 -255 17422 982 9549 -31743 -31744 -31744 1280 
-1778252286 -27647 -21247 -25087 -28159 -19455 -26623 -255 -16882 3030 9549 -31743 -31744 -31744 3328 1538 -27134 -27647 -21247 -24831 -28159 
-1744718847 -255 14350 10832 9549 -31743 -31744 -31744 2304 770 -25854 -27391 -21247 -24831 -28159 -19455 -26623 -255 -3058 12850 9549 
-2080340991 -31744 3072 1026 -25854 -27391 -21247 -24831 -28159 -19455 -26623 -255 -23026 20680 9549 -31743 -31744 -31744 3584 1282 -26366 
-1409182719 -24575 -28159 -19455 -26623 -255 2574 30504 9549 -31743 -31744 -31744 2304 1282 -26110 -27647 -21503 -24831 -28159 -19455 -26623 
-2045837567 -32545 9549 -31743 -31744 -31744 3328 258 -26110 -27647 -21503 -24831 -28159 -19455 -26623 -255 9742 -25265 9549 -31743 -31744 
218137600 1282 -25598 -27391 -20991 -24831 -28159 -19455 -26623 -255 -30194 -22756 9549 -31743 -31744 -31744 2816 2 -26878 -27391 -20991 
-1845387519 -19455 -26623 -255 24078 -13059 9549 -31743 -31744 -31744 2304 770 -24318 -27391 -20991 -24831 -28159 -19455 -26623 -255 9742 
625856049 -31743 -31744 -31744 2816 258 -25854 -27391 -20991 -24831 -28159 -19455 -26623 -255 28174 -5756 9549 -31743 -31744 -31744 1280 
-1711143422 -27391 -20991 -25087 -28159 -19455 -26623 -255 20494 -3234 9549 -31743 -31744 -31744 3072 2306 -24318 -27391 -20991 -25087 -28159 
-1744718847 -255 24590 4069 9550 -31743 -31744 -31744 2816 1282 -27902 -27391 -21247 -25087 -28159 -19455 -26623 -255 -26098 13900 9550 
-2080340991 -31744 3072 2 -28670 -27391 -21247 -24831 -28159 -19455 -26623 -255 18958 16869 9550 -31743 -31744 -31744 1792 1794 -25342 
-1409182463 -24575 -28159 -19455 -26623 -255 -31218 23725 9550 -31743 -31744 -31744 2304 1026 -26110 -27647 -21503 -24575 -28159 -19455 -26623 
302972673 26702 9550 -31743 -31744 -31744 2304 770 -28158 -27647 -21503 -24831 -28159 -19455 -26623 -255 2574 -32159 9550 -31743 -31744 
184583168 2818 -24574 -27647 -21503 -24575 -28159 -19455 -26623 -255 -6642 -29013 9550 -31743 -31744 -31744 2816 2 -26622 -27647 -21503 
-1845387519 -19455 -26623 -255 -14834 -22379 9550 -31743 -31744 -31744 2816 2050 -26622 -27903 -21503 -24831 -28159 -19455 -26623 -255 -24562 
625915117 -31743 -31744 -31744 3328 1026 -26878 -27647 -21503 -24575 -28159 -19455 -26623 -255 23566 -2830 9550 -31743 -31744 -31744 2816 
-1610481150 -27135 -21247 -24831 -28159 -19455 -26623 -255 -3058 -2371 9550 -31743 -31744 -31744 2816 -1022 -24831 -27135 -20991 -24831 -28159 
-1744718847 -255 30734 981 9551 -31743 -31744 -31744 1792 1538 -28158 -27135 -20991 -25087 -28159 -19455 -26623 -255 25614 7004 9551 
-2080340991 -31744 2048 1282 -26366 -27135 -20991 -25087 -28159 -19455 -26623 -255 26638 10792 9551 -31743 -31744 -31744 2304 514 -24830 
-1392404991 -25087 -28159 -19455 -26623 -255 -19442 16926 9551 -31743 -31744 -31744 4096 1026 -25342 -27135 -20991 -25087 -28159 -19455 -26623 
-435224831 20518 9551 -31743 -31744 -31744 2048 514 -27390 -27391 -20991 -25087 -28159 -19455 -26623 -255 7694 26650 9551 -31743 -31744 
167805952 1282 -24830 -27135 -21247 -25087 -28159 -19455 -26623 -255 -19954 30390 9551 -27647 -31744 -31744 1792 1026 -27134 -27135 -21247 
-1845387775 -19455 -26623 -255 -2546 -29040 9551 -31743 -27648 -31744 1792 2306 -25342 -27391 -21247 -25087 -28159 -19455 -26623 -255 19470 
625980629 -31743 -31744 -31744 2816 2050 -27134 -27391 -21503 -24831 -28159 -19455 -26623 -255 -7154 -14967 9551 -31743 -31744 -31744 2816 
-1862139134 -27391 -21503 -24831 -28159 -19455 -26623 -255 26126 -9438 9551 -31743 -31744 -31744 3584 514 -26878 -27135 -21503 -24831 -28159 
-1744718847 -255 11790 -5268 9551 -31743 -31744 -31744 2816 2 -28158 -27391 -21503 -24831 -28159 -19455 -26623 -255 -25586 255 9552 
-2080340991 -31744 1536 -254 -26367 -27135 -21247 -24831 -28159 -19455 -26623 -255 -5618 4513 9552 -31743 -31744 -31744 4096 1538 -27134 
-1392404991 -24831 -28159 -19455 -26623 -255 32270 14304 9552 -31743 -31744 -31744 3584 1282 -29694 -27391 -20991 -24831 -28159 -19455 -26623 
-1240531199 14610 9552 -31743 -31744 -31744 3328 2 -27646 -27391 -20991 -24831 -28159 -19455 -26623 -255 6158 19879 9552 -31743 -31744 
335578112 1282 -29950 -27391 -20735 -24831 -28159 -19455 -26623 -255 25614 29629 9552 -31743 -31744 -31744 2560 770 -24318 -27135 -20735 
-1845387775 -19455 -26623 -255 26126 -31068 9552 -31743 -31744 -31744 3584 1538 -26878 -27135 -20735 -25087 -28159 -19455 -26623 -255 12302 
626044173 -31743 -31744 -31744 2048 1538 -26878 -27135 -20991 -25343 -28159 -19455 -26623 -255 -11762 -10835 9552 -31743 -31744 -31744 2304 
-1744698878 -27135 -20991 -25087 -28159 -19455 -26623 -255 6158 -10374 9552 -31743 -31744 -31744 3072 1282 -27390 -27391 -20991 -24831 -28159 
-1744718847 -255 -7666 -6592 9552 -31743 -31744 -31744 1280 258 -24062 -27391 -20991 -24831 -28159 -19455 -26623 -255 14350 -5976 9552 
-2080340991 -31744 1536 1026 -27646 -27135 -20991 -24831 -28159 -19455 -26623 -255 -14834 -1006 9552 -31743 -31744 -31744 3072 1026 -26366 
-1392404991 -24831 -28159 -19455 -26623 -255 6670 3304 9553 -31743 -31744 -31744 2560 1794 -26622 -27391 -21503 -24831 -28159 -19455 -26623 
-938541311 8733 9553 -31743 -31744 -31744 2304 1794 -28158 -27391 -21503 -24831 -28159 -19455 -26623 -255 17934 13133 9553 -31743 -31744 
251692032 1538 -25598 -27391 -21503 -24831 -28159 -19455 -26623 -255 -9202 22811 9553 -31743 -31744 -31744 2560 1026 -26878 -27647 -21503 
-1845387519 -19455 -26623 -255 -22514 29008 9553 -31743 -31744 -31744 3584 2 -25854 -27391 -21247 -24831 -28159 -19455 -26623 -255 8206 
626098090 -31743 -31744 -31744 3328 1282 -27134 -27647 -21247 -24831 -28159 -19455 -26623 -255 -32242 -26856 9553 -31743 -31744 -31744 2560 
-1811807230 -27647 -20991 -24831 -28159 -19455 -26623 -255 -2546 -23119 9553 -31743 -31744 -31744 3584 1538 -29438 -27391 -20991 -25087 -28159 
-1744718847 -255 -11762 -17010 9553 -31743 -31744 -31744 3584 514 -27902 -27391 -21247 -25087 -28159 -19455 -26623 -255 6670 -13251 9553 
-2080340991 -31744 3328 258 -27646 -27391 -20991 -25087 -28159 -19455 -26623 -255 -11762 -7133 9553 -31743 -31744 -31744 3328 514 -27902 
-1375628031 -25087 -28159 -19455 -26623 -255 -21490 -3536 9553 -31743 -31744 -31744 2816 2 -28158 -27391 -20991 -25087 -28159 -19455 -26623 
-1508966655 6262 9554 -31743 -31744 -31744 3072 514 -28158 -27135 -20991 -24831 -28159 -19455 -26623 -255 -11250 12881 9554 -31743 -31744 
134251520 770 -28158 -27135 -21247 -25087 -28159 -19455 -26623 -255 6158 16000 9554 -31743 -31744 -31744 3584 2306 -24574 -27135 -20991 
-1845387519 -19455 -26623 -255 -21490 25867 9554 -31743 -31744 -31744 2048 1282 -26366 -27391 -21503 -24831 -28159 -19455 -26623 -255 -3058 
626163481 -31743 -31744 -31744 2816 770 -24062 -27391 -21503 -24831 -28159 -19455 -26623 -255 -19954 -29996 9554 -31743 -31744 -31744 2304 
-1761475070 -27391 -21503 -24831 -28159 -19455 -26623 -255 7694 -29381 9554 -31743 -31744 -31744 2816 1794 -27390 -27391 -21503 -24831 -28159 
-1744718847 -255 22030 -23150 2642 -1024 2561 -29440 2561 258 -28926 -27391 -21247 -25855 -28159 -19455 -26623 -255 26638 -20036 2642 
167902208 -29440 5121 -766 -29183 -27135 -20991 -26111 -28159 -19455 -27647 -255 -24050 -10329 2642 -1024 2561 -29440 4865 -4350 -31487 
-1308517887 -26623 -28159 -19455 -27647 -255 -28146 -2980 2642 -1024 2561 -29440 -1535 -1535 -27903 -25343 -19455 -26367 -26367 -18175 -27647 
-2112946431 -480 2642 -1024 2561 -29440 5377 -254 -26367 -25087 -19455 -26111 -26367 -18175 -27135 -255 2062 16572 2643 -1024 2561 
100764928 5890 -28670 -24063 -19967 -25343 -26367 -19455 -25599 -255 15374 17185 2643 -1024 2561 -29440 3329 5378 -27390 -24319 -19967 
-1727947263 -19455 -25599 -255 1038 19072 2643 -1024 2561 -29440 -2815 3585 -26622 -24319 -20223 -25343 -26367 -19455 -25599 -255 11790 
173237901 9728 2562 -11776 4097 3586 -23806 -25343 -20991 -24831 -26367 -19455 -25599 -255 22542 26718 2643 9728 2562 -11776 1 
-1811805182 -25343 -20991 -24831 -26367 -19455 -25599 -255 14350 28901 2643 9728 2562 -11776 8193 4098 -25598 -25599 -21247 -24575 -26367 
-1677609983 -255 19470 -26905 2643 9728 2562 -11776 1 6914 -22270 -26623 -20991 -24575 -29439 -19455 -25599 -255 1038 -18899 2643 
167912960 -11776 6657 6658 -24318 -27647 -20991 -25087 -29439 -19455 -25599 -255 22542 -17027 2643 9728 2562 -11776 5377 9986 -22270 
-1375628287 -25087 -29439 -19455 -25599 -255 13326 -9155 2643 9728 2562 -11776 -6655 1025 -25086 -28415 -20735 -25599 -29439 -19455 -25599 
1410268929 -7288 2643 9728 2562 -11776 9217 9474 -23038 -28415 -20735 -25599 -29439 -19455 -25599 -255 32270 691 2644 9728 2562 
486658560 7426 -27646 -28927 -20735 -25855 -29439 -19455 -27903 -255 -3058 2552 2644 -9728 2561 29184 -1791 1 -23294 -28671 -20991 
-1929274623 -19455 -26367 -255 -23538 10521 2644 -9728 2561 23040 -3583 769 -23294 -28415 -20735 -25343 -29439 -19455 -26367 -255 23054 
173289422 -9728 2561 23040 5121 12034 -26622 -28415 -20735 -25343 -29439 -19455 -26367 -255 14862 22087 2644 -9728 2561 23040 3073 
-1778250494 -27903 -20991 -25343 -29439 -19455 -26367 -255 -3570 30563 2644 -9728 2561 23040 -2047 5889 -25342 -27647 -21503 -25343 -29439 
-1727941631 -255 -7666 31805 2644 -9728 2561 23040 4097 3330 -30974 -27903 -21503 -25087 -29439 -19455 -26367 -255 526 -25127 2644 
167893504 23040 3073 770 -24318 -27647 -21503 -25087 -29439 -19455 -26367 -255 -24562 -23887 2644 -9728 2561 23040 1537 2306 -26878 
-1409182719 -25087 -29439 -19455 -26367 -255 20494 -15293 2644 -9728 2561 23040 2305 2562 -31230 -27647 -21503 -25343 -29439 -19455 -26367 
-301007103 -14053 2644 -9728 2561 23040 1 4610 -28670 -27647 -21247 -24831 -29439 -19455 -26367 -255 30734 -5601 2644 -9728 2561 
201415168 5378 -29182 -27903 -21247 -24831 -29439 -19455 -26367 -255 -22514 -4359 2644 -9728 2561 23040 1281 514 -28158 -27647 -21247 
-1929273855 -19455 -26367 -255 -19442 5492 2645 -9728 2561 23040 -511 1025 -24830 -27903 -21247 -25087 -29439 -19455 -26367 -255 -8690 
173357906 -9728 2561 23040 -1023 5121 -23806 -27135 -20991 -25087 -29439 -19455 -26367 -255 12814 15805 2645 -9728 2561 23040 -511 
-1660808447 -27391 -20991 -25343 -29439 -19455 -26367 -255 17422 24399 2645 -9728 2561 23040 2561 4354 -28414 -27391 -21247 -25343 -29439 
-1727941631 -255 22030 25022 2645 -9728 2561 23040 -1023 2817 -25342 -27391 -21247 -25599 -29439 -19455 -26367 -255 -23538 -31453 2645 
167893504 23040 1 2818 -25086 -27391 -20991 -25343 -29439 -19455 -26367 -255 23054 -30675 2645 -13824 2561 18944 -1023 4609 -24574 
-1375628031 -25343 -29439 -19455 -26367 -255 -2034 -21544 2645 -21248 2561 6912 1 3330 -24062 -27391 -21247 -25087 -29439 -19455 -26367 
-1441857791 -20927 2645 -21248 2561 6912 1 3842 -23806 -27391 -21247 -25087 -29439 -19455 -26367 -255 27662 -11094 2645 -21248 2561 
-16704768 3841 -27902 -27647 -21503 -25087 -29439 -19455 -26367 -255 -29170 -1564 2645 -21248 2561 6912 3073 2050 -26110 -28159 -21759 
-1929273599 -19455 -26367 -255 1550 -951 2645 -21248 2561 6912 -767 2561 -24830 -28159 -21759 -24831 -29439 -19455 -26367 -255 16910 
173416670 -21248 2561 6912 1793 770 -27390 -28415 -21759 -24575 -29439 -19455 -26367 -255 16398 9030 2646 -21248 2561 6912 1537 
-1727919102 -28415 -21759 -24575 -29439 -19455 -26367 -255 25614 18172 2646 -21248 2561 6912 4609 2050 -30206 -28159 -20991 -24319 -29439 
-1727941631 -255 27662 18634 2646 -21248 2561 6912 3329 2050 -26878 -27903 -20991 -24319 -29439 -19455 -26367 -255 28686 27875 18006 
-1543478271 25600 1280 2818 -26622 -27903 -21247 -23295 -29439 -19455 -26367 -255 4110 28491 18006 25601 -23552 25600 1536 2050 -30718 
-1409182975 -23295 -29439 -19455 -26367 -255 6670 -27751 18006 25601 -23552 25600 2304 1538 -30462 -27391 -21759 -23295 -29439 -19455 -26367 
1074724609 -17875 18006 25601 -23552 25600 1024 2 -23294 -26623 -22015 -23807 -29439 -19455 -26367 -255 -24562 -17566 18006 25601 -23552 
100688896 258 -27390 -26623 -22015 -23807 -29439 -19455 -26367 -255 -32754 -8119 18006 25601 -23552 25600 3840 2050 -27134 -26879 -21759 
-1929272831 -19455 -26367 -255 19470 -7649 18006 25601 -23552 25600 3840 1538 -27902 -26879 -21503 -24319 -29439 -19455 -26367 -255 -13298 
1180108467 25601 -23552 25600 2048 3074 -25598 -27391 -21247 -24575 -29439 -19455 -26367 -255 1550 2022 18007 25601 -23552 25600 2560 
-1744696574 -27391 -21503 -24575 -29439 -19455 -26367 -255 30222 11520 25687 17665 -15616 17664 1536 2818 -27646 -27647 -21247 -24831 -29439 
-1727941631 -255 -22002 11826 25687 17665 -15616 17664 1792 2050 -26366 -27647 -21247 -24831 -29439 -19455 -26367 -255 -23026 31015 25687 
-1023392511 17664 2816 514 -28158 -27903 -21247 -25087 -29439 -19455 -26367 -255 -6642 31321 25687 17665 -15616 17664 3840 258 -27902 
-1392405759 -25087 -29439 -19455 -26367 -255 -31218 31937 25687 17665 -15616 17664 1792 -766 -26623 -27903 -21247 -25087 -29439 -19455 -26367 
1880030977 -24713 25687 17665 -15616 17664 3072 -254 -25599 -27391 -21247 -25087 -29439 -19455 -26367 -255 15886 -23780 25687 17665 -15616 
234898688 770 -27390 -27391 -21247 -25087 -29439 -19455 -26367 -255 11278 -14880 25687 17665 -15616 17664 3328 1794 -28926 -27391 -21247 
-1929273855 -19455 -26367 -255 -3058 -13948 25687 17665 -15616 17664 1536 770 -24318 -27135 -21247 -24831 -29439 -19455 -26367 -255 -23026 
-1067979699 2561 13568 2561 4608 2306 -27134 -27391 -21503 -24319 -29439 -19455 -26367 -255 1038 -4258 -16297 2561 13568 2561 3584 
-1912467966 -27391 -21503 -24319 -29439 -19455 -26367 -255 -22514 4694 -16296 2561 13568 2561 4352 514 -28670 -27135 -21503 -24063 -29439 
-1727941631 -255 22030 14440 -16296 2561 13568 2561 3072 2 -28158 -27647 -21503 -24063 -29439 -19455 -26367 -255 -27634 15846 -16296 
889195009 2561 3584 1538 -26110 -27647 -21503 -24063 -29439 -19455 -26367 -255 -16882 24288 -16296 2561 13568 2561 4096 -2558 -25343 
-1392405503 -24319 -29439 -19455 -26367 -255 -31218 25696 -16296 2561 13568 2561 3072 2818 -25854 -27647 -21247 -24575 -29439 -19455 -26367 
504299265 -31412 -16296 2561 13568 2561 1280 -510 -26111 -27903 -21247 -24575 -29439 -19455 -26367 -255 -11250 -30006 -16296 2561 13568 
285215233 3330 -24830 -27903 -21247 -24831 -29439 -19455 -26367 -255 -29170 -21587 -10664 2561 21504 2561 2816 2 -27646 -27903 -21503 
-1929273343 -19455 -26367 -255 -32754 -20339 -10664 2561 21504 2561 3072 1538 -24574 -28159 -21247 -24575 -29439 -19455 -26367 -255 -24050 
-698822252 2561 21504 2561 3584 -1278 -28159 -28159 -21503 -24319 -29439 -19455 -26367 -255 -21490 -2145 -10664 2561 21504 2561 1536 
-1895696894 -27647 -20991 -24063 -29439 -19455 -26367 -255 -2546 -113 -10664 2561 21504 2561 4352 2562 -27134 -27391 -20991 -24063 -29439 
-1727941631 -255 15374 7709 -10663 2561 25600 2561 3840 -1022 -28927 -26879 -21247 -24063 -29439 -19455 -26367 -255 3598 9591 -10663 
1409288705 2561 2560 2306 -25086 -26879 -20991 -24319 -29439 -19455 -26367 -255 -5106 17564 -10663 2561 21504 2561 2304 -254 -27135 
-1409181695 -24319 -29439 -19455 -26367 -255 -7666 19439 -10663 2561 21504 2561 3840 2818 -25854 -26879 -21503 -24575 -29439 -19455 -26367 
135200513 27257 -7335 2561 26368 2561 3840 -2558 -28159 -26879 -21247 -24319 -29439 -19455 -26367 -255 21006 29288 -7335 2561 26368 
201329153 1282 -27134 -26879 -21247 -24575 -29439 -19455 -26367 -255 29198 -28431 -7335 2561 26368 2561 4864 770 -27390 -27135 -21247 
-1929273343 -19455 -26367 -255 13326 -18723 -7335 2561 26368 2561 3328 258 -25342 -27391 -20991 -24831 -29439 -19455 -26367 -255 8718 
-480657086 2561 26368 2561 3072 -254 -27391 -27135 -20991 -24831 -29439 -19455 -26367 -255 31246 -6378 -7335 2561 26368 2561 4864 
-1610483710 -27391 -20991 -25087 -29439 -19455 -26367 -255 -19442 -6072 -7335 2561 26368 2561 3840 770 -25854 -27391 -20735 -25087 -29439 
-1727941631 -255 -32754 983 -7334 2561 26368 2561 2816 3586 -26366 -27647 -21247 -25087 -29439 -19455 -26367 -255 15886 3480 -7334 
1728055809 2561 4352 770 -25086 -27647 -21247 -25087 -29439 -19455 -26367 -255 -18930 10723 4954 2562 -19712 2561 3328 3586 -27134 
-1392405759 -24831 -29439 -19455 -26367 -255 27150 13386 4954 2562 -19712 2561 4096 1026 -26878 -27903 -21247 -24575 -29439 -19455 -26367 
1578041089 20420 4954 2562 -19712 2561 5376 -4862 -27135 -27647 -21247 -24575 -29439 -19455 -26367 -255 -22002 -32143 4954 2562 -19712 
301992449 -1790 -26879 -27391 -21247 -24575 -29439 -19455 -26367 -255 -6130 -31837 4954 2562 -19712 2561 2304 -1790 -25343 -27391 -21247 
-1929273343 -19455 -26367 -255 22030 -25411 4954 2562 -19712 2561 3840 6658 -26366 -27135 -21247 -24575 -29439 -19455 -26367 -255 14862 
324708616 2562 -15616 2561 4608 7426 -27646 -26879 -20991 -24831 -29439 -19455 -26367 -255 -14834 -12574 4954 2562 -19712 2561 3584 
-1828585470 -27391 -20991 -25087 -29439 -19455 -26367 -255 9742 -12264 4954 2562 -19712 2561 1792 -2814 -25855 -27135 -21247 -25087 -29439 
-1727941631 -255 32270 -5830 20058 2562 6144 2562 5120 514 -25598 -27391 -20991 -24831 -29439 -19455 -26367 -255 -2034 -2693 20058 
402655746 2562 3584 258 -25342 -27647 -20735 -24831 -29439 -19455 -26367 -255 8206 3875 20059 2562 6144 2562 5376 19714 -30206 
-1358851327 -24831 -29439 -19455 -26367 -255 4110 13734 20059 2562 6144 2562 256 -8702 -24575 -27391 -20735 -25087 -29439 -19455 -26367 
-200343807 17497 20059 2562 6144 2562 -2816 10241 -26878 -27135 -20735 -25343 -29439 -19455 -26367 -255 31758 23473 20059 2562 6144 
100665858 7682 -24574 -27135 -20991 -25087 -29439 -19455 -26367 -255 14 27223 20059 2562 6144 2562 4352 -4350 -22527 -26879 -21247 
-1929273087 -19455 -26367 -255 28686 -32213 20059 2562 6144 2562 -6912 1 -24318 -26623 -21759 -24575 -29439 -19455 -26367 -255 -7154 
1314623734 2562 10240 2562 1280 514 -23550 -27135 -22015 -24319 -29439 -19455 -26367 -255 4622 -22458 13147 30465 -28416 30464 1536 
-1795043070 -27391 -22015 -24831 -29439 -19455 -26367 -255 25614 -18712 13147 30465 -28416 30464 7424 -9470 -27391 -27647 -22015 -24063 -29439 
-1727941631 -255 -32754 -12696 13147 30465 -28416 30464 256 514 -25086 -27647 -21247 -24575 -29439 -19455 -26367 -255 8718 -2891 13147 
-1862240511 30464 3584 4354 -26622 -28415 -21247 -24831 -29439 -19455 -26367 -255 -13298 1486 13148 30465 -28416 30464 3072 -254 -28415 
-1392406527 -24831 -29439 -19455 -26367 -255 -12274 6952 13148 30465 -28416 30464 2816 514 -25086 -28927 -21759 -24575 -29439 -19455 -26367 
101646081 11346 13148 30465 -28416 30464 2560 -2302 -26879 -28671 -21759 -24831 -29439 -19455 -26367 -255 26638 16643 13148 30465 -28416 
285243136 -1534 -24831 -28415 -21759 -24831 -29439 -19455 -26367 -255 10766 21012 13148 30465 -28416 30464 3328 -510 -26111 -28159 -21759 
-1929273855 -19455 -26367 -255 -28146 26535 9564 -31743 -31744 -31744 5120 -1534 -28415 -27647 -21503 -25087 -29439 -19455 -26367 -255 -24562 
626817267 -31743 -31744 -31744 3840 258 -27390 -27391 -21247 -25087 -29439 -19455 -26367 -255 -20978 -29259 9564 -31743 -31744 -31744 3328 
-1912471550 -27391 -21247 -25343 -29439 -19455 -26367 -255 9742 -19534 9564 -31743 -31744 -31744 3840 -1278 -25343 -26879 -20735 -25087 -29439 
-1727941631 -255 -29682 -14398 9564 -31743 -31744 -31744 3584 1026 -27390 -26623 -20991 -25343 -29439 -19455 -26367 -255 23566 -9640 9564 
-2080340991 -31744 3584 -2302 -29439 -26623 -20735 -25087 -29439 -19455 -26367 -255 25614 -4676 9564 -31743 -31744 -31744 3584 -510 -26879 
-1358850047 -24831 -29439 -19455 -26367 -255 8718 57 9565 -31743 -31744 -31744 2560 2 -28670 -26623 -21247 -25087 -29439 -19455 -26367 
-1374748927 5220 9565 -31743 -31744 -31744 4352 -1278 -27135 -26623 -21247 -24831 -29439 -19455 -26367 -255 -27634 9891 9565 -31743 -31744 
251692032 2306 -28670 -26623 -21247 -24831 -29439 -19455 -26367 -255 -19442 15047 9565 -31743 -31744 -31744 2560 2306 -26366 -26623 -21247 
-1929273599 -19455 -26367 -255 -12786 19600 9565 -31743 -31744 -31744 3584 258 -26110 -26879 -21247 -25087 -29439 -19455 -26367 -255 24590 
626886932 -31743 -31744 -31744 3072 -510 -22271 -27647 -20991 -25343 -29439 -19455 -26367 -255 9230 -26362 9565 -31743 -31744 -31744 3584 
-1761474814 -27903 -21247 -25343 -29439 -19455 -26367 -255 -15346 -25746 9565 -31743 -31744 -31744 3072 1282 -26110 -27903 -21247 -25343 -29439 
-1727941631 -255 29710 -20542 9565 -31743 -31744 -31744 2560 1794 -28670 -28159 -20991 -25343 -29439 -19455 -26367 -255 -20978 -16461 9565 
-2080340991 -31744 4608 -1022 -25855 -28159 -20991 -25343 -29439 -19455 -26367 -255 -13810 -10819 9565 -31743 -31744 -31744 4864 1026 -25854 
-1358851583 -25599 -29439 -19455 -26367 -255 6670 -6623 2653 -7168 2561 -18176 3073 -2814 -29695 -27903 -20735 -25855 -29439 -19455 -26367 
571408129 -984 2653 5888 2562 -18176 2561 -3326 -31231 -27135 -20223 -26879 -29439 -19455 -29439 -255 32270 3075 2654 5888 2562 
184662272 -2046 -31487 -26367 -19711 -27391 -29439 -19455 -29439 -255 14 12927 2654 5888 2562 -18176 4609 -254 -28927 -25087 -19199 
-1727949055 -16639 -29439 -255 2574 19222 2654 5888 2562 -18176 7937 514 -29950 -24319 -19199 -26367 -26367 -16639 -29439 -255 11790 
173955202 5888 2562 -18176 8449 -1790 -27135 -24319 -19455 -25855 -26367 -16639 -29439 -255 7182 28944 2654 5888 2562 -18176 2049 
-1811810046 -24575 -19967 -25599 -26367 -19455 -26367 -255 14350 32378 2654 5888 2562 -18176 -2559 2817 -26110 -24575 -20223 -25599 -26367 
-1727941631 -255 14350 -26749 2654 5888 2562 -18176 -7423 5633 -23806 -24831 -20991 -25087 -26367 -19455 -26367 -255 -13298 -17060 2654 
167897856 29696 1281 7938 -22014 -25855 -21759 -24831 -26367 -19455 -26367 -255 2574 -16753 2654 -5376 2561 29696 3073 6402 -22526 
-1425958143 -24575 -26367 -19455 -26367 -255 12302 -13462 2654 -5376 2561 -31744 3329 3586 -23038 -26623 -21759 -24831 -29439 -19455 -26367 
806289153 -3763 2654 -5376 2561 29696 6145 2 -21758 -27391 -21503 -25087 -29439 -19455 -26367 -255 7182 6089 2655 -5376 2561 
-67013632 5633 -29182 -28671 -21503 -26111 -29439 -19455 -26879 -255 -24050 6549 2655 -5376 2561 29696 -767 10753 -22782 -28927 -21503 
-1929274623 -19455 -26879 -255 -8178 13005 2655 -5376 2561 29696 -1791 6145 -24574 -29183 -21247 -26623 -29439 -19455 -28159 -255 -16370 
174013896 -5376 2561 29696 3073 8962 -26622 -29183 -20991 -26367 -29439 -19455 -28159 -255 -18930 22743 2655 -5376 2561 29696 1 
-1627257598 -28671 -20479 -26367 -29439 -19455 -28159 -255 4110 25589 -9633 11008 -31743 -19456 -2560 1281 -25598 -28671 -20479 -26111 -29439 
-1845382143 -255 22030 32634 9567 -31743 -31744 -31744 256 3330 -28670 -28671 -21247 -25087 -29439 -19455 -25599 -255 30222 -30110 9567 
-2080340991 -31744 1024 3842 -28926 -28671 -21503 -24319 -29439 -19455 -25599 -255 30222 -20387 9567 -31743 -31744 -31744 2816 5634 -28158 
-1493069823 -23807 -29439 -26623 -25599 -255 -25074 -12729 9567 -31743 -31744 -31744 2048 1538 -28414 -28671 -22783 -23807 -29439 -26623 -25599 
1108279041 -10538 9567 -31743 -31744 -31744 4608 2818 -27134 -28927 -22783 -23807 -29439 -24575 -25599 -255 -19954 -2876 9567 -31743 -31744 
167805952 258 -28158 -28671 -21759 -24063 -29439 -19199 -25599 -255 30222 -807 9567 -31743 -31744 -31744 5632 -766 -26367 -28415 -21759 
-1929273087 -19199 -25599 -255 9230 6987 9568 -31743 -31744 -31744 4864 -1022 -24831 -27903 -21247 -24831 -29439 -19199 -25599 -255 -3570 
627057517 -31743 -31744 -31744 2816 514 -25854 -27903 -20991 -25087 -29439 -19199 -25599 -255 19982 16779 9568 -31743 -31744 -31744 1792 
-1761476862 -27903 -21247 -25343 -29439 -19199 -25599 -255 526 18834 9568 -31743 -31744 -31744 3328 2050 -27390 -28159 -21247 -25087 -29439 
-1677609727 -255 -28658 -28710 9568 -31743 -31744 -31744 3072 -510 -25087 -27647 -21247 -24575 -29439 -19199 -25599 -255 25102 -28397 9568 
-2080340991 -31744 3584 -510 -27647 -27647 -21503 -24575 -29439 -19199 -25599 -255 -7666 -27153 9568 -31743 -31744 -31744 4096 -2046 -27135 
-1392405247 -24319 -29439 -19199 -25599 -255 17422 -18817 9568 -31743 -31744 -31744 3840 -1022 -29695 -26879 -21247 -24575 -29439 -19199 -25599 
604962561 -17257 9568 -31743 -31744 -31744 2304 -254 -26623 -26879 -21503 -24575 -29439 -19199 -25599 -255 21518 -9001 9568 -31743 -31744 
151028736 2 -25598 -26623 -21247 -24831 -29439 -19199 -25599 -255 -30706 -7609 9568 -31743 -31744 -31744 3584 -1022 -26623 -26623 -21247 
-1929273599 -19199 -25599 -255 4366 6687 7953 4378 6687 0 0 0 0 0 0 0 0 0 0 0 0 
