8354 0 0 0 0 0 0 0 0 0 0 0 108 0 
8406 0 0 0 0 0 0 0 0 0 0 0 108 0 
8456 0 0 0 0 0 0 0 0 0 0 0 108 0 
8506 0 0 0 0 0 0 0 0 0 0 0 108 0 
8556 0 0 0 0 0 0 0 0 0 0 0 108 0 
8606 0 0 0 0 0 0 0 0 0 0 0 108 0 
8656 0 0 0 0 0 0 0 0 0 0 0 108 0 
8706 0 0 0 0 0 0 0 0 0 0 0 108 0 
8756 0 0 0 0 0 0 0 0 0 0 0 108 0 
8806 0 0 0 0 0 0 0 0 0 0 0 108 0 
8856 0 0 0 0 0 0 0 0 0 0 0 108 0 
8907 0 0 0 0 0 0 0 0 0 0 0 108 0 
8957 0 0 0 0 0 0 0 0 0 0 0 108 0 
9007 0 0 0 0 0 0 0 0 0 0 0 108 0 
9057 0 0 0 0 0 0 0 0 0 0 0 108 0 
9107 0 0 0 0 0 0 0 0 0 0 0 108 0 
9157 0 0 0 0 0 0 0 0 0 0 0 108 0 
9207 0 0 0 0 0 0 0 0 0 0 0 108 0 
9257 0 0 0 0 0 0 0 0 0 0 0 108 0 
9307 0 0 0 0 0 0 0 0 0 0 0 108 0 
9357 0 0 0 0 0 0 0 0 0 0 0 108 0 
9411 0 0 0 0 0 0 0 0 0 0 0 108 0 
9461 0 0 0 0 0 0 0 0 0 0 0 108 0 
9511 0 0 0 0 0 0 0 0 0 0 0 108 0 
9561 0 0 0 0 0 0 0 0 0 0 0 108 0 
9611 0 0 0 0 0 0 0 0 0 0 0 108 0 
9661 0 0 0 0 0 0 0 0 0 0 0 108 0 
9711 0 0 0 0 0 0 0 0 0 0 0 108 0 
9761 0 0 0 0 0 0 0 0 0 0 0 108 0 
9812 0 0 0 0 0 0 0 0 0 0 0 108 0 
9862 0 0 0 0 0 0 0 0 0 0 0 108 0 
9913 0 0 0 0 0 0 0 0 0 0 0 108 0 
9963 0 0 0 0 0 0 0 0 0 0 0 108 0 
10013 0 0 0 0 0 0 0 0 0 0 0 108 0 
10063 0 0 0 0 0 0 0 0 0 0 0 108 0 
10113 0 0 0 0 0 0 0 0 0 0 0 108 0 
10163 0 0 0 0 0 0 0 0 0 0 0 108 0 
10213 0 0 0 0 0 0 0 0 0 0 0 108 0 
10263 0 0 0 0 0 0 0 0 0 0 0 108 0 
10313 0 0 0 0 0 0 0 0 0 0 0 108 0 
10363 0 0 0 0 0 0 0 0 0 0 0 108 0 
10413 0 0 0 0 0 0 0 0 0 0 0 108 0 
10464 0 0 0 0 0 0 0 0 0 0 0 108 0 
10514 0 0 0 0 0 0 0 0 0 0 0 108 0 
10564 0 0 0 0 0 0 0 0 0 0 0 108 0 
10614 0 0 0 0 0 0 0 0 0 0 0 108 0 
10664 0 0 0 0 0 0 0 0 0 0 0 108 0 
10714 0 0 0 0 0 0 0 0 0 0 0 108 0 
10764 0 0 0 0 0 0 0 0 0 0 0 108 0 
10814 0 0 0 0 0 0 0 0 0 0 0 108 0 
10864 0 0 0 0 0 0 0 0 0 0 0 108 0 
10914 0 0 0 0 0 0 0 0 0 0 0 108 0 
10964 0 0 0 0 0 0 0 0 0 0 0 108 0 
11015 0 0 0 0 0 0 0 0 0 0 0 108 0 
11065 0 0 0 0 0 0 0 0 0 0 0 108 0 
11115 0 0 0 0 0 0 0 0 0 0 0 108 0 
11165 0 0 0 0 0 0 0 0 0 0 0 108 0 
11215 0 0 0 0 0 0 0 0 0 0 0 108 0 
11265 0 0 0 0 0 0 0 0 0 0 0 108 0 
11315 0 0 0 0 0 0 0 0 0 0 0 108 0 
11365 0 0 0 0 0 0 0 0 0 0 0 108 0 
11415 0 0 0 0 0 0 0 0 0 0 0 108 0 
11465 0 0 0 0 0 0 0 0 0 0 0 108 0 
11516 0 0 0 0 0 0 0 0 0 0 0 108 0 
11566 0 0 0 0 0 0 0 0 0 0 0 108 0 
11616 0 0 0 0 0 0 0 0 0 0 0 108 0 
11666 0 0 0 0 0 0 0 0 0 0 0 108 0 
11716 0 0 0 0 0 0 0 0 0 0 0 108 0 
11766 0 0 0 0 0 0 0 0 0 0 0 108 0 
11816 0 0 0 0 0 0 0 0 0 0 0 108 0 
11866 0 0 0 0 0 0 0 0 0 0 0 108 0 
11916 0 0 0 0 0 0 0 0 0 0 0 108 0 
11966 0 0 0 0 0 0 0 0 0 0 0 108 0 
12016 0 0 0 0 0 0 0 0 0 0 0 108 0 
12067 0 0 0 0 0 0 0 0 0 0 0 108 0 
12117 0 0 0 0 0 0 0 0 0 0 0 108 0 
12167 0 0 0 0 0 0 0 0 0 0 0 108 0 
12217 0 0 0 0 0 0 0 0 0 0 0 108 0 
12267 0 0 0 0 0 0 0 0 0 0 0 108 0 
12317 0 0 0 0 0 0 0 0 0 0 0 108 0 
12367 0 0 0 0 0 0 0 0 0 0 0 108 0 
12417 0 0 0 0 0 0 0 0 0 0 0 108 0 
12467 0 0 0 0 0 0 0 0 0 0 0 108 0 
12517 0 0 0 0 0 0 0 0 0 0 0 108 0 
12568 0 0 0 0 0 0 0 0 0 0 0 108 0 
12618 0 0 0 0 0 0 0 0 0 0 0 108 0 
12668 0 0 0 0 0 0 0 0 0 0 0 108 0 
12718 0 0 0 0 0 0 0 0 0 0 0 108 0 
12768 0 0 0 0 0 0 0 0 0 0 0 108 0 
12818 0 0 0 0 0 0 0 0 0 0 0 108 0 
12868 0 0 0 0 0 0 0 0 0 0 0 108 0 
12918 0 0 0 0 0 0 0 0 0 0 0 108 0 
12968 0 0 0 0 0 0 0 0 0 0 0 108 0 
13018 0 0 0 0 0 0 0 0 0 0 0 108 0 
13069 0 0 0 0 0 0 0 0 0 0 0 108 0 
13119 0 0 0 0 0 0 0 0 0 0 0 108 0 
13169 0 0 0 0 0 0 0 0 0 0 0 108 0 
13219 0 0 0 0 0 0 0 0 0 0 0 108 0 
13269 0 0 0 0 0 0 0 0 0 0 0 108 0 
13319 0 0 0 0 0 0 0 0 0 0 0 108 0 
13369 0 0 0 0 0 0 0 0 0 0 0 108 0 
13419 0 0 0 0 0 0 0 0 0 0 0 108 0 
13469 0 0 0 0 0 0 0 0 0 0 0 108 0 
13519 0 0 0 0 0 0 0 0 0 0 0 108 0 
13569 0 0 0 0 0 0 0 0 0 0 0 108 0 
13620 0 0 0 0 0 0 0 0 0 0 0 108 0 
13670 0 0 0 0 0 0 0 0 0 0 0 108 0 
13720 0 0 0 0 0 0 0 0 0 0 0 108 0 
