421801 1 2 3 4 5 6 7 8 9 10 11 12 13 
421851 1 2 3 4 5 6 7 8 9 10 11 12 13 
421901 1 2 3 4 5 6 7 8 9 10 11 12 13 
421951 1 2 3 4 5 6 7 8 9 10 11 12 13 
422001 1 2 3 4 5 6 7 8 9 10 11 12 13 
422051 1 2 3 4 5 6 7 8 9 10 11 12 13 
422102 1 2 3 4 5 6 7 8 9 10 11 12 13 
422152 1 2 3 4 5 6 7 8 9 10 11 12 13 
422202 1 2 3 4 5 6 7 8 9 10 11 12 13 
422252 1 2 3 4 5 6 7 8 9 10 11 12 13 
422302 1 2 3 4 5 6 7 8 9 10 11 12 13 
422352 1 2 3 4 5 6 7 8 9 10 11 12 13 
422402 1 2 3 4 5 6 7 8 9 10 11 12 13 
422452 1 2 3 4 5 6 7 8 9 10 11 12 13 
422502 1 2 3 4 5 6 7 8 9 10 11 12 13 
422552 1 2 3 4 5 6 7 8 9 10 11 12 13 
422603 1 2 3 4 5 6 7 8 9 10 11 12 13 
422653 1 2 3 4 5 6 7 8 9 10 11 12 13 
422703 1 2 3 4 5 6 7 8 9 10 11 12 13 
422753 1 2 3 4 5 6 7 8 9 10 11 12 13 
422803 1 2 3 4 5 6 7 8 9 10 11 12 13 
