580600 0 0 0 0 0 0 0 0 0 0 10 5 1 
580650 0 0 0 0 0 0 0 0 0 0 10 5 1 
580700 0 0 0 0 0 0 0 0 0 0 10 5 1 
580750 0 0 0 0 0 0 0 0 0 0 10 5 1 
580800 0 0 0 0 0 0 0 0 0 0 10 5 1 
580850 0 0 0 0 0 0 0 0 0 0 10 5 1 
580901 0 0 0 0 0 0 0 0 0 0 10 5 1 
580951 0 0 0 0 0 0 0 0 0 0 10 5 1 
581001 0 0 0 0 0 0 0 0 0 0 10 5 1 
581051 0 0 0 0 0 0 0 0 0 0 10 5 1 
581101 0 0 0 0 0 0 0 0 0 0 10 5 1 
581151 0 0 0 0 0 0 0 0 0 0 10 5 1 
581201 0 0 0 0 0 0 0 0 0 0 10 5 1 
581251 0 0 0 0 0 0 0 0 0 0 10 5 1 
581301 0 0 0 0 0 0 0 0 0 0 10 5 1 
581351 0 0 0 0 0 0 0 0 0 0 10 5 1 
581401 0 0 0 0 0 0 0 0 0 0 10 5 1 
581451 0 0 0 0 0 0 0 0 0 0 10 5 1 
581502 0 0 0 0 0 0 0 0 0 0 10 5 1 
581552 0 0 0 0 0 0 0 0 0 0 10 5 1 
581602 0 0 0 0 0 0 0 0 0 0 10 5 1 
581652 0 0 0 0 0 0 0 0 0 0 10 5 1 
