788529152 69 0 0 0 0 0 0 0 0 0 0 0 0 0 -256 25102 69 0 0 0 0 0 0 0 0 0 0 0 0 0 -256 -27634 69 0 0 0 0 0 0 0 0 0 0 0 0 0 -256 -14834 69 0 
0 0 0 0 0 0 0 0 0 0 0 -256 -2034 69 0 0 0 0 0 0 0 0 0 0 0 0 0 -256 10766 70 0 0 0 0 0 0 0 0 0 0 0 0 0 -256 23566 70 0 0 0 0 0 
0 0 0 0 0 0 0 -256 -29170 70 0 0 0 0 0 0 0 0 0 0 0 0 0 -256 -16370 70 0 0 0 0 0 0 0 0 0 0 0 0 0 -256 -3314 70 0 0 0 0 0 0 0 0 0 
0 0 0 -256 9486 71 0 0 0 0 0 0 0 0 0 0 0 0 0 -256 22286 71 0 0 0 0 0 0 0 0 0 0 0 0 0 -256 -30450 71 0 0 0 0 0 0 0 0 0 0 0 0 0 
-1156645120 71 0 0 0 0 0 0 0 0 0 0 0 0 0 -256 -4850 71 0 0 0 0 0 0 0 0 0 0 0 0 0 -256 7950 72 0 0 0 0 0 0 0 0 0 0 0 0 0 -256 20750 72 0 
0 0 0 0 0 0 0 0 0 0 0 -256 -31986 72 0 0 0 0 0 0 0 0 0 0 0 0 0 -256 -19186 72 0 0 0 0 0 0 0 0 0 0 0 0 0 -256 -6130 72 0 0 0 0 0 
0 0 0 0 0 0 0 -256 6670 73 0 0 0 0 0 0 0 0 0 0 0 0 0 -256 19470 73 0 0 0 0 0 0 0 0 0 0 0 0 0 -256 32270 73 0 0 0 0 0 0 0 0 0 
0 0 0 -256 -20466 73 0 0 0 0 0 0 0 0 0 0 0 0 0 -256 -7666 73 0 0 0 0 0 0 0 0 0 0 0 0 0 -256 5134 74 0 0 0 0 0 0 0 0 0 0 0 0 0 
1175387904 74 0 0 0 0 0 0 0 0 0 0 0 0 0 -256 30734 74 0 0 0 0 0 0 0 0 0 0 0 0 0 -256 -22002 74 0 0 0 0 0 0 0 0 0 0 0 0 0 -256 -9202 74 0 
0 0 0 0 0 0 0 0 0 0 0 -256 3854 75 0 0 0 0 0 0 0 0 0 0 0 0 0 -256 16654 75 0 0 0 0 0 0 0 0 0 0 0 0 0 -256 29454 75 0 0 0 0 0 
0 0 0 0 0 0 0 -256 -23282 75 0 0 0 0 0 0 0 0 0 0 0 0 0 -256 -10482 75 0 0 0 0 0 0 0 0 0 0 0 0 0 -256 2318 76 0 0 0 0 0 0 0 0 0 
0 0 0 -256 15118 76 0 0 0 0 0 0 0 0 0 0 0 0 0 -256 27918 76 0 0 0 0 0 0 0 0 0 0 0 0 0 -256 -24818 76 0 0 0 0 0 0 0 0 0 0 0 0 0 
-787546368 76 0 0 0 0 0 0 0 0 0 0 0 0 0 -256 1038 77 0 0 0 0 0 0 0 0 0 0 0 0 0 -256 13838 77 0 0 0 0 0 0 0 0 0 0 0 0 0 -256 26638 77 0 
0 0 0 0 0 0 0 0 0 0 0 -256 -26098 77 0 0 0 0 0 0 0 0 0 0 0 0 0 -256 -13298 77 0 0 0 0 0 0 0 0 0 0 0 0 0 -256 -498 77 0 0 0 0 0 
0 0 0 0 0 0 0 -256 12302 78 0 0 0 0 0 0 0 0 0 0 0 0 0 -256 25102 78 0 0 0 0 0 0 0 0 0 0 0 0 0 -256 -27634 78 0 0 0 0 0 0 0 0 0 
0 0 0 -256 -14834 78 0 0 0 0 0 0 0 0 0 0 0 0 0 -256 -2034 78 0 0 0 0 0 0 0 0 0 0 0 0 0 -256 11022 79 0 0 0 0 0 0 0 0 0 0 0 0 0 
1561263872 79 0 0 0 0 0 0 0 0 0 0 0 0 0 -256 -28914 79 0 0 0 0 0 0 0 0 0 0 0 0 0 -256 -16114 79 0 0 0 0 0 0 0 0 0 0 0 0 0 -256 -3314 79 0 
0 0 0 0 0 0 0 0 0 0 0 -256 9486 80 0 0 0 0 0 0 0 0 0 0 0 0 0 -256 22286 80 0 0 0 0 0 0 0 0 0 0 0 0 0 -256 -30450 80 0 0 0 0 0 
0 0 0 0 0 0 0 -256 -17650 80 0 0 0 0 0 0 0 0 0 0 0 0 0 -256 -4850 80 0 0 0 0 0 0 0 0 0 0 0 0 0 -256 7950 81 0 0 0 0 0 0 0 0 0 
0 0 0 -256 21006 81 0 0 0 0 0 0 0 0 0 0 0 0 0 -256 -31730 81 0 0 0 0 0 0 0 0 0 0 0 0 0 -256 -18930 81 0 0 0 0 0 0 0 0 0 0 0 0 0 
-401670400 81 0 0 0 0 0 0 0 0 0 0 0 0 0 -256 6670 82 0 0 0 0 0 0 0 0 0 0 0 0 0 -256 19470 82 0 0 0 0 0 0 0 0 0 0 0 0 0 -256 32270 82 0 
0 0 0 0 0 0 0 0 0 0 0 -256 -20466 82 0 0 0 0 0 0 0 0 0 0 0 0 0 -256 -7666 82 0 0 0 0 0 0 0 0 0 0 0 0 0 -256 5134 83 0 0 0 0 0 
0 0 0 0 0 0 0 -256 18190 83 0 0 0 0 0 0 0 0 0 0 0 0 0 -256 30990 83 0 0 0 0 0 0 0 0 0 0 0 0 0 -256 -21746 83 0 0 0 0 0 0 0 0 0 
0 0 0 -256 -8946 83 0 0 0 0 0 0 0 0 0 0 0 0 0 -256 3854 84 0 0 0 0 0 0 0 0 0 0 0 0 0 -256 16654 84 0 0 0 0 0 0 0 0 0 0 0 0 0 
1930362624 84 0 0 0 0 0 0 0 0 0 0 0 0 0 -256 -23282 84 0 0 0 0 0 0 0 0 0 0 0 0 0 -256 -10482 84 0 0 0 0 0 0 0 0 0 0 0 0 0 -256 2318 85 0 
0 0 0 0 0 0 0 0 0 0 0 -256 15118 85 0 0 0 0 0 0 0 0 0 0 0 0 0 -256 28174 85 0 0 0 0 0 0 0 0 0 0 0 0 0 -256 -24562 85 0 0 0 0 0 
0 0 0 0 0 0 0 -256 -11762 85 0 0 0 0 0 0 0 0 0 0 0 0 0 -256 1038 86 0 0 0 0 0 0 0 0 0 0 0 0 0 -256 13838 86 0 0 0 0 0 0 0 0 0 
0 0 0 -256 26638 86 0 0 0 0 0 0 0 0 0 0 0 0 0 -256 -26098 86 0 0 0 0 0 0 0 0 0 0 0 0 0 -256 -13298 86 0 0 0 0 0 0 0 0 0 0 0 0 0 
-32571648 86 0 0 0 0 0 0 0 0 0 0 0 0 0 -256 12302 87 0 0 0 0 0 0 0 0 0 0 0 0 0 -256 25102 87 0 0 0 0 0 0 0 0 0 0 0 0 0 -256 -27378 87 0 
0 0 0 0 0 0 0 0 0 0 0 -256 -14578 87 0 0 0 0 0 0 0 0 0 0 0 0 0 -256 -1778 87 0 0 0 0 0 0 0 0 0 0 0 0 0 -256 11022 88 0 0 0 0 0 
0 0 0 0 0 0 0 -256 23822 88 0 0 0 0 0 0 0 0 0 0 0 0 0 -256 -28914 88 0 0 0 0 0 0 0 0 0 0 0 0 0 -256 -16114 88 0 0 0 0 0 0 0 0 0 
0 0 0 -256 -3314 88 0 0 0 0 0 0 0 0 0 0 0 0 0 -256 9486 89 0 0 0 0 0 0 0 0 0 0 0 0 0 -256 22286 89 0 0 0 0 0 0 0 0 0 0 0 0 0 
-1978728704 89 0 0 0 0 0 0 0 0 0 0 0 0 0 -256 -17394 89 0 0 0 0 0 0 0 0 0 0 0 0 0 -256 -4594 89 0 0 0 0 0 0 0 0 0 0 0 0 0 -256 8206 90 0 
0 0 0 0 0 0 0 0 0 0 0 -256 4366 5439 0 0 0 0 0 0 0 0 0 0 0 0 0 0 0 0 0 0 0 0 0 0 0 0 0 0 0 0 0 0 0 0 0 0 0 0 0 
