128611 0 0 0 0 0 0 0 0 0 0 0 0 0 
128661 0 0 0 0 0 0 0 0 0 0 0 0 0 
128711 0 0 0 0 0 0 0 0 0 0 0 0 0 
128761 0 0 0 0 0 0 0 0 0 0 0 0 0 
128811 0 0 0 0 0 0 0 0 0 0 0 0 0 
128862 0 0 0 0 0 0 0 0 0 0 0 0 0 
128912 0 0 0 0 0 0 0 0 0 0 0 0 0 
128962 0 0 0 0 0 0 0 0 0 0 0 0 0 
129012 0 0 0 0 0 0 0 0 0 0 0 0 0 
129062 0 0 0 0 0 0 0 0 0 0 0 0 0 
129112 0 0 0 0 0 0 0 0 0 0 0 0 0 
129162 0 0 0 0 0 0 0 0 0 0 0 0 0 
129212 0 0 0 0 0 0 0 0 0 0 0 0 0 
129262 0 0 0 0 0 0 0 0 0 0 0 0 0 
129312 0 0 0 0 0 0 0 0 0 0 0 0 0 
129363 0 0 0 0 0 0 0 0 0 0 0 0 0 
129413 0 0 0 0 0 0 0 0 0 0 0 0 0 
129463 0 0 0 0 0 0 0 0 0 0 0 0 0 
129513 0 0 0 0 0 0 0 0 0 0 0 0 0 
129563 0 0 0 0 0 0 0 0 0 0 0 0 0 
129613 0 0 0 0 0 0 0 0 0 0 0 0 0 
129663 0 0 0 0 0 0 0 0 0 0 0 0 0 
129713 0 0 0 0 0 0 0 0 0 0 0 0 0 
129763 0 0 0 0 0 0 0 0 0 0 0 0 0 
129813 0 0 0 0 0 0 0 0 0 0 0 0 0 
129863 0 0 0 0 0 0 0 0 0 0 0 0 0 
129914 0 0 0 0 0 0 0 0 0 0 0 0 0 
129964 0 0 0 0 0 0 0 0 0 0 0 0 0 
130014 0 0 0 0 0 0 0 0 0 0 0 0 0 
130064 0 0 0 0 0 0 0 0 0 0 0 0 0 
130114 0 0 0 0 0 0 0 0 0 0 0 0 0 
130164 0 0 0 0 0 0 0 0 0 0 0 0 0 
130214 0 0 0 0 0 0 0 0 0 0 0 0 0 
130264 0 0 0 0 0 0 0 0 0 0 0 0 0 
130314 0 0 0 0 0 0 0 0 0 0 0 0 0 
130364 0 0 0 0 0 0 0 0 0 0 0 0 0 
130414 0 0 0 0 0 0 0 0 0 0 0 0 0 
130465 0 0 0 0 0 0 0 0 0 0 0 0 0 
130515 0 0 0 0 0 0 0 0 0 0 0 0 0 
130565 0 0 0 0 0 0 0 0 0 0 0 0 0 
130615 0 0 0 0 0 0 0 0 0 0 0 0 0 
130665 0 0 0 0 0 0 0 0 0 0 0 0 0 
130715 0 0 0 0 0 0 0 0 0 0 0 0 0 
130765 0 0 0 0 0 0 0 0 0 0 0 0 0 
130815 0 0 0 0 0 0 0 0 0 0 0 0 0 
130865 0 0 0 0 0 0 0 0 0 0 0 0 0 
130915 0 0 0 0 0 0 0 0 0 0 0 0 0 
130965 0 0 0 0 0 0 0 0 0 0 0 0 0 
131016 0 0 0 0 0 0 0 0 0 0 0 0 0 
131066 0 0 0 0 0 0 0 0 0 0 0 0 0 
131116 0 0 0 0 0 0 0 0 0 0 0 0 0 
131166 0 0 0 0 0 0 0 0 0 0 0 0 0 
131216 0 0 0 0 0 0 0 0 0 0 0 0 0 
131266 0 0 0 0 0 0 0 0 0 0 0 0 0 
131316 0 0 0 0 0 0 0 0 0 0 0 0 0 
131366 0 0 0 0 0 0 0 0 0 0 0 0 0 
131416 0 0 0 0 0 0 0 0 0 0 0 0 0 
131466 0 0 0 0 0 0 0 0 0 0 0 0 0 
131517 0 0 0 0 0 0 0 0 0 0 0 0 0 
131567 0 0 0 0 0 0 0 0 0 0 0 0 0 
131617 0 0 0 0 0 0 0 0 0 0 0 0 0 
131667 0 0 0 0 0 0 0 0 0 0 0 0 0 
131717 0 0 0 0 0 0 0 0 0 0 0 0 0 
131768 0 0 0 0 0 0 0 0 0 0 0 0 0 
131818 0 0 0 0 0 0 0 0 0 0 0 0 0 
131868 0 0 0 0 0 0 0 0 0 0 0 0 0 
131919 0 0 0 0 0 0 0 0 0 0 0 0 0 
131969 0 0 0 0 0 0 0 0 0 0 0 0 0 
132020 0 0 0 0 0 0 0 0 0 0 0 0 0 
132070 0 0 0 0 0 0 0 0 0 0 0 0 0 
132120 0 0 0 0 0 0 0 0 0 0 0 0 0 
132170 0 0 0 0 0 0 0 0 0 0 0 0 0 
132220 0 0 0 0 0 0 0 0 0 0 0 0 0 
132270 0 0 0 0 0 0 0 0 0 0 0 0 0 
132320 0 0 0 0 0 0 0 0 0 0 0 0 0 
132370 0 0 0 0 0 0 0 0 0 0 0 0 0 
132421 0 0 0 0 0 0 0 0 0 0 0 0 0 
132471 0 0 0 0 0 0 0 0 0 0 0 0 0 
132521 0 0 0 0 0 0 0 0 0 0 0 0 0 
132571 0 0 0 0 0 0 0 0 0 0 0 0 0 
132621 0 0 0 0 0 0 0 0 0 0 0 0 0 
132671 0 0 0 0 0 0 0 0 0 0 0 0 0 
132721 0 0 0 0 0 0 0 0 0 0 0 0 0 
132771 0 0 0 0 0 0 0 0 0 0 0 0 0 
132821 0 0 0 0 0 0 0 0 0 0 0 0 0 
132871 0 0 0 0 0 0 0 0 0 0 0 0 0 
132921 0 0 0 0 0 0 0 0 0 0 0 0 0 
132971 0 0 0 0 0 0 0 0 0 0 0 0 0 
133022 0 0 0 0 0 0 0 0 0 0 0 0 0 
133072 0 0 0 0 0 0 0 0 0 0 0 0 0 
133122 0 0 0 0 0 0 0 0 0 0 0 0 0 
133172 0 0 0 0 0 0 0 0 0 0 0 0 0 
133222 0 0 0 0 0 0 0 0 0 0 0 0 0 
133272 0 0 0 0 0 0 0 0 0 0 0 0 0 
133322 0 0 0 0 0 0 0 0 0 0 0 0 0 
133372 0 0 0 0 0 0 0 0 0 0 0 0 0 
133422 0 0 0 0 0 0 0 0 0 0 0 0 0 
133472 0 0 0 0 0 0 0 0 0 0 0 0 0 
133523 0 0 0 0 0 0 0 0 0 0 0 0 0 
133573 0 0 0 0 0 0 0 0 0 0 0 0 0 
133623 0 0 0 0 0 0 0 0 0 0 0 0 0 
133673 0 0 0 0 0 0 0 0 0 0 0 0 0 
133723 0 0 0 0 0 0 0 0 0 0 0 0 0 
133773 0 0 0 0 0 0 0 0 0 0 0 0 0 
133826 0 0 0 0 0 0 0 0 0 0 0 0 0 
133876 0 0 0 0 0 0 0 0 0 0 0 0 0 
133926 0 0 0 0 0 0 0 0 0 0 0 0 0 
133976 0 0 0 0 0 0 0 0 0 0 0 0 0 
