-1342177279 -32752 76 0 0 0 -512 -1 511 -512 767 256 -512 767 256 -256 526 -22767 76 0 0 0 -256 255 0 -256 511 512 -256 511 512 -256 15374 -20152 76 0 0 0 0 0 256 -256 255 512 -256 255 512 -256 -11762 -13085 76 
0 0 -256 -1 511 -256 511 768 -256 255 768 -256 -8178 -10321 76 0 0 0 -256 -1 511 -256 511 768 -256 511 768 -256 28686 -3404 76 0 0 0 -512 255 256 0 256 768 0 256 768 -256 -15346 -635 76 0 0 0 -512 
33554687 0 512 768 0 256 768 -256 -23026 6437 77 0 0 0 -512 511 768 256 0 512 0 0 512 -256 17422 9203 77 0 0 0 -512 511 512 0 0 512 0 0 512 -256 14350 16271 77 0 0 0 -768 767 512 0 -256 
511 -256 511 -256 30734 26109 77 0 0 0 -1024 511 256 512 -256 -1025 767 -256 -1025 -1 28686 29334 77 0 0 0 -1024 767 768 1280 -256 -2305 1535 -256 -2305 -1 -2034 -29596 77 0 0 0 -1536 2047 2048 2560 0 -4864 2815 0 -4864 
269418495 -26211 77 0 0 0 -1536 2559 1536 2560 -256 -5889 2815 -256 -5889 -1 9230 -19912 77 0 0 0 -1280 2047 512 1280 -256 -7425 1535 0 -7680 -1 -19442 -16532 77 0 0 0 -768 1791 -256 -1 255 -7680 -1 255 -7680 -1 22542 -10079 77 
0 0 256 2304 -256 -3329 -513 -5889 -3073 -513 -5889 -1 -30194 -6699 77 0 0 0 512 2048 0 -5376 -1025 -4353 -5121 -1025 -4353 -1 -4082 -401 77 0 0 0 512 768 512 -7424 -1793 -1025 -6913 -1793 -1025 -1 28686 9587 78 0 0 0 1536 
100662272 -5888 -1281 5119 -5888 -1281 4863 -256 11278 13431 78 0 0 0 2304 -2304 1023 -5120 -769 7935 -5120 -769 7935 -256 -14322 19271 78 0 0 0 2560 -768 511 -4608 1791 11520 -4352 1791 11520 -256 -2546 23263 78 0 0 0 3328 -1280 511 -5120 3583 
-335530240 3583 14080 -256 -21490 29107 78 0 0 0 2560 -2048 1535 -3328 6143 17152 -3328 5887 16896 -256 17422 -32438 78 0 0 0 1792 -1024 3583 256 6656 18432 256 6656 18432 -256 13838 -26752 78 0 0 0 1536 0 3840 3328 6144 21760 3328 6144 21760 
336527104 -22605 78 0 0 0 512 -1536 2047 2304 6400 24320 2304 6400 24320 -256 13838 -16927 78 0 0 0 -4352 -769 1279 768 8960 24576 768 8704 24320 -256 -22514 -7090 78 0 0 0 -12032 -2305 -2049 1791 11776 13568 1280 11776 13568 -256 -8178 -2634 78 
0 0 -12800 -2561 -1793 3071 9984 5120 2816 9984 5120 -256 21006 2590 79 0 0 0 -11520 -1281 -1793 
-251652864 
-234875648 -1 24590 7354 79 0 0 0 -10496 -769 -2561 2815 0 -9984 2815 0 -9728 -1 -5106 12580 79 0 0 0 -8192 767 -3328 1023 -5376 -14849 1023 -5120 -14593 -1 -32754 17032 79 0 0 0 -6400 1791 -2816 -1537 -8961 -18945 -1537 -8961 -18689 -1 -3570 
5199600 0 0 0 -5120 1023 -768 -2817 -11777 -24321 -2817 -11521 -24065 -1 -3570 26869 79 0 0 0 -6144 -1281 -257 -1281 -12289 -29185 -1281 -12033 -28929 -1 9742 32087 79 0 0 0 -3584 -1281 1535 -1280 -12289 -31489 -1025 -12033 -31489 -1 -32242 -23776 79 0 0 
150994944 -512 1023 -6144 -13569 -25345 -5889 -13569 -25345 -1 -29682 -18551 79 0 0 0 3584 -1536 511 -7680 -12289 -18177 -7169 -12033 -18177 -1 526 -13788 79 0 0 0 3840 -2560 2047 -6912 -11009 -11265 -6657 -11009 -11265 -1 16910 -8870 79 0 0 0 4608 -2560 2047 
-570429440 -3585 -3841 -8705 -3585 -1 -19954 -3959 79 0 0 0 4864 -2816 1279 -3584 -5121 2815 -3584 -5121 2559 -256 2574 953 80 0 0 0 4864 -2816 1791 -3072 -513 7167 -3072 -513 7167 -256 -10226 5719 80 0 0 0 4608 -1280 2559 -256 4351 10240 -256 
671092735 -256 -30706 10788 80 0 0 0 6400 -1536 3071 768 8704 15360 768 8448 15104 -256 20494 15396 80 0 0 0 4608 -2048 2559 1792 12288 19968 1536 12288 19712 -256 9742 25379 80 0 0 0 -768 -1025 2815 6656 15616 24064 6656 15616 24064 -256 23566 
5273790 0 0 0 -5376 -4353 -257 7167 14848 25088 6912 14848 25088 -256 -24050 -30481 80 0 0 0 -8704 -2561 -1 7423 13312 22784 7168 13312 22784 -256 26126 -24787 80 0 0 0 -11264 -2817 -1281 6911 9472 17152 6656 9472 17152 -256 16910 -20640 80 0 0 
-805306368 -1793 -2305 6143 5888 12032 5888 5888 12032 -256 -16370 -14953 80 0 0 0 -12032 511 -2816 5119 0 2816 4864 0 2816 -256 9742 -10804 80 0 0 0 -10752 1535 -3328 4607 -4352 -3585 4607 -4096 -3329 -1 -25586 -5120 80 0 0 0 -8192 1791 -1792 
-620752641 -12033 4351 -9472 -11777 -1 5646 -1118 80 0 0 0 -5632 2047 -256 4863 -12288 -16641 4863 -12032 -16385 -1 28686 8716 81 0 0 0 -768 2559 1280 0 -14080 -22017 255 -14080 -22017 -1 -10738 14864 81 0 0 0 1536 1024 1280 -2816 -11777 -20481 -2305 
-1342188801 -1 21518 18402 81 0 0 0 2816 1280 1280 -5632 -9729 -17921 -5377 -9729 -17921 -1 1550 24857 81 0 0 0 4096 2048 3072 -9728 -6401 -11265 -9473 -6401 -11265 -1 -23026 28236 81 0 0 0 4864 512 3584 -10496 -4097 -6657 -10241 -4097 -6657 -1 18958 
5342948 0 0 0 3584 -768 
-33564416 767 -9984 -513 767 -256 -23026 -27475 81 0 0 0 2304 -512 
100654848 3840 -8448 1535 3584 -256 12814 -21173 81 0 0 0 3584 -1792 4095 -7680 3583 10240 -7424 3583 9984 -256 9742 -17637 81 0 0 0 2816 -4096 3327 -6912 4863 13824 -6912 4863 13568 -256 -20466 -7961 81 0 0 0 512 -2560 2559 4864 7424 19968 4608 
1308630272 -256 11278 -1048 81 0 0 0 -1024 -6145 -2561 6399 6912 25088 6144 6912 25088 -256 -5618 1870 82 0 0 0 -4608 -3841 -2817 5631 6912 25856 5376 6656 25856 -256 1550 8624 82 0 0 0 -6656 -1537 -1537 6911 5376 23552 6656 5376 23552 -256 -31218 
5385652 0 0 0 -7424 -2305 -1025 7423 3840 22016 7168 3840 22016 -256 -10226 18620 82 0 0 0 -10496 -513 -3073 6399 512 15360 6144 512 15360 -256 23566 21383 82 0 0 0 -9472 -257 -3329 6399 -768 11263 6144 -768 11263 -256 3086 28302 82 0 0 
-704643072 511 -3584 6655 -3840 -2049 6655 -3840 -1537 -1 -18930 31367 82 0 0 0 -10240 1023 -3840 5375 -5376 -7937 5375 -5120 -7681 -1 24590 -24489 82 0 0 0 -3584 3327 0 1280 -10240 -24833 1535 -9984 -24577 -1 -20978 -16955 82 0 0 0 1536 5376 2304 
-654314496 -29953 -2817 -9985 -29953 -1 15886 -14803 82 0 0 0 2816 6144 1536 -4864 -9217 -30465 -4609 -9217 -30465 -1 -6130 -7274 82 0 0 0 3840 4096 2560 -11264 -4353 -28673 -10753 -4353 -28673 -1 3086 -4970 82 0 0 0 4096 2560 3072 -12544 -3073 -26625 -12289 
-1744833537 -1 -28146 2406 83 0 0 0 3584 -2560 4863 -13056 -1025 -16641 -12801 -1025 -16641 -1 16398 4861 83 0 0 0 2816 -3840 5375 -11008 -1025 -12545 -10753 -1025 -12545 -1 26638 12239 83 0 0 0 1536 -3584 
-33559040 -1 -4353 -513 -1 -1 5646 14694 83 0 0 0 1792 -2560 2559 -4096 511 3840 -4096 511 3584 -256 20494 24525 83 0 0 0 768 -1792 1023 -2048 4607 16896 -2048 4607 16640 -256 23054 32364 83 0 0 0 512 -2304 767 1280 5376 25344 1280 
1644172544 -256 -22002 -31177 83 0 0 0 256 -3328 -257 1279 6144 26880 1024 5888 26624 -256 14350 -23336 83 0 0 0 -3584 -769 -1793 1279 8960 27904 768 8960 27904 -256 -31218 -21491 83 0 0 0 -4096 -1025 -1281 1535 8960 27648 1280 8704 27392 -256 -18418 
5491523 0 0 0 -5632 -1793 511 5120 6144 25600 4864 6144 25600 -256 5646 -11814 83 0 0 0 -5888 -1025 -1 6399 5376 25088 6144 5376 25088 -256 16910 -3672 83 0 0 0 -10752 -2305 -2049 5887 2560 18176 5376 2560 18176 -256 30222 -1830 83 0 0 
-704643072 -1025 -2561 5375 2048 15616 5120 2048 15616 -256 -15346 7854 84 0 0 0 -10752 -1 -1281 4863 -2048 -2305 4863 -1792 -2049 -1 21518 16306 84 0 0 0 -7680 1279 256 4096 -6912 -17921 4351 -6912 -17665 -1 9230 17689 84 0 0 0 -6656 1279 512 
-503312128 -20225 4607 -7424 -19969 -1 -11250 26293 84 0 0 0 -3328 1535 1024 768 -9472 -29953 1023 -9472 -29697 -1 25614 27370 84 0 0 0 -3328 2559 1024 -256 -8961 -30977 -1 -8961 -30721 -1 -31730 -29562 84 0 0 0 2048 3840 1024 -5376 -6657 32767 -5121 
2147476991 -1 -25074 -28335 84 0 0 0 2304 2816 1536 -5888 -6145 -32001 -5633 -6145 -32001 -1 7182 -19733 84 0 0 0 3328 0 2304 -10240 -5633 -21249 -9985 -5633 -21249 -1 16398 -18505 84 0 0 0 3328 -256 2559 -10496 -5889 -18945 -10241 -5889 -18945 -1 21518 
5561734 0 0 0 2560 -2048 3071 -8192 -5121 1535 -8192 -5121 1279 -256 23054 398 85 0 0 0 1280 -4096 2815 -2048 -1 18943 -2048 -1 18687 -256 6670 1167 85 0 0 0 1280 -4352 2815 -1024 767 19712 -1024 511 19712 -256 -29170 10229 85 0 0 
50331648 -2048 -1281 1279 8192 28672 1024 8192 28416 -256 19982 10998 85 0 0 0 768 -2304 -1281 1023 8704 29184 768 8704 29184 -256 -28658 20062 85 0 0 0 -5376 -2561 -513 -257 10239 31488 -512 10239 31488 -256 -498 20829 85 0 0 0 -5888 -2049 -1 
654311679 31232 0 9984 31232 -256 -8178 29888 85 0 0 0 -5888 -1793 1535 8704 5632 25856 8448 5632 25856 -256 31246 30504 85 0 0 0 -6144 -2305 1535 9472 5120 25344 9216 5120 25344 -256 -8178 -25348 85 0 0 0 -13312 -769 -2817 15103 768 9216 14848 
603980544 -256 -30194 -15668 85 0 0 0 -11008 3327 -1536 9727 -4864 -11009 9727 -4864 -10497 -1 -17906 -15051 85 0 0 0 -11008 3327 -1792 9215 -5376 -12033 9215 -5120 -11777 -1 18958 -5675 85 0 0 0 -5888 7679 0 -3072 -10497 -27137 -2817 -10241 -26881 -1 21006 
5630884 0 0 0 -5120 7935 512 -3328 -10753 -27905 -3073 -10753 -27649 -1 20494 4004 86 0 0 0 2560 8448 3584 -10752 -12289 31743 -10241 -12289 31743 -1 -1010 4619 86 0 0 0 2560 8192 3840 -11520 -12033 31743 -11009 -12033 31743 -1 8206 13837 86 0 0 
318767104 -512 4095 -15616 -7937 -25345 -15105 -7937 -25345 -1 -31218 14296 86 0 0 0 4864 -1024 4351 -15360 -7681 -24321 -15105 -7681 -24577 -1 14862 23665 86 0 0 0 4352 -5376 1791 -12544 -4865 -2817 -12289 -4865 -2817 -1 -7154 -32192 86 0 0 0 1536 -4864 3583 
16773376 19968 -3840 255 19456 -256 -18930 -31577 86 0 0 0 1280 -4864 
33551104 20992 -3328 511 20736 -256 -11250 -22356 86 0 0 0 512 -5632 -513 2559 7424 31488 2304 7168 31488 -256 28174 -21740 86 0 0 0 512 -5632 -1025 3327 8192 31744 2816 7936 31744 -256 16910 -12518 86 0 0 0 -1792 -3073 -257 9727 15104 30464 9472 
1996503808 -256 15886 -12057 86 0 0 0 -1792 -3073 -257 9983 15360 30208 9728 15360 30208 -256 -10226 -2840 86 0 0 0 -8192 -3073 -1793 9983 13824 25088 9728 13824 25088 -256 14 -2224 86 0 0 0 -8448 -2561 -1537 9983 13568 24320 9728 13568 24320 -256 14862 
5708789 0 0 0 -13568 255 -512 12799 5632 12288 12544 5632 12288 -256 7694 16843 87 0 0 0 -14080 4607 -1024 7679 -4352 -3329 7679 -4096 -3073 -1 -20978 17919 87 0 0 0 -13568 4607 -1024 6911 -5632 -5121 6911 -5376 -4865 -1 13326 26682 87 0 0 
-486539264 6911 -1536 -513 -12033 -18689 -513 -12033 -18433 -1 -15346 27758 87 0 0 0 -6912 6911 -1024 -1281 -12545 -20225 -1281 -12545 -20225 -1 -10226 -29025 87 0 0 0 -3584 5119 1280 -7936 -14593 -29185 -7425 -14593 -29185 -1 27662 -27948 87 0 0 0 -3072 4863 1280 
-956310016 -29953 -8449 -14337 -29953 -1 12302 -19340 87 0 0 0 1280 1792 1792 -12288 -10241 -31489 -12033 -10241 -31489 -1 -16370 -18264 87 0 0 0 1280 768 1792 -12544 -9729 -30977 -12289 -9729 -30977 -1 14 -9657 87 0 0 0 1792 -1792 3327 -10496 -6657 -24833 -10241 
-1627396609 -1 -26098 183 88 0 0 0 2560 -4608 2559 -5632 -6401 -9217 -5377 -6401 -9217 -1 21518 2027 88 0 0 0 2048 -3328 1279 -4864 -6145 -6145 -4609 -6145 -6145 -1 -15346 10025 88 0 0 0 2048 -3072 1791 0 -2304 6143 0 -2304 5887 -256 -31730 
5778887 0 0 0 2304 -2560 2047 1536 -1024 8447 1280 -1024 8191 -256 7694 19710 88 0 0 0 1536 -2048 -2049 2815 5376 18944 2560 5376 18944 -256 -4082 21706 88 0 0 0 768 -2560 -2049 767 6400 21248 512 6400 20992 -256 27150 29694 88 0 0 
-100663296 -2049 -257 -769 9727 26624 -1024 9727 26368 -256 5646 31385 88 0 0 0 -1280 -2049 255 0 9984 27136 0 9984 27136 -256 23054 -26006 88 0 0 0 -3840 -2817 1279 7936 10240 29696 7680 10240 29696 -256 17422 -16320 88 0 0 0 -9216 -2305 -1025 
520107775 27904 13824 7936 27904 -256 -1522 -14016 88 0 0 0 -10496 -2305 -2305 13567 6912 26368 13312 6912 26368 -256 -2546 -6486 88 0 0 0 -12544 2047 -512 10751 768 17920 10496 768 17920 -256 -29682 -4025 88 0 0 0 -11008 
704643328 -2304 14079 10752 -2048 14079 -256 -3570 3198 89 0 0 0 -9216 6911 -512 8447 -8704 2303 8192 -8704 2303 -256 13838 5655 89 0 0 0 -7424 7935 -256 5887 -9984 -2049 5887 -9984 -1793 -1 -24050 13028 89 0 0 0 -4864 8959 0 -3584 -11265 -14337 
-721423361 -13825 -1 -6642 15484 89 0 0 0 -4096 9215 -512 -6401 -11009 -17921 -6145 -11009 -17665 -1 -11250 22859 89 0 0 0 -1536 5375 -256 -14849 -8961 -26369 -14849 -8961 -26113 -1 24078 32536 89 0 0 0 1792 0 2304 -15360 -6401 -32257 -15105 -6401 -32257 -1 
-1971381234 89 0 0 0 2304 -1536 2559 -13056 -5633 -32513 -12801 -5633 -32513 -1 13326 -23167 89 0 0 0 2560 -3072 3071 -7168 -4609 -29953 -6913 -4609 -29953 -1 -25586 -20244 89 0 0 0 3328 -3072 2815 -4864 -4609 -27137 -4609 -4609 -27137 -1 -12786 -13477 89 0 
0 4096 -4864 3583 -256 -4609 -17665 -1 -4353 -17665 -1 -21490 -10405 89 0 0 0 6144 -4352 2559 256 -4608 -10241 511 -4608 -10497 -1 526 -3645 89 0 0 0 2560 -1024 1791 -512 -2049 6911 -512 -2049 6655 -256 18958 -575 89 0 0 0 2304 -256 
16778751 256 11008 256 256 10752 -256 -11762 6187 90 0 0 0 2560 2048 768 1024 7680 18432 1024 7424 18176 -256 7694 16022 90 0 0 0 -1792 -4097 1279 -768 14847 25600 -512 14847 25600 -256 -24050 19555 90 0 0 0 -3072 -2817 1535 256 16384 26880 
1073742080 26880 -256 21006 25700 90 0 0 0 -6656 -3585 -1537 3071 18688 27904 2816 18688 27904 -256 -18930 29387 90 0 0 0 -7680 -257 -769 4863 17664 27392 4608 17664 27392 -256 3598 -30003 90 0 0 0 -10752 -1025 2047 8192 12544 25088 8192 12544 25088 -256 
-1734543858 90 0 0 0 -13568 -513 -257 9215 8448 22272 8960 8704 22272 -256 -3570 -20168 90 0 0 0 -12800 4607 -1280 7935 -768 14335 7680 -512 14335 -256 27150 -16630 90 0 0 0 -11776 4863 -256 6655 -6144 9215 6400 -6144 9215 -256 -5106 -10468 90 0 
0 -9728 6655 -1280 255 -12544 -1 511 -12288 255 -256 17422 -483 90 0 0 0 -4864 4607 1536 -11520 -15105 -13057 -11009 -15105 -12801 -1 526 3361 91 0 0 0 -2304 3327 2304 -15360 -14337 -17921 -15105 -14337 -17921 -1 -3058 9196 91 0 0 0 768 512 
-1073739008 -11009 -24577 -16129 -11009 -24577 -1 -13298 13343 91 0 0 0 2560 -2048 
-520108032 -27649 -14081 -7937 -27649 -1 30734 18873 91 0 0 0 3072 -3072 2303 -11520 -2817 -29441 -11265 -2817 -29185 -1 13838 23017 91 0 0 0 3840 -3584 1791 -8704 511 -28416 -8449 511 -28416 -1 -26610 28701 91 0 0 0 3328 -5888 3327 -4864 2559 -22784 -4609 
-1493169665 -1 -2034 -32687 91 0 0 0 3584 -6144 2815 -2816 2303 -15872 -2561 2303 -16128 -1 -25586 -26996 91 0 0 0 1280 -6912 767 -3072 767 -4352 -2817 767 -4352 -1 19470 -17316 91 0 0 0 -1792 -5633 -1 -513 1791 12288 -768 1791 12288 -256 -24050 
6016755 0 0 0 -2560 -4097 -1025 1279 3840 17408 1024 3584 17152 -256 16398 -7333 91 0 0 0 -2048 -2305 -1281 -1 6399 20992 -256 6143 20992 -256 -10738 -2726 91 0 0 0 -2304 -4609 -2049 -1281 8447 23552 -1280 8447 23552 -256 -6130 2338 92 0 0 
-419430400 -6145 -1025 255 9216 23808 0 9216 23808 -256 -18930 6946 92 0 0 0 -6144 -3073 -1 
1459626752 3328 8960 22272 -256 3598 12165 92 0 0 0 -7424 -3329 511 7680 7680 20224 7680 7680 20224 -256 1550 16925 92 0 0 0 -10752 -5377 511 9728 5376 17152 9728 5376 17152 -256 29198 21840 92 0 0 0 -11264 -1537 1023 10752 1280 11776 10752 1280 
-16765440 9742 31834 92 0 0 0 -9216 1535 -1024 9727 -7936 511 9472 -7936 511 -256 -9202 -28635 92 0 0 0 -9472 2047 -1280 3071 -11264 -4609 3071 -11264 -4609 -1 -22514 -24026 92 0 0 0 -7168 3583 -1280 -2305 -13057 -9729 -2305 -12801 -9473 -1 13838 -18799 
92 0 0 -4096 2815 256 -4864 -14849 -14849 -4609 -14849 -14849 -1 2062 -14191 92 0 0 0 -1024 1535 2048 -4864 -14593 -18689 -4609 -14593 -18433 -1 7694 -8963 92 0 0 0 256 1536 2560 -5120 -12289 -21761 -4865 -12289 -21761 -1 -11762 -4359 92 0 0 0 
234883840 768 -5632 -8705 -22785 -5121 -8705 -22785 -1 -2034 708 93 0 0 0 4864 1792 1280 -7168 -4353 -21505 -6913 -4353 -21505 -1 3086 5323 93 0 0 0 3584 -2560 2815 -9728 -1025 -18177 -9473 -1025 -18177 -1 -20466 15152 93 0 0 0 2816 -3584 1791 -9728 
-620752897 -9473 
-9472 26638 20982 93 0 0 0 2560 -4096 2815 -5632 5119 -2816 -5377 5119 -2816 -1 -18930 24977 93 0 0 0 2048 -4608 2303 -3584 4863 2816 -3584 4863 2560 -256 12814 30815 93 0 0 0 768 -4352 1023 0 4608 12032 0 4608 11776 -256 -26610 -30723 
93 0 0 -768 -6145 1535 2304 4352 18176 2304 4352 17920 -256 -29682 -25037 93 0 0 0 -3072 -6145 255 4352 3328 24832 4352 3328 24832 -256 -3570 -21039 93 0 0 0 -3584 -5121 -769 6911 3584 27648 6400 3584 27392 -256 30734 -15190 93 0 0 0 
-117443584 1023 11520 5120 28928 11520 5120 28928 -256 -31218 -11198 93 0 0 0 -4352 -3073 -1025 13823 6400 28928 13568 6144 28928 -256 3598 -1523 93 0 0 0 -6144 2303 -1536 10239 7936 23296 9984 7936 23296 -256 11278 4932 94 0 0 0 -7680 3071 0 10240 
1107301888 10240 5632 16896 -256 30222 8313 94 0 0 0 -7936 4607 0 9216 4096 12544 9216 4096 12544 -256 6670 14618 94 0 0 0 -8704 5887 -768 4351 512 3584 4096 512 3584 -256 24078 18149 94 0 0 0 -9216 6143 -768 255 -1536 -2049 255 -1280 
-1793 -22002 24444 94 0 0 0 -8960 5887 0 -5888 -5377 -12801 -5633 -5121 -12545 -1 29198 27977 94 0 0 0 -7680 4351 512 -7680 -8193 -18945 -7425 -7937 -18689 -1 10254 -31265 94 0 0 0 -3584 3327 1536 -9216 -12289 -26881 -8961 -12289 -26881 -1 15374 -27728 
94 0 0 -1024 3327 1792 -9472 -13825 -29441 -9217 -13825 -29441 -1 -6642 -18047 94 0 0 0 512 -768 1535 -12288 -11009 -29697 -12033 -11009 -29697 -1 2574 -11129 94 0 0 0 4352 -3328 3327 -11008 -6913 -24833 -10753 -6913 -24833 -1 31246 -8206 94 0 0 0 
-318762496 3071 -9984 -5377 -21505 -9729 -5377 -21505 -1 -1522 -1294 94 0 0 0 4352 -3584 2047 -7936 -1793 -11521 -7681 -1537 -11521 -1 4110 1621 