1704778834 0 0 1 0 2 2 0 0 1 0 2 2 
1707297628 0 -1 1 2 2 2 0 -1 0 2 1 2 
1709462024 0 -1 0 2 1 1 0 -1 0 1 1 1 
1709776422 0 -1 0 1 1 1 0 -1 0 1 1 1 
1711979218 1 0 1 1 1 1 0 0 1 1 1 1 
1712293618 0 -1 1 0 1 1 0 0 1 0 1 1 
1714496012 0 0 2 1 1 1 0 0 2 1 1 1 
1714810806 0 0 1 0 1 1 0 0 1 0 1 0 
1717014264 1 0 1 0 1 0 1 0 1 0 1 0 
1717328800 1 1 1 0 2 0 1 0 1 0 2 0 
1719808802 1 0 1 0 2 1 1 0 1 0 2 1 
1722167378 0 0 1 0 2 1 0 0 0 0 2 0 
1722364390 0 -1 0 0 1 0 0 0 0 0 1 0 
1724685598 0 0 0 0 1 1 0 0 0 0 1 0 
1724881998 0 0 0 0 2 0 0 0 0 0 2 0 
1727203186 0 0 0 0 1 1 0 0 0 0 1 0 
1727400392 0 0 0 0 1 0 0 0 0 0 1 0 
1729682774 -1 -1 0 0 0 0 0 -1 0 0 0 0 
1729879174 0 -1 1 1 -1 0 0 -1 1 1 0 0 
1732357982 0 0 0 1 -1 0 0 0 0 0 -1 0 
1734835970 2 0 1 -1 1 1 1 0 1 -1 1 1 
1734953964 1 0 1 -1 1 1 1 0 1 -1 1 1 
1737354764 1 -1 1 0 1 1 1 -1 1 0 1 1 
1737472758 1 0 1 1 1 1 1 0 1 1 1 1 
1739870766 1 0 0 1 2 2 1 0 0 1 2 2 
1739989160 1 0 0 1 2 2 1 0 0 1 2 2 
1742350354 1 0 1 1 2 2 1 0 0 1 2 2 
1742507960 1 0 0 0 3 2 1 0 0 0 3 2 
1744870756 0 0 1 1 2 1 0 0 1 1 2 1 
1747385950 1 0 1 1 1 0 1 0 1 1 1 0 
1747542744 1 0 1 0 1 0 1 0 1 0 1 0 
1749902338 1 0 1 0 0 0 1 0 1 0 0 0 
1750059932 1 1 2 -1 0 0 1 0 1 -1 0 0 
1752383140 2 0 1 -1 0 -1 1 0 1 -1 0 0 
1752579940 2 0 0 -1 1 0 2 0 0 -1 0 0 
1754901128 0 -1 0 -1 2 -1 0 -1 0 -1 1 -1 
1755058328 1 -1 0 -1 2 0 1 -1 0 -1 2 0 
1757419928 1 -1 0 1 2 0 1 -1 0 0 2 0 
1759899918 1 0 2 1 2 1 0 0 2 1 2 1 
1760215116 0 -1 1 2 2 1 0 0 1 2 2 1 
1762418712 0 1 1 0 2 1 0 1 1 0 2 1 
1762733518 0 1 1 0 2 2 0 1 1 0 2 2 
1764936306 0 0 0 -1 2 1 0 0 0 -1 2 1 
1765250712 0 0 1 -1 2 1 0 0 1 -1 2 1 
1767455508 0 -1 0 0 1 0 0 0 0 0 1 0 
1767770708 0 -1 0 0 2 1 0 0 0 0 2 1 
1769934702 0 -1 0 2 0 0 0 -1 0 2 0 0 
1772451934 0 0 -1 1 -1 0 0 0 0 1 -1 0 
1772923496 0 0 1 1 0 0 0 0 0 1 0 0 
1774969480 1 1 1 1 0 1 1 1 1 1 0 1 
1775441772 1 1 2 1 0 1 1 1 2 1 0 1 
1777447768 1 1 2 0 1 1 1 0 2 0 1 0 
1777958580 2 1 2 0 1 1 2 1 2 0 1 1 
1779965082 2 0 1 0 2 0 2 0 1 0 2 0 
1780437362 1 1 1 0 2 0 1 1 1 0 2 0 
1782444664 1 0 1 -1 3 1 1 0 1 -1 3 1 
1784959470 0 0 1 1 4 1 0 0 1 0 4 1 
1785628664 0 0 1 0 3 1 0 0 1 0 3 1 
1787477860 1 0 0 1 3 1 1 0 0 1 3 1 
1788146658 0 0 0 1 3 1 0 0 0 1 3 1 
1789997054 0 1 1 1 2 1 0 1 0 0 2 1 
1790664658 0 1 1 0 1 1 0 1 1 0 1 1 
1792474648 -1 1 1 -1 0 0 0 1 1 -1 0 0 
1793183448 -1 1 1 -1 0 1 -1 1 1 -1 0 0 
1794993044 0 0 0 -1 0 1 0 0 0 -1 0 0 
1797509444 1 0 0 0 0 0 1 0 0 0 0 0 
1798335842 1 0 1 2 0 0 1 0 1 2 0 0 
1800026238 1 0 1 2 1 1 1 0 1 2 1 0 
1800850624 0 0 0 1 1 1 0 0 0 1 1 1 
1802501834 1 1 1 1 2 1 1 1 1 0 2 1 
1803329032 1 1 0 0 2 1 1 1 0 0 2 1 
1805019828 1 1 1 -1 2 1 1 1 0 -1 2 1 
1805845820 0 0 1 0 2 1 0 0 1 0 2 1 
1807536616 0 0 2 1 2 1 0 0 2 1 2 1 
1810054618 0 1 0 -1 2 0 0 1 0 0 2 0 
1811038210 0 0 1 -1 2 1 0 0 0 -1 2 1 
1812532606 0 0 1 -1 2 1 0 0 1 -1 2 1 
1813514604 1 0 1 -1 2 1 1 0 1 -1 2 1 
1815049400 0 -1 0 -1 1 1 0 -1 0 -1 1 1 
1816031804 0 -1 1 0 1 1 0 -1 1 0 1 1 
1817567402 0 0 0 1 1 1 0 0 0 1 1 1 
1818550994 1 0 1 2 1 1 0 0 0 2 1 0 
1820044596 1 1 0 1 2 1 0 0 0 1 2 1 
1822561792 0 0 1 1 1 1 0 0 1 0 1 1 
1823702976 0 0 1 0 1 1 0 0 1 0 1 1 
1825081254 0 0 1 0 1 1 0 0 1 0 1 1 
1826221384 0 0 1 0 1 1 0 0 1 0 1 0 
1827560580 1 0 1 1 1 1 1 0 1 1 1 1 
1828700972 0 0 0 0 1 1 0 0 0 0 0 1 
1830077776 0 0 1 0 1 1 0 0 1 0 1 1 
1831217622 0 -1 1 0 1 1 0 0 1 0 1 1 
1832595444 1 0 0 1 2 1 1 0 0 1 2 1 
1835074672 1 0 1 0 2 1 1 0 0 0 2 1 
1836372050 0 0 1 0 2 1 0 0 1 0 2 1 
1837591834 0 1 1 0 1 1 0 1 1 0 1 1 
1838891444 0 0 1 0 2 1 0 0 1 0 2 1 
1840111742 0 0 2 0 2 1 0 0 2 0 2 1 
1841410952 1 0 1 1 1 1 0 0 0 0 1 1 
1842628942 0 1 0 0 1 1 0 0 0 0 1 1 
1843887734 0 1 0 0 1 0 0 1 0 0 0 0 
1845107330 0 0 1 1 1 0 0 0 0 0 1 0 
1847624138 0 -1 0 0 0 0 0 -1 0 0 0 0 
1849080154 0 0 1 0 0 0 0 0 1 0 0 0 
1850142532 0 0 1 1 1 0 0 0 0 0 0 0 
1851558130 0 0 0 1 1 1 0 0 0 1 1 1 
1852620128 0 0 1 1 1 1 0 0 1 1 1 1 
1854077718 1 0 1 0 2 1 1 0 1 0 2 1 
1855139716 0 1 1 0 2 1 0 1 1 0 2 1 
1856594120 0 1 1 1 3 1 0 1 1 1 3 1 
1857656904 0 0 1 0 3 1 0 0 1 0 3 1 
1860133306 0 1 0 0 2 1 0 1 0 0 2 1 
1861744908 0 0 1 0 2 0 0 0 1 0 2 0 
1862649706 -1 0 1 1 1 0 0 0 1 1 1 0 
1864260896 0 1 0 1 1 0 0 1 0 1 1 0 
1865165332 -1 0 0 -1 0 0 0 0 0 -1 0 0 
1866778086 0 1 1 0 1 0 0 1 1 0 0 0 
1867682890 0 1 2 0 0 0 0 1 2 0 0 0 
1869256092 0 1 1 -1 1 1 0 0 1 0 1 1 
1870159690 0 0 1 -1 1 1 0 0 1 -1 1 1 
1872677278 0 0 0 0 3 1 0 0 0 0 3 1 
1874409756 0 0 0 0 3 1 0 0 0 0 3 1 
1875196986 0 -1 0 0 4 1 0 -1 0 0 4 1 
1876926864 -1 0 0 0 3 1 0 0 0 0 3 1 
1877714074 -1 0 1 1 3 1 0 0 1 1 2 1 
1879445802 0 1 2 1 1 1 0 1 2 0 1 1 
1880193662 0 0 1 0 1 1 0 0 1 0 1 1 
1881964866 -1 0 0 -1 1 1 -1 0 0 -1 1 1 
1882713258 -1 0 -1 -1 1 0 0 0 -1 -1 1 0 
1885232058 0 0 0 0 2 0 0 0 0 0 2 0 
1887079648 -1 -1 1 1 1 0 -1 0 1 1 1 0 
1887669654 -1 -1 0 1 2 0 -1 -1 0 1 1 0 
1889597680 -1 0 1 1 1 1 -1 0 1 1 1 1 
1890227248 -1 0 1 2 1 1 -1 0 1 1 1 1 
1892115644 -1 0 1 1 1 2 0 0 1 1 1 1 
1892745642 -1 0 0 0 1 1 -1 0 0 0 1 1 
1894594826 0 1 1 0 2 1 0 1 1 0 1 1 
1895224424 0 1 2 0 1 1 0 1 2 0 1 1 
1897742314 0 1 0 0 2 1 0 0 0 0 2 1 
1899788296 -1 0 0 -1 2 0 -1 0 0 -1 2 0 
1900259626 -1 1 0 0 2 1 -1 0 0 0 2 1 
1902267622 -1 0 0 1 1 1 0 0 0 1 1 1 
1902739308 0 1 1 1 1 1 0 0 1 1 1 1 
1904785748 -1 0 1 2 0 1 -1 0 1 1 0 1 
1905258010 -1 0 1 1 0 1 -1 0 1 1 0 1 
1907303212 0 1 0 0 0 2 0 1 0 0 0 2 
1907775610 0 1 0 -1 1 2 0 1 0 -1 1 2 
1910256406 0 0 1 1 1 1 0 0 1 1 1 1 
1912458000 1 1 1 0 2 1 0 0 1 0 2 1 
1912772800 0 1 0 0 3 1 0 1 0 0 3 1 
1914976390 0 0 0 -1 3 1 0 0 0 -1 3 1 
1915291588 0 0 1 -1 3 1 0 0 0 -1 3 1 
1917494790 0 0 1 -1 2 0 0 0 1 -1 2 0 
1917769990 -1 0 1 -1 2 0 -1 0 1 -1 2 0 
1919974384 0 0 1 1 1 0 0 0 1 1 1 0 
1920289178 -1 0 1 0 1 -1 -1 0 1 0 1 0 
1922807578 -1 0 0 0 1 0 -1 0 0 0 0 0 
1925166930 -1 0 0 -2 0 0 -1 0 0 -1 0 0 
1925363960 -1 0 0 -2 0 0 -1 0 0 -1 0 0 
1927685562 0 0 1 0 1 1 0 0 1 0 0 0 
1927882462 0 -1 1 0 1 1 0 -1 1 0 1 0 
1930163956 0 0 0 1 2 1 0 0 0 1 2 1 
1930360506 0 0 0 1 1 1 0 0 0 1 1 1 
1932681552 0 0 1 1 2 2 0 0 0 0 2 2 
1932878438 0 0 1 1 2 2 0 0 0 1 2 2 
1935319546 0 0 2 0 2 2 0 0 1 0 2 2 
1937837934 -1 1 1 0 2 1 -1 0 1 0 1 1 
1937956340 -1 1 1 0 2 1 -1 1 1 0 2 1 
1940355542 0 1 0 1 1 1 0 0 0 0 1 1 
1940473942 0 1 0 0 1 1 0 0 0 0 1 1 
1942832736 -1 0 1 0 1 1 0 0 1 0 0 0 
1942950736 -1 0 1 0 0 1 0 0 1 0 0 0 
1945351924 0 0 1 2 0 0 0 0 1 1 0 0 
1945469524 -1 1 2 1 1 1 0 1 2 1 1 1 
1947871920 0 0 1 0 1 1 0 0 1 0 1 1 
1950389514 0 2 1 -1 1 1 0 2 1 -1 1 1 
1950507914 0 2 1 -1 2 1 0 2 1 -1 2 1 
1952868708 0 0 1 0 2 0 0 0 1 0 2 0 
1953025508 0 0 1 0 2 1 0 0 1 0 2 0 
1955386960 0 0 -1 -1 2 0 0 0 -1 -1 2 0 
1955544310 -1 0 0 -1 2 1 -1 0 0 -1 2 0 
1957865092 -1 0 1 0 2 0 -1 0 1 0 1 0 
1958061904 -1 0 1 0 1 0 -1 0 1 0 1 0 
1960381500 0 1 2 1 1 1 0 1 2 1 1 1 
1962897888 -1 1 1 0 0 0 0 1 1 0 0 0 
1963212956 -1 1 1 0 1 0 -1 0 1 0 1 0 
1965415088 0 1 0 -1 2 0 0 1 0 -1 1 0 
1965690970 0 1 0 -1 2 0 0 1 0 -1 1 0 
1967895076 0 0 1 -1 1 0 0 0 1 -1 1 0 
1968209482 0 0 2 -1 1 1 0 0 2 -1 1 0 
1970409872 -1 0 1 1 1 1 -1 0 1 1 1 1 
1970724940 -1 0 0 1 1 1 0 0 0 1 1 1 
1972926666 0 0 0 1 2 1 0 0 0 1 2 1 
1975443868 0 1 2 0 2 1 0 1 1 0 1 1 
1975837860 0 1 2 1 2 1 0 1 2 0 1 1 
1977962256 -1 1 1 1 1 1 0 1 1 1 1 1 
1978354654 0 1 0 0 1 1 0 1 0 0 1 1 
1980441450 0 1 0 0 2 1 0 1 0 0 1 1 
1980873850 1 1 1 0 2 1 0 1 1 0 1 1 
1982959038 0 0 1 0 1 1 0 0 1 0 1 1 
1983391112 -1 -1 0 0 2 1 -1 -1 0 0 1 1 
1985475446 0 1 0 0 1 1 0 1 0 0 1 1 
1987993834 0 0 0 0 1 1 0 0 0 0 1 1 
1988544226 -1 0 1 1 1 1 -1 0 1 0 1 1 
1990471486 -1 0 1 1 2 1 -1 0 1 1 2 1 
1991022384 0 0 1 1 1 1 0 0 1 1 1 1 
1992988418 0 1 1 0 2 1 0 0 1 0 2 1 
1993538922 0 1 1 -1 2 1 0 1 1 -1 2 1 
1995505418 -1 0 0 -1 3 1 -1 0 0 -1 3 1 
1996056218 -1 0 0 -1 3 0 -1 0 0 -1 3 0 
1997983500 -1 -1 0 1 1 0 -1 -1 0 1 1 0 
2000498614 -1 0 0 2 1 1 -1 0 0 2 0 1 
2001206606 -1 0 0 1 0 1 -1 0 0 1 0 0 
2003016996 -1 1 2 1 -1 0 -1 1 1 1 -1 0 
2003725408 -1 1 1 1 -1 0 -1 1 1 1 -1 0 
2005495404 0 1 0 0 -1 0 0 1 0 0 -1 0 
2006242596 -1 1 0 0 -1 0 0 1 0 0 -1 0 
2008011460 0 2 1 0 0 -1 0 2 1 0 0 0 
2008720590 0 1 1 0 1 0 0 0 1 0 0 0 
2010528586 0 1 1 0 2 0 0 1 1 0 2 0 
2013045782 0 0 0 2 2 1 0 0 0 2 2 1 
2013872186 0 1 0 2 2 1 0 1 0 2 2 1 
2015563782 -1 1 0 1 3 2 -1 1 0 1 2 2 
2016390168 -1 1 0 1 2 2 -1 1 0 1 2 2 
2018042570 -1 2 2 1 2 1 -1 2 1 1 2 1 
2018906962 -1 2 0 1 2 1 -1 2 0 1 2 1 
2020558654 -1 3 1 0 1 0 -1 2 0 0 1 0 
2021423852 -1 2 0 0 1 0 -1 2 0 0 1 0 
2023077222 0 1 0 0 0 0 0 1 0 0 0 0 
2025556162 -1 1 1 0 0 1 -1 1 1 0 0 1 
2026580158 0 1 1 1 0 1 0 1 1 1 0 1 
2028075350 0 2 0 1 0 1 0 2 0 1 0 1 
2029098554 0 1 0 1 1 2 0 1 0 1 1 2 
2030593350 0 2 1 1 2 2 0 2 1 0 1 2 
2031577742 0 2 1 0 2 2 0 2 1 0 2 2 
2033072138 0 2 1 0 3 2 0 2 1 0 2 2 
2034095742 0 2 2 0 3 1 0 2 1 0 2 1 
2035591328 0 2 1 -1 2 1 0 2 1 -1 2 1 
2038108134 0 1 0 0 2 1 0 1 0 0 2 1 
2039248932 -1 1 1 0 1 0 -1 1 1 0 1 0 
2040624922 0 1 1 1 0 0 0 1 1 1 0 0 
2041766526 0 2 0 0 0 0 0 2 0 0 0 0 
2043104112 0 3 1 0 0 1 0 2 1 0 0 1 
2044284116 0 2 1 -1 0 1 0 2 1 0 0 1 
2045621806 0 2 0 -1 0 0 0 2 0 -1 0 0 
2046762110 0 1 -1 -1 1 1 0 1 0 -1 1 1 
2048139708 0 1 0 -1 1 1 0 1 0 -1 1 1 
2050658908 0 0 1 1 2 1 0 0 1 1 2 1 
2051918724 0 0 1 1 2 1 0 0 0 1 2 1 
2053137302 -1 2 0 1 3 2 0 2 0 1 2 1 
2054435568 -1 1 0 0 2 2 0 1 0 0 2 2 
2055654978 -1 0 0 0 2 2 -1 0 0 0 2 2 
2056953294 -1 1 1 0 1 1 -1 1 1 0 1 1 
2058172892 -1 2 1 2 1 1 -1 1 1 1 1 1 
2059431682 -1 2 0 1 0 0 -1 2 0 1 0 0 
2060651274 0 2 1 1 0 0 0 2 1 1 0 0 
2063170068 0 2 2 -1 0 0 0 2 1 -1 0 0 
2064587672 0 2 2 -1 0 0 0 2 2 -1 0 0 
2065689664 0 2 3 1 0 0 0 2 2 0 0 0 
2067108060 0 1 0 0 1 1 0 1 0 0 0 0 
2068170858 0 1 0 -1 1 1 0 1 0 -1 1 1 
2069627668 0 2 1 0 2 1 0 2 1 0 1 1 
2070690858 0 1 1 0 2 1 0 1 0 0 2 1 
2072106056 0 0 0 0 2 1 0 0 0 0 2 1 
2073207592 -1 1 0 0 2 1 0 1 0 0 2 1 
2075683648 0 1 1 1 2 1 0 1 1 1 2 1 
2077296452 0 2 1 1 1 1 0 1 1 1 1 1 
2078202050 -1 2 1 0 1 0 -1 2 1 0 1 0 
2079814440 0 1 1 0 1 1 0 1 1 0 1 1 
2080719238 0 2 0 0 1 1 0 2 0 0 1 1 
2082294840 1 2 2 -1 2 1 0 2 1 -1 1 0 
2083200026 0 2 1 0 2 1 0 2 1 0 2 1 
2084812022 0 2 0 -1 2 1 0 2 0 -1 2 1 
2085716434 0 1 0 -1 2 0 0 1 0 -1 2 0 
2088235916 -1 1 1 0 2 0 -1 1 0 0 1 0 
2089965624 -1 0 1 1 1 0 -1 0 0 1 1 0 
2090752010 -1 1 0 0 1 0 -1 1 0 0 1 0 
2092482012 -1 2 1 0 1 0 -1 2 0 0 1 0 
2093229618 -1 2 1 0 0 0 -1 2 1 0 0 0 
2094999044 -1 2 1 0 1 0 0 2 1 0 1 0 
2095747206 -1 2 1 0 0 0 -1 2 1 0 0 0 
2097516402 0 2 1 0 0 1 0 1 1 0 0 0 
2098263600 0 2 1 1 1 1 0 2 1 1 1 1 
2100781994 0 1 0 -1 2 1 0 1 0 -1 2 1 
2102668384 -1 1 0 -1 2 1 -1 1 0 -1 2 1 
2103258796 -1 1 1 -1 2 1 0 1 0 -1 2 1 
2105183880 -1 1 0 0 2 1 -1 1 0 0 1 1 
2105772778 -2 1 1 1 2 1 -2 1 0 0 1 1 
2107698380 -1 1 1 1 1 1 -1 1 1 1 1 1 
2108289584 -1 1 0 1 1 1 -1 1 0 0 0 1 
2110216780 -1 1 0 -1 0 1 -1 1 0 0 0 1 
2110766768 -1 1 1 -1 0 1 -1 1 0 0 0 1 
2113282500 0 1 1 1 1 1 0 1 1 1 1 1 
2115369458 1 1 1 0 2 1 0 1 0 0 1 1 
2115801170 0 1 1 0 1 1 0 1 1 0 1 1 
2117887552 0 1 1 1 2 1 0 1 1 1 2 1 
2118280364 0 2 1 1 2 1 0 2 1 1 2 1 
2120405146 0 2 1 1 1 1 0 2 1 1 1 1 
2120798872 -1 2 1 0 1 0 -1 2 1 0 1 0 
2122885154 -1 2 0 -2 1 1 -1 2 0 -2 1 0 
2123317140 -1 2 0 -2 1 1 -1 2 0 -2 1 0 
2125835548 -1 0 1 -1 0 0 -1 0 1 -1 0 0 
2128077536 0 1 1 2 0 0 0 1 1 2 0 0 
2128313942 -1 0 0 1 0 0 -1 0 0 1 0 0 
2130595532 0 2 -1 0 0 0 0 2 -1 0 0 0 
2130831938 0 2 0 0 1 0 0 2 0 0 1 0 
2133075120 0 2 2 0 1 1 0 1 2 0 1 1 
2133311926 0 1 2 0 1 1 0 1 2 0 1 1 
2135594320 0 2 1 0 2 1 0 2 1 0 2 1 
2135829946 0 2 1 0 2 1 0 2 1 0 2 1 
2138347914 0 2 1 -1 2 1 0 1 0 -1 2 1 
2140745510 -1 1 0 -1 1 1 -1 0 0 -1 1 1 
2140941902 -1 1 1 0 1 1 -1 1 0 0 1 1 
