1909822 1 2 3 4 5 6 7 8 9 10 11 12 13 
1909872 1 2 3 4 5 6 7 8 9 10 11 12 13 
1909922 1 2 3 4 5 6 7 8 9 10 11 12 13 
1909972 1 2 3 4 5 6 7 8 9 10 11 12 13 
1910022 1 2 3 4 5 6 7 8 9 10 11 12 13 
1910072 1 2 3 4 5 6 7 8 9 10 11 12 13 
1910122 1 2 3 4 5 6 7 8 9 10 11 12 13 
1910173 1 2 3 4 5 6 7 8 9 10 11 12 13 
1910223 1 2 3 4 5 6 7 8 9 10 11 12 13 
1910273 1 2 3 4 5 6 7 8 9 10 11 12 13 
1910323 1 2 3 4 5 6 7 8 9 10 11 12 13 
1910373 1 2 3 4 5 6 7 8 9 10 11 12 13 
1910423 1 2 3 4 5 6 7 8 9 10 11 12 13 
1910473 1 2 3 4 5 6 7 8 9 10 11 12 13 
1910523 1 2 3 4 5 6 7 8 9 10 11 12 13 
1910574 1 2 3 4 5 6 7 8 9 10 11 12 13 
1910624 1 2 3 4 5 6 7 8 9 10 11 12 13 
1910674 1 2 3 4 5 6 7 8 9 10 11 12 13 
1910724 1 2 3 4 5 6 7 8 9 10 11 12 13 
1910774 1 2 3 4 5 6 7 8 9 10 11 12 13 
1910824 1 2 3 4 5 6 7 8 9 10 11 12 13 
1910874 1 2 3 4 5 6 7 8 9 10 11 12 13 
1910924 1 2 3 4 5 6 7 8 9 10 11 12 13 
1910974 1 2 3 4 5 6 7 8 9 10 11 12 13 
1911025 1 2 3 4 5 6 7 8 9 10 11 12 13 
1911075 1 2 3 4 5 6 7 8 9 10 11 12 13 
1911125 1 2 3 4 5 6 7 8 9 10 11 12 13 
1911175 1 2 3 4 5 6 7 8 9 10 11 12 13 
1911225 1 2 3 4 5 6 7 8 9 10 11 12 13 
1911275 1 2 3 4 5 6 7 8 9 10 11 12 13 
1911325 1 2 3 4 5 6 7 8 9 10 11 12 13 
1911375 1 2 3 4 5 6 7 8 9 10 11 12 13 
1911425 1 2 3 4 5 6 7 8 9 10 11 12 13 
1911475 1 2 3 4 5 6 7 8 9 10 11 12 13 
1911526 1 2 3 4 5 6 7 8 9 10 11 12 13 
1911576 1 2 3 4 5 6 7 8 9 10 11 12 13 
1911626 1 2 3 4 5 6 7 8 9 10 11 12 13 
1911676 1 2 3 4 5 6 7 8 9 10 11 12 13 
1911726 1 2 3 4 5 6 7 8 9 10 11 12 13 
1911776 1 2 3 4 5 6 7 8 9 10 11 12 13 
1911826 1 2 3 4 5 6 7 8 9 10 11 12 13 
1911876 1 2 3 4 5 6 7 8 9 10 11 12 13 
1911926 1 2 3 4 5 6 7 8 9 10 11 12 13 
1911976 1 2 3 4 5 6 7 8 9 10 11 12 13 
1912027 1 2 3 4 5 6 7 8 9 10 11 12 13 
1912077 1 2 3 4 5 6 7 8 9 10 11 12 13 
1912127 1 2 3 4 5 6 7 8 9 10 11 12 13 
1912177 1 2 3 4 5 6 7 8 9 10 11 12 13 
1912227 1 2 3 4 5 6 7 8 9 10 11 12 13 
1912277 1 2 3 4 5 6 7 8 9 10 11 12 13 
1912327 1 2 3 4 5 6 7 8 9 10 11 12 13 
1912377 1 2 3 4 5 6 7 8 9 10 11 12 13 
1912427 1 2 3 4 5 6 7 8 9 10 11 12 13 
1912477 1 2 3 4 5 6 7 8 9 10 11 12 13 
1912528 1 2 3 4 5 6 7 8 9 10 11 12 13 
1912578 1 2 3 4 5 6 7 8 9 10 11 12 13 
1912628 1 2 3 4 5 6 7 8 9 10 11 12 13 
1912678 1 2 3 4 5 6 7 8 9 10 11 12 13 
1912728 1 2 3 4 5 6 7 8 9 10 11 12 13 
1912778 1 2 3 4 5 6 7 8 9 10 11 12 13 
1912828 1 2 3 4 5 6 7 8 9 10 11 12 13 
1912878 1 2 3 4 5 6 7 8 9 10 11 12 13 
1912928 1 2 3 4 5 6 7 8 9 10 11 12 13 
1912978 1 2 3 4 5 6 7 8 9 10 11 12 13 
1913028 1 2 3 4 5 6 7 8 9 10 11 12 13 
1913079 1 2 3 4 5 6 7 8 9 10 11 12 13 
1913129 1 2 3 4 5 6 7 8 9 10 11 12 13 
1913179 1 2 3 4 5 6 7 8 9 10 11 12 13 
1913229 1 2 3 4 5 6 7 8 9 10 11 12 13 
1913279 1 2 3 4 5 6 7 8 9 10 11 12 13 
1913329 1 2 3 4 5 6 7 8 9 10 11 12 13 
1913379 1 2 3 4 5 6 7 8 9 10 11 12 13 
1913429 1 2 3 4 5 6 7 8 9 10 11 12 13 
1913479 1 2 3 4 5 6 7 8 9 10 11 12 13 
1913529 1 2 3 4 5 6 7 8 9 10 11 12 13 
1913579 1 2 3 4 5 6 7 8 9 10 11 12 13 
1913630 1 2 3 4 5 6 7 8 9 10 11 12 13 
1913680 1 2 3 4 5 6 7 8 9 10 11 12 13 
1913730 1 2 3 4 5 6 7 8 9 10 11 12 13 
1913780 1 2 3 4 5 6 7 8 9 10 11 12 13 
1913830 1 2 3 4 5 6 7 8 9 10 11 12 13 
1913880 1 2 3 4 5 6 7 8 9 10 11 12 13 
1913930 1 2 3 4 5 6 7 8 9 10 11 12 13 
1913980 1 2 3 4 5 6 7 8 9 10 11 12 13 
1914030 1 2 3 4 5 6 7 8 9 10 11 12 13 
1914080 1 2 3 4 5 6 7 8 9 10 11 12 13 
1914131 1 2 3 4 5 6 7 8 9 10 11 12 13 
1914181 1 2 3 4 5 6 7 8 9 10 11 12 13 
1914231 1 2 3 4 5 6 7 8 9 10 11 12 13 
1914281 1 2 3 4 5 6 7 8 9 10 11 12 13 
1914331 1 2 3 4 5 6 7 8 9 10 11 12 13 
1914381 1 2 3 4 5 6 7 8 9 10 11 12 13 
1914431 1 2 3 4 5 6 7 8 9 10 11 12 13 
1914481 1 2 3 4 5 6 7 8 9 10 11 12 13 
1914531 1 2 3 4 5 6 7 8 9 10 11 12 13 
1914581 1 2 3 4 5 6 7 8 9 10 11 12 13 
1914632 1 2 3 4 5 6 7 8 9 10 11 12 13 
1914682 1 2 3 4 5 6 7 8 9 10 11 12 13 
1914732 1 2 3 4 5 6 7 8 9 10 11 12 13 
1914782 1 2 3 4 5 6 7 8 9 10 11 12 13 
1914832 1 2 3 4 5 6 7 8 9 10 11 12 13 
1914882 1 2 3 4 5 6 7 8 9 10 11 12 13 
1914932 1 2 3 4 5 6 7 8 9 10 11 12 13 
1914982 1 2 3 4 5 6 7 8 9 10 11 12 13 
1915032 1 2 3 4 5 6 7 8 9 10 11 12 13 
1915082 1 2 3 4 5 6 7 8 9 10 11 12 13 
1915133 1 2 3 4 5 6 7 8 9 10 11 12 13 
1915184 1 2 3 4 5 6 7 8 9 10 11 12 13 
1915234 1 2 3 4 5 6 7 8 9 10 11 12 13 
1915285 1 2 3 4 5 6 7 8 9 10 11 12 13 
1915335 1 2 3 4 5 6 7 8 9 10 11 12 13 
1915385 1 2 3 4 5 6 7 8 9 10 11 12 13 
1915435 1 2 3 4 5 6 7 8 9 10 11 12 13 
1915485 1 2 3 4 5 6 7 8 9 10 11 12 13 
1915535 1 2 3 4 5 6 7 8 9 10 11 12 13 
1915585 1 2 3 4 5 6 7 8 9 10 11 12 13 
1915635 1 2 3 4 5 6 7 8 9 10 11 12 13 
1915685 1 2 3 4 5 6 7 8 9 10 11 12 13 
1915736 1 2 3 4 5 6 7 8 9 10 11 12 13 
1915786 1 2 3 4 5 6 7 8 9 10 11 12 13 
1915836 1 2 3 4 5 6 7 8 9 10 11 12 13 
1915886 1 2 3 4 5 6 7 8 9 10 11 12 13 
1915936 1 2 3 4 5 6 7 8 9 10 11 12 13 
1915986 1 2 3 4 5 6 7 8 9 10 11 12 13 
1916036 1 2 3 4 5 6 7 8 9 10 11 12 13 
1916086 1 2 3 4 5 6 7 8 9 10 11 12 13 
1916136 1 2 3 4 5 6 7 8 9 10 11 12 13 
1916186 1 2 3 4 5 6 7 8 9 10 11 12 13 
1916237 1 2 3 4 5 6 7 8 9 10 11 12 13 
1916287 1 2 3 4 5 6 7 8 9 10 11 12 13 
1916337 1 2 3 4 5 6 7 8 9 10 11 12 13 
1916387 1 2 3 4 5 6 7 8 9 10 11 12 13 
1916438 1 2 3 4 5 6 7 8 9 10 11 12 13 
1916489 1 2 3 4 5 6 7 8 9 10 11 12 13 
1916539 1 2 3 4 5 6 7 8 9 10 11 12 13 
1916589 1 2 3 4 5 6 7 8 9 10 11 12 13 
1916639 1 2 3 4 5 6 7 8 9 10 11 12 13 
1916689 1 2 3 4 5 6 7 8 9 10 11 12 13 
1916739 1 2 3 4 5 6 7 8 9 10 11 12 13 
1916789 1 2 3 4 5 6 7 8 9 10 11 12 13 
1916839 1 2 3 4 5 6 7 8 9 10 11 12 13 
1916889 1 2 3 4 5 6 7 8 9 10 11 12 13 
1916939 1 2 3 4 5 6 7 8 9 10 11 12 13 
1916989 1 2 3 4 5 6 7 8 9 10 11 12 13 
1917040 1 2 3 4 5 6 7 8 9 10 11 12 13 
1917090 1 2 3 4 5 6 7 8 9 10 11 12 13 
1917140 1 2 3 4 5 6 7 8 9 10 11 12 13 
1917190 1 2 3 4 5 6 7 8 9 10 11 12 13 
1917240 1 2 3 4 5 6 7 8 9 10 11 12 13 
1917290 1 2 3 4 5 6 7 8 9 10 11 12 13 
1917340 1 2 3 4 5 6 7 8 9 10 11 12 13 
1917390 1 2 3 4 5 6 7 8 9 10 11 12 13 
1917440 1 2 3 4 5 6 7 8 9 10 11 12 13 
1917490 1 2 3 4 5 6 7 8 9 10 11 12 13 
1917541 1 2 3 4 5 6 7 8 9 10 11 12 13 
1917591 1 2 3 4 5 6 7 8 9 10 11 12 13 
1917641 1 2 3 4 5 6 7 8 9 10 11 12 13 
1917691 1 2 3 4 5 6 7 8 9 10 11 12 13 
1917741 1 2 3 4 5 6 7 8 9 10 11 12 13 
1917791 1 2 3 4 5 6 7 8 9 10 11 12 13 
1917841 1 2 3 4 5 6 7 8 9 10 11 12 13 
1917891 1 2 3 4 5 6 7 8 9 10 11 12 13 
1917941 1 2 3 4 5 6 7 8 9 10 11 12 13 
1917991 1 2 3 4 5 6 7 8 9 10 11 12 13 
1918042 1 2 3 4 5 6 7 8 9 10 11 12 13 
1918092 1 2 3 4 5 6 7 8 9 10 11 12 13 
1918142 1 2 3 4 5 6 7 8 9 10 11 12 13 
1918194 1 2 3 4 5 6 7 8 9 10 11 12 13 
1918245 1 2 3 4 5 6 7 8 9 10 11 12 13 
1918295 1 2 3 4 5 6 7 8 9 10 11 12 13 
1918345 1 2 3 4 5 6 7 8 9 10 11 12 13 
1918395 1 2 3 4 5 6 7 8 9 10 11 12 13 
1918445 1 2 3 4 5 6 7 8 9 10 11 12 13 
1918495 1 2 3 4 5 6 7 8 9 10 11 12 13 
1918545 1 2 3 4 5 6 7 8 9 10 11 12 13 
1918595 1 2 3 4 5 6 7 8 9 10 11 12 13 
1918645 1 2 3 4 5 6 7 8 9 10 11 12 13 
1918696 1 2 3 4 5 6 7 8 9 10 11 12 13 
1918746 1 2 3 4 5 6 7 8 9 10 11 12 13 
1918796 1 2 3 4 5 6 7 8 9 10 11 12 13 
1918846 1 2 3 4 5 6 7 8 9 10 11 12 13 
1918896 1 2 3 4 5 6 7 8 9 10 11 12 13 
1918946 1 2 3 4 5 6 7 8 9 10 11 12 13 
1918997 1 2 3 4 5 6 7 8 9 10 11 12 13 
1919047 1 2 3 4 5 6 7 8 9 10 11 12 13 
1919097 1 2 3 4 5 6 7 8 9 10 11 12 13 
1919147 1 2 3 4 5 6 7 8 9 10 11 12 13 
1919197 1 2 3 4 5 6 7 8 9 10 11 12 13 
1919247 1 2 3 4 5 6 7 8 9 10 11 12 13 
1919298 1 2 3 4 5 6 7 8 9 10 11 12 13 
1919348 1 2 3 4 5 6 7 8 9 10 11 12 13 
1919398 1 2 3 4 5 6 7 8 9 10 11 12 13 
1919448 1 2 3 4 5 6 7 8 9 10 11 12 13 
1919498 1 2 3 4 5 6 7 8 9 10 11 12 13 
1919548 1 2 3 4 5 6 7 8 9 10 11 12 13 
1919598 1 2 3 4 5 6 7 8 9 10 11 12 13 
1919648 1 2 3 4 5 6 7 8 9 10 11 12 13 
1919698 1 2 3 4 5 0 0 0 0 0 0 0 0 0 0 0 0 0 0 0 0 0 0 0 0 0 0 0 0 0 0 0 0 0 0 2048 0 0 0 0 0 0 0 0 0 0 0 0 0 0 
