255824 0 0 0 0 0 0 0 0 0 0 1144 -29108 3216 
255875 0 0 0 0 0 0 0 0 0 0 1144 -29108 3216 
255925 0 0 0 0 0 0 0 0 0 0 1144 -29108 3216 
255975 0 0 0 0 0 0 0 0 0 0 1144 -29108 3216 
256025 0 0 0 0 0 0 0 0 0 0 1144 -29108 3216 
256075 0 0 0 0 0 0 0 0 0 0 1144 -29108 3216 
256125 0 0 0 0 0 0 0 0 0 0 1144 -29108 3216 
256175 0 0 0 0 0 0 0 0 0 0 1144 -29108 3216 
256225 0 0 0 0 0 0 0 0 0 0 1144 -29108 3216 
256276 0 0 0 0 0 0 0 0 0 0 1144 -29108 3216 
256326 0 0 0 0 0 0 0 0 0 0 1144 -29108 3216 
256376 0 0 0 0 0 0 0 0 0 0 1144 -29108 3216 
256426 0 0 0 0 0 0 0 0 0 0 1144 -29108 3216 
256476 0 0 0 0 0 0 0 0 0 0 1144 -29108 3216 
256526 0 0 0 0 0 0 0 0 0 0 1144 -29108 3216 
256576 0 0 0 0 0 0 0 0 0 0 1144 -29108 3216 
256627 0 0 0 0 0 0 0 0 0 0 1144 -29108 3216 
256677 0 0 0 0 0 0 0 0 0 0 1144 -29108 3216 
256727 0 0 0 0 0 0 0 0 0 0 1144 -29108 3216 
256777 0 0 0 0 0 0 0 0 0 0 1144 -29108 3216 
256827 0 0 0 0 0 0 0 0 0 0 1144 -29108 3216 
256877 0 0 0 0 0 0 0 0 0 0 1144 -29108 3216 
256927 0 0 0 0 0 0 0 0 0 0 1144 -29108 3216 
256977 0 0 0 0 0 0 0 0 0 0 1144 -29108 3216 
257027 0 0 0 0 0 0 0 0 0 0 1144 -29108 3216 
257077 0 0 0 0 0 0 0 0 0 0 1144 -29108 3216 
257127 0 0 0 0 0 0 0 0 0 0 1144 -29108 3216 
257178 0 0 0 0 0 0 0 0 0 0 1144 -29108 3216 
257228 0 0 0 0 0 0 0 0 0 0 1144 -29108 3216 
257278 0 0 0 0 0 0 0 0 0 0 1144 -29108 3216 
257328 0 0 0 0 0 0 0 0 0 0 1144 -29108 3216 
257378 0 0 0 0 0 0 0 0 0 0 1144 -29108 3216 
257428 0 0 0 0 0 0 0 0 0 0 1144 -29108 3216 
257478 0 0 0 0 0 0 0 0 0 0 1144 -29108 3216 
257528 0 0 0 0 0 0 0 0 0 0 1144 -29108 3216 
257578 0 0 0 0 0 0 0 0 0 0 1144 -29108 3216 
257628 0 0 0 0 0 0 0 0 0 0 1144 -29108 3216 
257678 0 0 0 0 0 0 0 0 0 0 1144 -29108 3216 
257728 0 0 0 0 0 0 0 0 0 0 1144 -29108 3216 
257779 0 0 0 0 0 0 0 0 0 0 1144 -29108 3216 
257829 0 0 0 0 0 0 0 0 0 0 1144 -29108 3216 
257879 0 0 0 0 0 0 0 0 0 0 1144 -29108 3216 
257929 0 0 0 0 0 0 0 0 0 0 1144 -29108 3216 
257979 0 0 0 0 0 0 0 0 0 0 1144 -29108 3216 
258029 0 0 0 0 0 0 0 0 0 0 1144 -29108 3216 
258079 0 0 0 0 0 0 0 0 0 0 1144 -29108 3216 
258129 0 0 0 0 0 0 0 0 0 0 1144 -29108 3216 
258179 0 0 0 0 0 0 0 0 0 0 1144 -29108 3216 
258229 0 0 0 0 0 0 0 0 0 0 1144 -29108 3216 
258280 0 0 0 0 0 0 0 0 0 0 1144 -29108 3216 
258330 0 0 0 0 0 0 0 0 0 0 1144 -29108 3216 
258380 0 0 0 0 0 0 0 0 0 0 1144 -29108 3216 
258430 0 0 0 0 0 0 0 0 0 0 1144 -29108 3216 
258480 0 0 0 0 0 0 0 0 0 0 1144 -29108 3216 
258530 0 0 0 0 0 0 0 0 0 0 1144 -29108 3216 
258580 0 0 0 0 0 0 0 0 0 0 1144 -29108 3216 
258630 0 0 0 0 0 0 0 0 0 0 1144 -29108 3216 
258680 0 0 0 0 0 0 0 0 0 0 1144 -29108 3216 
258730 0 0 0 0 0 0 0 0 0 0 1144 -29108 3216 
258780 0 0 0 0 0 0 0 0 0 0 1144 -29108 3216 
258830 0 0 0 0 0 0 0 0 0 0 1144 -29108 3216 
258881 0 0 0 0 0 0 0 0 0 0 1144 -29108 3216 
258931 0 0 0 0 0 0 0 0 0 0 1144 -29108 3216 
258981 0 0 0 0 0 0 0 0 0 0 1144 -29108 3216 
259031 0 0 0 0 0 0 0 0 0 0 1144 -29108 3216 
259081 0 0 0 0 0 0 0 0 0 0 1144 -29108 3216 
259131 0 0 0 0 0 0 0 0 0 0 1144 -29108 3216 
259181 0 0 0 0 0 0 0 0 0 0 1144 -29108 3216 
259231 0 0 0 0 0 0 0 0 0 0 1144 -29108 3216 
259281 0 0 0 0 0 0 0 0 0 0 1144 -29108 3216 
259331 0 0 0 0 0 0 0 0 0 0 1144 -29108 3216 
259382 0 0 0 0 0 0 0 0 0 0 1144 -29108 3216 
259432 0 0 0 0 0 0 0 0 0 0 1144 -29108 3216 
259482 0 0 0 0 0 0 0 0 0 0 1144 -29108 3216 
259532 0 0 0 0 0 0 0 0 0 0 1144 -29108 3216 
259582 0 0 0 0 0 0 0 0 0 0 1144 -29108 3216 
259632 0 0 0 0 0 0 0 0 0 0 1144 -29108 3216 
259682 0 0 0 0 0 0 0 0 0 0 1144 -29108 3216 
259732 0 0 0 0 0 0 0 0 0 0 1144 -29108 3216 
259782 0 0 0 0 0 0 0 0 0 0 1144 -29108 3216 
259832 0 0 0 0 0 0 0 0 0 0 1144 -29108 3216 
259882 0 0 0 0 0 0 0 0 0 0 1144 -29108 3216 
259932 0 0 0 0 0 0 0 0 0 0 1144 -29108 3216 
259983 0 0 0 0 0 0 0 0 0 0 1144 -29108 3216 
260034 0 0 0 0 0 0 0 0 0 0 1144 -29108 3216 
260084 0 0 0 0 0 0 0 0 0 0 1144 -29108 3216 
260134 0 0 0 0 0 0 0 0 0 0 1144 -29108 3216 
260184 0 0 0 0 0 0 0 0 0 0 1144 -29108 3216 
260234 0 0 0 0 0 0 0 0 0 0 1144 -29108 3216 
260284 0 0 0 0 0 0 0 0 0 0 1144 -29108 3216 
260334 0 0 0 0 0 0 0 0 0 0 1144 -29108 3216 
260384 0 0 0 0 0 0 0 0 0 0 1144 -29108 3216 
260434 0 0 0 0 0 0 0 0 0 0 1144 -29108 3216 
260485 0 0 0 0 0 0 0 0 0 0 1144 -29108 3216 
260535 0 0 0 0 0 0 0 0 0 0 1144 -29108 3216 
260585 0 0 0 0 0 0 0 0 0 0 1144 -29108 3216 
260635 0 0 0 0 0 0 0 0 0 0 1144 -29108 3216 
260685 0 0 0 0 0 0 0 0 0 0 1144 -29108 3216 
260735 0 0 0 0 0 0 0 0 0 0 1144 -29108 3216 
260785 0 0 0 0 0 0 0 0 0 0 1144 -29108 3216 
260835 0 0 0 0 0 0 0 0 0 0 1144 -29108 3216 
260885 0 0 0 0 0 0 0 0 0 0 1144 -29108 3216 
260935 0 0 0 0 0 0 0 0 0 0 1144 -29108 3216 
260986 0 0 0 0 0 0 0 0 0 0 1144 -29108 3216 
261036 0 0 0 0 0 0 0 0 0 0 1144 -29108 3216 
261086 0 0 0 0 0 0 0 0 0 0 1144 -29108 3216 
261136 0 0 0 0 0 0 0 0 0 0 1144 -29108 3216 
261186 0 0 0 0 0 0 0 0 0 0 1144 -29108 3216 
