274409 0 0 0 0 0 0 0 0 0 0 0 0 8192 
274460 0 0 0 0 0 0 0 0 0 0 0 0 8192 
274510 0 0 0 0 0 0 0 0 0 0 0 0 8192 
274560 0 0 0 0 0 0 0 0 0 0 0 0 8192 
274610 0 0 0 0 0 0 0 0 0 0 0 0 8192 
274660 0 0 0 0 0 0 0 0 0 0 0 0 8192 
274710 0 0 0 0 0 0 0 0 0 0 0 0 8192 
274760 0 0 0 0 0 0 0 0 0 0 0 0 8192 
274811 0 0 0 0 0 0 0 0 0 0 0 0 8192 
274861 0 0 0 0 0 0 0 0 0 0 0 0 8192 
274911 0 0 0 0 0 0 0 0 0 0 0 0 8192 
274961 0 0 0 0 0 0 0 0 0 0 0 0 8192 
275011 0 0 0 0 0 0 0 0 0 0 0 0 8192 
275061 0 0 0 0 0 0 0 0 0 0 0 0 8192 
275111 0 0 0 0 0 0 0 0 0 0 0 0 8192 
275161 0 0 0 0 0 0 0 0 0 0 0 0 8192 
275211 0 0 0 0 0 0 0 0 0 0 0 0 8192 
275261 0 0 0 0 0 0 0 0 0 0 0 0 8192 
275311 0 0 0 0 0 0 0 0 0 0 0 0 8192 
275362 0 0 0 0 0 0 0 0 0 0 0 0 8192 
275412 0 0 0 0 0 0 0 0 0 0 0 0 8192 
275462 0 0 0 0 0 0 0 0 0 0 0 0 8192 
