1426384610 2 1 -1 0 1 0 0 0 0 0 0 0 
1428903002 2 2 0 1 0 1 0 0 0 0 0 0 
1431064606 2 1 1 1 1 1 0 0 0 0 0 0 
1431379006 2 1 0 1 1 0 0 0 0 0 0 0 
1433581268 1 3 0 1 1 1 0 0 0 0 0 0 
1433896598 1 2 1 1 1 0 0 0 0 0 0 0 
1436058202 2 2 1 0 1 0 0 0 0 0 0 0 
1436412202 2 2 0 0 0 0 0 0 0 0 0 0 
1438574594 1 2 0 0 0 1 0 0 0 0 0 0 
1438928594 2 1 1 0 1 0 0 0 0 0 0 0 
1441408086 2 1 0 1 1 1 0 0 0 0 0 0 
1443728990 2 2 0 1 1 1 0 0 0 0 0 0 
1443926478 2 2 0 1 1 1 0 0 0 0 0 0 
1446246982 1 2 0 1 1 1 0 0 0 0 0 0 
1446443394 2 1 0 0 1 0 0 0 0 0 0 0 
1448765680 2 2 1 0 1 0 0 0 0 0 0 0 
1448922186 2 2 1 1 1 1 0 0 0 0 0 0 
1451283776 1 1 0 1 1 1 0 0 0 0 0 0 
1451441384 1 1 1 0 1 0 0 0 0 0 0 0 
1453958588 1 1 0 1 0 1 0 0 0 0 0 0 
1456437778 1 1 -1 1 1 0 0 0 0 0 0 0 
1456555784 0 1 -1 1 0 1 0 0 0 0 0 0 
1458953370 1 1 1 1 1 0 0 0 0 0 0 0 
1459071376 1 1 0 1 1 1 0 0 0 0 0 0 
1461431374 2 1 1 1 1 0 0 0 0 0 0 0 
1461548974 1 2 0 1 1 0 0 0 0 0 0 0 
1463946572 2 1 1 1 1 0 0 0 0 0 0 0 
1464064578 2 2 0 1 0 1 0 0 0 0 0 0 
1466463770 2 2 0 1 1 0 0 0 0 0 0 0 
1468981774 2 1 1 1 1 0 0 0 0 0 0 0 
1469139474 2 1 1 1 0 1 0 0 0 0 0 0 
1471498972 2 1 0 1 1 0 0 0 0 0 0 0 
1471616590 2 2 0 1 0 1 0 0 0 0 0 0 
1473978170 2 2 0 1 1 1 0 0 0 0 0 0 
1474135664 2 3 0 1 0 1 0 0 0 0 0 0 
1476496568 1 2 1 1 0 1 0 0 0 0 0 0 
1476653768 1 1 1 1 1 1 0 0 0 0 0 0 
1479015760 1 3 0 1 0 1 0 0 0 0 0 0 
1481533364 1 2 0 1 1 1 0 0 0 0 0 0 
1481768956 1 2 0 1 1 1 0 0 0 0 0 0 
1484010668 0 2 0 0 1 1 0 0 0 0 0 0 
1484286554 0 2 0 1 0 1 0 0 0 0 0 0 
1486528152 1 2 0 1 0 1 0 0 0 0 0 0 
1486803358 1 2 0 1 0 1 0 0 0 0 0 0 
1489044144 2 2 1 1 0 1 0 0 0 0 0 0 
1489319744 1 2 1 1 0 0 0 0 0 0 0 0 
1491561754 1 2 0 1 0 0 0 0 0 0 0 0 
1494041746 2 2 0 1 1 0 0 0 0 0 0 0 
1494474940 2 2 0 1 1 1 0 0 0 0 0 0 
1496557738 2 1 2 1 1 0 0 0 0 0 0 0 
1496951750 2 2 0 1 1 1 0 0 0 0 0 0 
1499074536 1 2 1 0 1 0 0 0 0 0 0 0 
1499466942 1 2 0 0 1 0 0 0 0 0 0 0 
1501552146 1 2 0 1 1 0 0 0 0 0 0 0 
1501984940 1 3 0 1 1 1 0 0 0 0 0 0 
1504070424 1 2 0 1 1 0 0 0 0 0 0 0 
1506588528 2 2 0 1 1 1 0 0 0 0 0 0 
1507139734 1 2 0 0 1 0 0 0 0 0 0 0 
1509106140 1 2 0 1 1 1 0 0 0 0 0 0 
1509656938 1 2 0 1 1 1 0 0 0 0 0 0 
1511585736 1 2 -1 1 1 1 0 0 0 0 0 0 
1512175730 1 2 0 1 0 1 0 0 0 0 0 0 
1514100128 1 3 1 1 1 1 0 0 0 0 0 0 
1514690134 1 4 2 1 1 1 0 0 0 0 0 0 
1516617958 1 2 0 1 1 1 0 0 0 0 0 0 
1519134318 1 2 1 0 1 0 0 0 0 0 0 0 
1519802130 0 2 -1 0 1 1 0 0 0 0 0 0 
1521612516 0 1 0 0 1 1 0 0 0 0 0 0 
1522319714 0 1 0 1 1 1 0 0 0 0 0 0 
1524130114 0 1 0 1 1 1 0 0 0 0 0 0 
1524838912 0 1 -1 1 1 1 0 0 0 0 0 0 
1526648124 0 2 0 1 1 0 0 0 0 0 0 0 
1527356922 0 2 -1 1 1 0 0 0 0 0 0 0 
1529127322 0 3 0 1 0 1 0 0 0 0 0 0 
1531643132 0 2 1 1 1 0 0 0 0 0 0 0 
1532508594 0 2 1 1 1 0 0 0 0 0 0 0 
1534161316 1 3 1 1 1 0 0 0 0 0 0 0 
1534987316 1 3 0 1 1 0 0 0 0 0 0 0 
1536677202 0 3 0 1 1 1 0 0 0 0 0 0 
1537503308 1 2 1 0 1 0 0 0 0 0 0 0 
1539155368 1 2 1 0 1 0 0 0 0 0 0 0 
1540020506 0 2 0 1 1 1 0 0 0 0 0 0 
1541673722 0 1 0 0 1 0 0 0 0 0 0 0 
1544192108 1 2 0 1 1 0 0 0 0 0 0 0 
1545175694 0 2 1 1 1 0 0 0 0 0 0 0 
1546671300 0 3 1 1 1 0 0 0 0 0 0 0 
1547693510 0 3 1 1 1 0 0 0 0 0 0 0 
1549188890 0 2 0 0 1 -1 0 0 0 0 0 0 
1550172378 -1 2 0 1 1 0 0 0 0 0 0 0 
1551707014 -1 2 0 1 0 0 0 0 0 0 0 0 
1552689694 -1 2 -1 1 0 0 0 0 0 0 0 0 
1554185692 -1 2 -1 1 0 1 0 0 0 0 0 0 
1556704090 1 2 1 1 0 1 0 0 0 0 0 0 
1557845690 1 3 1 1 0 1 0 0 0 0 0 0 
1559223738 0 2 1 1 0 1 0 0 0 0 0 0 
1560325694 1 2 0 0 0 1 0 0 0 0 0 0 
1561741686 1 2 0 0 0 1 0 0 0 0 0 0 
1562842878 1 2 0 1 0 1 0 0 0 0 0 0 
1564219776 2 2 1 0 1 1 0 0 0 0 0 0 
1565360888 2 2 1 1 1 1 0 0 0 0 0 0 
1566736080 1 2 0 1 1 1 0 0 0 0 0 0 
1569254728 0 2 0 1 1 1 0 0 0 0 0 0 
1570513278 0 2 0 1 1 1 0 0 0 0 0 0 
1571732082 -1 1 0 1 1 0 0 0 0 0 0 0 
1573030076 -1 2 -1 1 1 0 0 0 0 0 0 0 
1574250068 0 2 0 1 1 0 0 0 0 0 0 0 
1575509674 -1 2 1 1 0 0 0 0 0 0 0 0 
1576767278 -1 2 0 1 0 1 0 0 0 0 0 0 
1578026878 0 2 0 1 0 1 0 0 0 0 0 0 
1579285676 0 3 -1 1 0 1 0 0 0 0 0 0 
1581763968 1 2 1 0 0 1 0 0 0 0 0 0 
1583179260 1 2 1 1 1 1 0 0 0 0 0 0 
1584280466 0 2 1 1 1 0 0 0 0 0 0 0 
1585697264 0 2 0 1 1 1 0 0 0 0 0 0 
1586798862 0 2 0 1 1 1 0 0 0 0 0 0 
1588215662 0 3 0 1 1 1 0 0 0 0 0 0 
1589316054 0 2 0 1 1 0 0 0 0 0 0 0 
1590731660 0 2 1 1 1 0 0 0 0 0 0 0 
1591793264 0 2 1 1 0 0 0 0 0 0 0 0 
1594310856 0 3 0 1 0 0 0 0 0 0 0 0 
1595843654 0 3 0 1 0 1 0 0 0 0 0 0 
1596827648 1 2 1 0 0 0 0 0 0 0 0 0 
1598363258 1 2 0 1 0 1 0 0 0 0 0 0 
1599308052 1 2 0 1 0 1 0 0 0 0 0 0 
1600882056 1 1 1 0 1 0 0 0 0 0 0 0 
1601826048 1 2 0 0 1 1 0 0 0 0 0 0 
1603360448 1 3 0 0 1 0 0 0 0 0 0 0 
1604343252 1 2 0 1 1 0 0 0 0 0 0 0 
1606821750 0 1 0 0 1 0 0 0 0 0 0 0 
1608551642 0 1 0 1 1 0 0 0 0 0 0 0 
1609338848 0 1 0 1 1 0 0 0 0 0 0 0 
1611031246 0 2 0 1 0 1 0 0 0 0 0 0 
1611856434 0 2 0 1 0 1 0 0 0 0 0 0 
1613547632 0 2 0 1 0 1 0 0 0 0 0 0 
1614372432 1 2 1 0 1 0 0 0 0 0 0 0 
1616064442 1 1 0 0 1 0 0 0 0 0 0 0 
1616851236 1 1 0 0 1 1 0 0 0 0 0 0 
1619367640 1 0 1 0 1 0 0 0 0 0 0 0 
1621217238 0 1 0 1 0 1 0 0 0 0 0 0 
1621886430 1 2 0 1 1 1 0 0 0 0 0 0 
1623696028 0 2 -1 1 1 1 0 0 0 0 0 0 
1624403634 0 2 0 1 1 1 0 0 0 0 0 0 
1626212832 0 3 0 1 1 1 0 0 0 0 0 0 
1626881232 0 2 0 1 1 1 0 0 0 0 0 0 
1628728818 0 2 1 1 1 0 0 0 0 0 0 0 
1629397624 0 3 0 1 0 1 0 0 0 0 0 0 
1631916022 1 2 0 0 0 0 0 0 0 0 0 0 
1633884020 0 2 0 1 1 1 0 0 0 0 0 0 
1634394018 1 2 1 1 1 0 0 0 0 0 0 0 
1636399216 1 2 1 1 1 1 0 0 0 0 0 0 
1636911486 1 2 0 1 1 1 0 0 0 0 0 0 
1638916408 1 1 0 0 1 0 0 0 0 0 0 0 
1639428170 0 2 0 1 1 1 0 0 0 0 0 0 
1641432418 1 2 0 1 1 1 0 0 0 0 0 0 
1641905612 1 3 1 1 1 0 0 0 0 0 0 0 
1644424016 0 2 0 1 1 1 0 0 0 0 0 0 
1646586808 0 1 -1 1 1 1 0 0 0 0 0 0 
1646941258 -1 1 -1 1 1 1 0 0 0 0 0 0 
1649063612 0 2 1 1 1 1 0 0 0 0 0 0 
1649457248 -1 2 0 1 0 1 0 0 0 0 0 0 
1651580810 0 2 1 1 0 1 0 0 0 0 0 0 
1651934402 0 2 0 1 0 1 0 0 0 0 0 0 
1654099200 0 2 0 1 0 1 0 0 0 0 0 0 
1654452550 0 3 0 1 0 1 0 0 0 0 0 0 
1656971192 0 2 0 1 0 1 0 0 0 0 0 0 
1659251996 1 2 0 1 1 0 0 0 0 0 0 0 
1659448796 0 2 0 1 1 0 0 0 0 0 0 0 
1661770394 0 2 1 1 1 1 0 0 0 0 0 0 
1661967600 0 2 1 1 1 1 0 0 0 0 0 0 
1664249590 0 2 0 1 1 1 0 0 0 0 0 0 
1664485990 0 2 0 1 1 0 0 0 0 0 0 0 
1666766388 0 2 0 1 1 0 0 0 0 0 0 0 
1666963588 0 2 0 0 1 0 0 0 0 0 0 0 
1669479992 0 2 -1 1 1 0 0 0 0 0 0 0 
1671917590 0 2 -1 1 0 1 0 0 0 0 0 0 
1672035590 0 2 0 1 1 0 0 0 0 0 0 0 
1674435582 -1 1 0 1 1 0 0 0 0 0 0 0 
1674553576 -1 2 0 1 0 1 0 0 0 0 0 0 
1676952380 0 1 1 1 1 0 0 0 0 0 0 0 
1677070386 0 2 1 1 1 0 0 0 0 0 0 0 
1679429976 0 3 0 1 0 0 0 0 0 0 0 0 
1679547676 1 3 0 1 0 0 0 0 0 0 0 0 
1682024380 0 3 0 1 0 1 0 0 0 0 0 0 
1684541972 0 3 0 1 1 1 0 0 0 0 0 0 
1684620778 0 2 1 1 1 1 0 0 0 0 0 0 
1687018258 0 4 0 1 1 1 0 0 0 0 0 0 
1687096370 0 4 1 1 1 1 0 0 0 0 0 0 
1689533992 0 4 0 1 0 1 0 0 0 0 0 0 
1689612768 0 3 0 0 0 1 0 0 0 0 0 0 
1692051972 0 2 0 0 1 1 0 0 0 0 0 0 
1692130634 0 2 1 0 1 0 0 0 0 0 0 0 
1694530762 0 1 0 1 0 1 0 0 0 0 0 0 
1697050366 1 2 -1 0 1 1 0 0 0 0 0 0 
1697286254 0 2 -1 1 1 1 0 0 0 0 0 0 
1699566752 0 2 1 0 1 1 0 0 0 0 0 0 
1699803164 0 2 1 1 1 1 0 0 0 0 0 0 
1702085156 0 2 1 1 1 0 0 0 0 0 0 0 
1702321556 0 3 0 1 1 1 0 0 0 0 0 0 
1704563710 0 3 0 0 1 0 0 0 0 0 0 0 
1704799952 0 3 -1 1 1 1 0 0 0 0 0 0 
1707081438 0 2 1 0 1 0 0 0 0 0 0 0 
1709599142 -1 2 1 1 1 0 0 0 0 0 0 0 
1709952342 0 2 0 1 1 1 0 0 0 0 0 0 
1712114746 0 2 0 1 1 0 0 0 0 0 0 0 
1712468352 0 2 0 1 0 1 0 0 0 0 0 0 
1714592344 -1 3 0 1 0 1 0 0 0 0 0 0 
1714986618 -1 3 0 1 0 1 0 0 0 0 0 0 
1717109142 0 2 0 1 0 1 0 0 0 0 0 0 
1717503540 0 2 0 1 0 1 0 0 0 0 0 0 
1719627938 0 2 0 0 1 1 0 0 0 0 0 0 
1722145930 1 2 0 1 1 0 0 0 0 0 0 0 
1722656736 1 1 0 1 1 0 0 0 0 0 0 0 
1724623128 0 1 0 1 1 0 0 0 0 0 0 0 
1725134734 -1 1 -1 1 1 1 0 0 0 0 0 0 
1727139938 -1 2 0 1 1 0 0 0 0 0 0 0 
1727651132 -1 2 0 1 1 0 0 0 0 0 0 0 
1729656110 -1 3 0 2 1 1 0 0 0 0 0 0 
1730167928 -1 2 0 1 1 1 0 0 0 1 0 0 
1732134014 -1 4 0 1 1 1 0 0 0 0 0 0 
1734652330 -2 4 0 0 0 1 0 0 0 0 0 0 
1735320318 -2 3 0 0 0 1 0 0 0 0 0 0 
1737169116 -1 3 1 0 0 1 0 0 0 0 0 0 
1737837922 -1 2 1 0 0 1 0 0 0 0 0 0 
1739687126 0 2 0 0 0 1 0 0 0 0 0 0 
1740316320 -1 3 -1 0 1 1 0 0 0 0 0 0 
1742164718 -1 2 0 1 1 0 0 0 0 0 0 0 
1742834510 -1 2 1 0 1 0 0 0 0 0 0 0 
1744684984 0 2 0 1 1 0 0 0 0 0 0 0 
1747203120 0 2 -1 1 1 0 0 0 0 0 0 0 
1748029106 -1 3 -1 1 1 0 0 0 0 0 0 0 
1749680310 -1 3 0 1 1 0 0 0 0 0 0 0 
1750546078 -1 3 0 1 1 0 0 0 0 0 0 0 
1752197102 -1 2 0 1 1 0 0 0 0 0 0 0 
1753023502 -1 3 0 1 1 0 0 0 0 0 0 0 
1754715512 -1 4 0 1 0 0 0 0 0 0 0 0 
1755540312 0 3 2 1 0 1 0 0 0 0 0 0 
1757231098 0 4 2 1 0 1 0 0 0 0 0 0 
1759709108 0 3 -1 0 0 1 0 0 0 0 0 0 
1760691900 0 3 1 0 1 1 0 0 0 0 0 0 
1762226998 0 3 0 0 1 1 0 0 0 0 0 0 
1763209904 0 3 0 0 1 1 0 0 0 0 0 0 
1764744696 0 2 0 0 1 1 0 0 0 0 0 0 
1765727902 0 1 -1 0 1 1 0 0 0 0 0 0 
1767261894 0 2 -1 1 1 0 0 0 0 0 0 0 
1768205224 0 2 -1 1 1 0 0 0 0 0 0 0 
1769738698 -1 1 0 1 1 0 0 0 0 0 0 0 
1772255538 -2 3 0 1 1 0 0 0 0 0 0 0 
1773395894 -2 4 0 1 1 0 0 0 0 0 0 0 
1774773886 -2 4 1 1 0 0 0 0 0 0 0 0 
1775875086 -2 4 1 1 0 0 0 0 0 0 0 0 
1777291078 -1 4 0 1 0 0 0 0 0 0 0 0 
1778391876 -1 4 0 0 0 1 0 0 0 0 0 0 
1779768682 0 3 0 0 0 1 0 0 0 0 0 0 
1780910206 0 3 -1 0 0 1 0 0 0 0 0 0 
1782285880 0 2 -1 1 1 1 0 0 0 0 0 0 
1784802676 -1 1 0 1 1 1 0 0 0 0 0 0 
1786062670 -1 2 0 1 1 0 0 0 0 0 0 0 
1787283474 -1 3 0 1 0 1 0 0 0 1 0 0 
1788541880 0 3 -1 1 0 1 0 0 0 0 0 0 
1789800678 0 3 1 1 1 0 0 0 0 0 0 0 
1791058664 0 4 1 1 1 0 0 0 0 0 0 0 
1792315876 0 3 0 1 1 0 0 0 0 0 0 0 
1793573468 -1 4 0 0 1 0 0 0 0 0 0 0 
1794831468 0 4 1 1 1 0 0 0 0 0 0 0 
1797309458 -1 3 0 0 1 1 0 0 0 0 0 0 
1798726100 -1 2 0 0 1 1 0 0 0 0 0 0 
1799827462 -1 2 -1 1 0 1 0 0 0 0 0 0 
1801244268 -1 2 0 1 0 1 0 0 0 0 0 0 
1802345066 -1 2 0 1 1 0 0 0 0 0 0 0 
1803722664 -1 2 0 1 0 0 0 0 0 0 0 0 
1804824652 -1 2 0 1 1 0 0 0 0 0 0 0 
1806241850 -1 2 1 1 0 0 0 0 0 0 0 0 
1807343454 -1 3 0 1 0 0 0 0 0 0 0 0 
1809861458 0 3 0 1 0 0 0 0 0 0 0 0 
1811394676 0 3 -1 1 0 0 0 0 0 0 0 0 
1812377456 -1 3 0 1 0 1 0 0 0 0 0 0 
1813910654 -1 3 0 1 0 0 0 0 0 0 0 0 
1814855448 0 3 0 1 0 0 0 0 0 0 0 0 
1816428290 0 3 0 1 0 0 0 0 0 0 0 0 
1817372638 0 3 0 1 0 0 0 0 0 0 0 0 
1818945850 0 3 0 1 0 0 0 0 0 0 0 0 
1819889448 0 3 0 1 0 0 0 0 0 0 0 0 
1822370240 1 3 0 1 0 1 0 0 0 0 0 0 
1824099444 1 3 1 0 1 0 0 0 0 0 0 0 
1824887444 1 3 1 1 1 1 0 0 0 0 0 0 
1826581042 1 3 0 1 1 1 0 0 0 0 0 0 
1827406642 1 3 0 0 1 1 0 0 0 0 0 0 
1829099840 0 3 0 1 1 0 0 0 0 0 0 0 
1829886152 0 3 0 1 1 1 0 0 0 0 0 0 
1831615700 0 3 0 1 1 1 0 0 0 0 0 0 
1832401030 0 4 -1 1 1 1 0 0 0 0 0 0 
1834919428 -1 2 0 1 1 1 0 0 0 0 0 0 
1836768632 -1 2 0 1 1 1 0 0 0 0 0 0 
1837437420 -1 2 0 1 1 0 0 0 0 0 0 0 
1839285024 0 3 1 1 1 0 0 0 0 0 0 0 
1839913430 0 3 1 1 1 0 0 0 0 0 0 0 
1841801022 0 3 0 1 0 1 0 0 0 0 0 0 
1842431426 0 3 1 1 0 0 0 0 0 0 0 0 
1844317018 1 3 1 1 0 1 0 0 0 0 0 0 
1844946894 1 4 1 1 0 1 0 0 0 0 0 0 
1847464216 0 3 0 1 1 1 0 0 0 0 0 0 
1849469014 1 2 0 0 1 1 0 0 0 0 0 0 
1849941814 0 2 0 0 1 1 0 0 0 0 0 0 
1851986892 0 3 0 1 1 0 0 0 0 0 0 0 
1852459010 0 2 1 1 2 0 0 0 0 0 0 0 
1854466616 -1 2 -1 1 1 1 0 0 0 0 0 0 
1854977414 -1 3 -1 1 1 0 0 0 0 0 0 0 
1856982782 -2 2 -1 1 0 0 0 0 0 0 0 0 
1857455006 -1 2 0 1 1 0 0 0 0 0 0 0 
1859974204 -1 4 1 1 1 0 0 0 0 1 0 0 
1862139794 0 3 0 1 0 1 0 0 0 0 0 0 
1862493400 1 3 0 0 0 0 0 0 0 0 0 0 
