33554432 162 0 0 0 0 0 0 0 0 0 0 0 0 0 -256 13326 162 0 0 0 0 0 0 0 0 0 0 0 0 0 -256 26126 162 0 0 0 0 0 0 0 0 0 0 0 0 0 -256 -26610 162 0 
0 0 0 0 0 0 0 0 0 0 0 -256 -13810 162 0 0 0 0 0 0 0 0 0 0 0 0 0 -256 -1010 162 0 0 0 0 0 0 0 0 0 0 0 0 0 -256 11790 163 0 0 0 0 0 
0 0 0 0 0 0 0 -256 24590 163 0 0 0 0 0 0 0 0 0 0 0 0 0 -256 -27890 163 0 0 0 0 0 0 0 0 0 0 0 0 0 -256 -15090 163 0 0 0 0 0 0 0 0 0 
0 0 0 -256 -2290 163 0 0 0 0 0 0 0 0 0 0 0 0 0 -256 10510 164 0 0 0 0 0 0 0 0 0 0 0 0 0 -256 23310 164 0 0 0 0 0 0 0 0 0 0 0 0 0 
-1928397056 164 0 0 0 0 0 0 0 0 0 0 0 0 0 -256 -16626 164 0 0 0 0 0 0 0 0 0 0 0 0 0 -256 -3826 164 0 0 0 0 0 0 0 0 0 0 0 0 0 -256 8974 165 0 
0 0 0 0 0 0 0 0 0 0 0 -256 22030 165 0 0 0 0 0 0 0 0 0 0 0 0 0 -256 -30706 165 0 0 0 0 0 0 0 0 0 0 0 0 0 -256 -17906 165 0 0 0 0 0 
0 0 0 0 0 0 0 -256 -5106 165 0 0 0 0 0 0 0 0 0 0 0 0 0 -256 7694 166 0 0 0 0 0 0 0 0 0 0 0 0 0 -256 20494 166 0 0 0 0 0 0 0 0 0 
0 0 0 -256 -32242 166 0 0 0 0 0 0 0 0 0 0 0 0 0 -256 -19442 166 0 0 0 0 0 0 0 0 0 0 0 0 0 -256 -6642 166 0 0 0 0 0 0 0 0 0 0 0 0 0 
403635968 167 0 0 0 0 0 0 0 0 0 0 0 0 0 -256 19214 167 0 0 0 0 0 0 0 0 0 0 0 0 0 -256 32014 167 0 0 0 0 0 0 0 0 0 0 0 0 0 -256 -20722 167 0 
0 0 0 0 0 0 0 0 0 0 0 -256 -7922 167 0 0 0 0 0 0 0 0 0 0 0 0 0 -256 4878 168 0 0 0 0 0 0 0 0 0 0 0 0 0 -256 17678 168 0 0 0 0 0 
0 0 0 0 0 0 0 -256 30478 168 0 0 0 0 0 0 0 0 0 0 0 0 0 -256 -22258 168 0 0 0 0 0 0 0 0 0 0 0 0 0 -256 -9458 168 0 0 0 0 0 0 0 0 0 
0 0 0 -256 3342 169 0 0 0 0 0 0 0 0 0 0 0 0 0 -256 16398 169 0 0 0 0 0 0 0 0 0 0 0 0 0 -256 29198 169 0 0 0 0 0 0 0 0 0 0 0 0 0 
-1542521088 169 0 0 0 0 0 0 0 0 0 0 0 0 0 -256 -10738 169 0 0 0 0 0 0 0 0 0 0 0 0 0 -256 2062 170 0 0 0 0 0 0 0 0 0 0 0 0 0 -256 16654 170 0 
0 0 0 0 0 0 0 0 0 0 0 -256 29454 170 0 0 0 0 0 0 0 0 0 0 0 0 0 -256 -23026 170 0 0 0 0 0 0 0 0 0 0 0 0 0 -256 -10226 170 0 0 0 0 0 
0 0 0 0 0 0 0 -256 2574 171 0 0 0 0 0 0 0 0 0 0 0 0 0 -256 15374 171 0 0 0 0 0 0 0 0 0 0 0 0 0 -256 28174 171 0 0 0 0 0 0 0 0 0 
0 0 0 -256 -24562 171 0 0 0 0 0 0 0 0 0 0 0 0 0 -256 -11762 171 0 0 0 0 0 0 0 0 0 0 0 0 0 -256 1038 172 0 0 0 0 0 0 0 0 0 0 0 0 0 
906952448 172 0 0 0 0 0 0 0 0 0 0 0 0 0 -256 26638 172 0 0 0 0 0 0 0 0 0 0 0 0 0 -256 -25842 172 0 0 0 0 0 0 0 0 0 0 0 0 0 -256 -13042 172 0 
0 0 0 0 0 0 0 0 0 0 0 -256 -242 172 0 0 0 0 0 0 0 0 0 0 0 0 0 -256 12558 173 0 0 0 0 0 0 0 0 0 0 0 0 0 -256 25358 173 0 0 0 0 0 
0 0 0 0 0 0 0 -256 -27378 173 0 0 0 0 0 0 0 0 0 0 0 0 0 -256 -14578 173 0 0 0 0 0 0 0 0 0 0 0 0 0 -256 -1778 173 0 0 0 0 0 0 0 0 0 
0 0 0 -256 11022 174 0 0 0 0 0 0 0 0 0 0 0 0 0 -256 23822 174 0 0 0 0 0 0 0 0 0 0 0 0 0 -256 -28914 174 0 0 0 0 0 0 0 0 0 0 0 0 0 
-1039204608 174 0 0 0 0 0 0 0 0 0 0 0 0 0 -256 -3058 174 0 0 0 0 0 0 0 0 0 0 0 0 0 -256 9742 175 0 0 0 0 0 0 0 0 0 0 0 0 0 -256 22542 175 0 
0 0 0 0 0 0 0 0 0 0 0 -256 -30194 175 0 0 0 0 0 0 0 0 0 0 0 0 0 -256 -17394 175 0 0 0 0 0 0 0 0 0 0 0 0 0 -256 -4594 175 0 0 0 0 0 
0 0 0 0 0 0 0 -256 8206 176 0 0 0 0 0 0 0 0 0 0 0 0 0 -256 21006 176 0 0 0 0 0 0 0 0 0 0 0 0 0 -256 -31474 176 0 0 0 0 0 0 0 0 0 
0 0 0 -256 -18674 176 0 0 0 0 0 0 0 0 0 0 0 0 0 -256 -5874 176 0 0 0 0 0 0 0 0 0 0 0 0 0 -256 6926 177 0 0 0 0 0 0 0 0 0 0 0 0 0 
1292828416 177 0 0 0 0 0 0 0 0 0 0 0 0 0 -256 32526 177 0 0 0 0 0 0 0 0 0 0 0 0 0 -256 -20210 177 0 0 0 0 0 0 0 0 0 0 0 0 0 -256 -7410 177 0 
0 0 0 0 0 0 0 0 0 0 0 -256 5390 178 0 0 0 0 0 0 0 0 0 0 0 0 0 -256 18190 178 0 0 0 0 0 0 0 0 0 0 0 0 0 -256 31246 178 0 0 0 0 0 
0 0 0 0 0 0 0 -256 -21490 178 0 0 0 0 0 0 0 0 0 0 0 0 0 -256 -8690 178 0 0 0 0 0 0 0 0 0 0 0 0 0 -256 4110 179 0 0 0 0 0 0 0 0 0 
0 0 0 -256 16910 179 0 0 0 0 0 0 0 0 0 0 0 0 0 -256 29710 179 0 0 0 0 0 0 0 0 0 0 0 0 0 -256 -23026 179 0 0 0 0 0 0 0 0 0 0 0 0 0 
-670105856 179 0 0 0 0 0 0 0 0 0 0 0 0 0 -256 2574 180 0 0 0 0 0 0 0 0 0 0 0 0 0 -256 15374 180 0 0 0 0 0 0 0 0 0 0 0 0 0 -256 28174 180 0 
0 0 0 0 0 0 0 0 0 0 0 -256 -24562 180 0 0 0 0 0 0 0 0 0 0 0 0 0 -256 -11506 180 0 0 0 0 0 0 0 0 0 0 0 0 0 -256 1294 181 0 0 0 0 0 
0 0 0 0 0 0 0 -256 14094 181 0 0 0 0 0 0 0 0 0 0 0 0 0 -256 26894 181 0 0 0 0 0 0 0 0 0 0 0 0 0 -256 -25842 181 0 0 0 0 0 0 0 0 0 
0 0 0 -256 -13042 181 0 0 0 0 0 0 0 0 0 0 0 0 0 -256 -242 181 0 0 0 0 0 0 0 0 0 0 0 0 0 -256 12558 182 0 0 0 0 0 0 0 0 0 0 0 0 0 
1661927168 182 0 0 0 0 0 0 0 0 0 0 0 0 0 -256 -27378 182 0 0 0 0 0 0 0 0 0 0 0 0 0 -256 -14322 182 0 0 0 0 0 0 0 0 0 0 0 0 0 -256 -1522 182 0 
0 0 0 0 0 0 0 0 0 0 0 -256 4366 5439 0 0 0 0 0 0 0 0 0 0 0 0 0 0 0 0 0 0 0 0 0 0 0 0 0 0 0 0 0 0 0 0 0 0 0 0 0 
