15428 0 0 0 0 0 0 0 0 0 0 0 8 0 
15478 0 0 0 0 0 0 0 0 0 0 0 8 0 
15528 0 0 0 0 0 0 0 0 0 0 0 8 0 
15578 0 0 0 0 0 0 0 0 0 0 0 8 0 
15629 0 0 0 0 0 0 0 0 0 0 0 8 0 
15679 0 0 0 0 0 0 0 0 0 0 0 8 0 
15733 0 0 0 0 0 0 0 0 0 0 0 8 0 
15783 0 0 0 0 0 0 0 0 0 0 0 8 0 
15833 0 0 0 0 0 0 0 0 0 0 0 8 0 
15884 0 0 0 0 0 0 0 0 0 0 0 8 0 
15935 0 0 0 0 0 0 0 0 0 0 0 8 0 
15985 0 0 0 0 0 0 0 0 0 0 0 8 0 
16035 0 0 0 0 0 0 0 0 0 0 0 8 0 
16085 0 0 0 0 0 0 0 0 0 0 0 8 0 
16135 0 0 0 0 0 0 0 0 0 0 0 8 0 
16185 0 0 0 0 0 0 0 0 0 0 0 8 0 
16235 0 0 0 0 0 0 0 0 0 0 0 8 0 
16286 0 0 0 0 0 0 0 0 0 0 0 8 0 
16336 0 0 0 0 0 0 0 0 0 0 0 8 0 
16386 0 0 0 0 0 0 0 0 0 0 0 8 0 
16436 0 0 0 0 0 0 0 0 0 0 0 8 0 
16486 0 0 0 0 0 0 0 0 0 0 0 8 0 
16536 0 0 0 0 0 0 0 0 0 0 0 8 0 
16586 0 0 0 0 0 0 0 0 0 0 0 8 0 
16636 0 0 0 0 0 0 0 0 0 0 0 8 0 
16686 0 0 0 0 0 0 0 0 0 0 0 8 0 
16736 0 0 0 0 0 0 0 0 0 0 0 8 0 
16787 0 0 0 0 0 0 0 0 0 0 0 8 0 
16837 0 0 0 0 0 0 0 0 0 0 0 8 0 
16889 0 0 0 0 0 0 0 0 0 0 0 8 0 
16939 0 0 0 0 0 0 0 0 0 0 0 8 0 
16990 0 0 0 0 0 0 0 0 0 0 0 8 0 
17040 0 0 0 0 0 0 0 0 0 0 0 8 0 
17090 0 0 0 0 0 0 0 0 0 0 0 8 0 
17141 0 0 0 0 0 0 0 0 0 0 0 8 0 
17191 0 0 0 0 0 0 0 0 0 0 0 8 0 
17241 0 0 0 0 0 0 0 0 0 0 0 8 0 
17293 0 0 0 0 0 0 0 0 0 0 0 8 0 
17344 0 0 0 0 0 0 0 0 0 0 0 8 0 
17394 0 0 0 0 0 0 0 0 0 0 0 8 0 
17445 0 0 0 0 0 0 0 0 0 0 0 8 0 
17495 0 0 0 0 0 0 0 0 0 0 0 8 0 
17545 0 0 0 0 0 0 0 0 0 0 0 8 0 
17595 0 0 0 0 0 0 0 0 0 0 0 8 0 
17646 0 0 0 0 0 0 0 0 0 0 0 8 0 
17696 0 0 0 0 0 0 0 0 0 0 0 8 0 
17746 0 0 0 0 0 0 0 0 0 0 0 8 0 
17796 0 0 0 0 0 0 0 0 0 0 0 8 0 
17847 0 0 0 0 0 0 0 0 0 0 0 8 0 
17897 0 0 0 0 0 0 0 0 0 0 0 8 0 
17947 0 0 0 0 0 0 0 0 0 0 0 8 0 
17997 0 0 0 0 0 0 0 0 0 0 0 8 0 
18048 0 0 0 0 0 0 0 0 0 0 0 8 0 
18098 0 0 0 0 0 0 0 0 0 0 0 8 0 
18149 0 0 0 0 0 0 0 0 0 0 0 8 0 
18199 0 0 0 0 0 0 0 0 0 0 0 8 0 
18249 0 0 0 0 0 0 0 0 0 0 0 8 0 
18299 0 0 0 0 0 0 0 0 0 0 0 8 0 
18350 0 0 0 0 0 0 0 0 0 0 0 8 0 
18400 0 0 0 0 0 0 0 0 0 0 0 8 0 
18450 0 0 0 0 0 0 0 0 0 0 0 8 0 
18500 0 0 0 0 0 0 0 0 0 0 0 8 0 
18550 0 0 0 0 0 0 0 0 0 0 0 8 0 
18600 0 0 0 0 0 0 0 0 0 0 0 8 0 
18651 0 0 0 0 0 0 0 0 0 0 0 8 0 
18701 0 0 0 0 0 0 0 0 0 0 0 8 0 
18751 0 0 0 0 0 0 0 0 0 0 0 8 0 
18801 0 0 0 0 0 0 0 0 0 0 0 8 0 
18851 0 0 0 0 0 0 0 0 0 0 0 8 0 
18901 0 0 0 0 0 0 0 0 0 0 0 8 0 
18951 0 0 0 0 0 0 0 0 0 0 0 8 0 
19001 0 0 0 0 0 0 0 0 0 0 0 8 0 
19051 0 0 0 0 0 0 0 0 0 0 0 8 0 
19101 0 0 0 0 0 0 0 0 0 0 0 8 0 
19151 0 0 0 0 0 0 0 0 0 0 0 8 0 
19201 0 0 0 0 0 0 0 0 0 0 0 8 0 
19252 0 0 0 0 0 0 0 0 0 0 0 8 0 
19302 0 0 0 0 0 0 0 0 0 0 0 8 0 
19352 0 0 0 0 0 0 0 0 0 0 0 8 0 
19402 0 0 0 0 0 0 0 0 0 0 0 8 0 
19452 0 0 0 0 0 0 0 0 0 0 0 8 0 
19502 0 0 0 0 0 0 0 0 0 0 0 8 0 
19552 0 0 0 0 0 0 0 0 0 0 0 8 0 
19605 0 0 0 0 0 0 0 0 0 0 0 8 0 
19655 0 0 0 0 0 0 0 0 0 0 0 8 0 
19705 0 0 0 0 0 0 0 0 0 0 0 8 0 
19756 0 0 0 0 0 0 0 0 0 0 0 8 0 
19809 0 0 0 0 0 0 0 0 0 0 0 8 0 
19860 0 0 0 0 0 0 0 0 0 0 0 8 0 
19910 0 0 0 0 0 0 0 0 0 0 0 8 0 
19960 0 0 0 0 0 0 0 0 0 0 0 8 0 
20011 0 0 0 0 0 0 0 0 0 0 0 8 0 
20061 0 0 0 0 0 0 0 0 0 0 0 8 0 
20111 0 0 0 0 0 0 0 0 0 0 0 8 0 
20161 0 0 0 0 0 0 0 0 0 0 0 8 0 
20211 0 0 0 0 0 0 0 0 0 0 0 8 0 
20261 0 0 0 0 0 0 0 0 0 0 0 8 0 
20312 0 0 0 0 0 0 0 0 0 0 0 8 0 
20362 0 0 0 0 0 0 0 0 0 0 0 8 0 
20412 0 0 0 0 0 0 0 0 0 0 0 8 0 
20462 0 0 0 0 0 0 0 0 0 0 0 8 0 
20512 0 0 0 0 0 0 0 0 0 0 0 8 0 
20564 0 0 0 0 0 0 0 0 0 0 0 8 0 
20614 0 0 0 0 0 0 0 0 0 0 0 8 0 
20664 0 0 0 0 0 0 0 0 0 0 0 8 0 
20717 0 0 0 0 0 0 0 0 0 0 0 8 0 
20767 0 0 0 0 0 0 0 0 0 0 0 8 0 
20817 0 0 0 0 0 0 0 0 0 0 0 8 0 
