-838860799 31474 3897 -1536 -1281 511 256 256 0 0 0 0 0 0 -256 -14322 32249 4665 -1024 255 256 256 0 0 0 0 0 0 0 -256 3598 32556 2617 1792 -768 511 256 256 0 0 0 0 0 0 -256 -13298 -24262 5433 -1024 767 256 
256 0 0 0 0 0 0 -256 23566 -23485 313 4096 -256 511 0 256 0 0 0 0 0 0 -256 -19442 -14551 -199 
33550592 0 256 0 0 0 0 0 0 -256 -22002 -13615 -3015 2815 -256 511 0 0 0 0 0 0 0 0 -256 -32242 -3943 -3783 -1025 -513 511 0 256 0 0 0 0 0 0 -256 22542 -3635 -4295 -2817 3071 256 256 256 0 0 0 
0 0 -256 -20466 4999 -4038 767 -1280 511 256 0 0 0 0 0 0 0 -256 17422 14851 -4550 -513 511 512 0 256 0 0 0 0 0 0 -256 29198 24693 314 -2560 3583 256 256 0 0 0 0 0 0 0 -256 -28146 25946 5178 
-67107584 511 256 0 0 0 0 0 0 0 -256 31246 26255 4666 2560 -1024 511 256 0 0 0 0 0 0 0 -256 14862 -31135 4922 512 -1792 255 256 0 0 0 0 0 0 0 -256 12302 -29724 826 -512 -769 511 256 0 0 0 
0 0 0 -256 -8178 -21281 4154 2048 -1792 255 256 0 0 0 0 0 0 0 -256 -16370 -19884 -2758 2047 -2048 255 0 0 0 0 0 0 0 0 -256 -13298 -11559 1594 -1024 -1 255 0 0 0 0 0 0 0 0 -256 -28146 199 
-16777413 255 256 0 0 0 0 0 0 0 0 -256 -32242 8060 -4549 255 -256 767 0 256 0 0 0 0 0 0 -256 -3058 9946 4923 -1536 -257 511 0 256 0 0 0 0 0 0 -256 6158 10262 5947 768 -256 511 0 256 0 
0 0 0 0 -256 -4082 17933 -3525 -3329 2559 256 0 256 0 0 0 0 0 0 -256 30222 19821 4155 2048 -1280 255 0 256 0 0 0 0 0 0 -256 28174 27646 59 1792 256 256 256 256 0 0 0 0 0 0 -256 5134 
154891105 256 -1280 511 0 0 0 0 0 0 0 0 -256 -28146 -28162 6203 -1024 511 256 256 0 0 0 0 0 0 0 -256 -29682 -18275 4923 -1536 -769 255 256 0 0 0 0 0 0 0 -256 -19954 -15795 -3781 -2305 -1281 511 256 0 
0 0 0 0 0 -256 -6130 -8453 1339 2560 -2304 511 256 0 0 0 0 0 0 0 -256 8718 -6096 -1733 3583 -2304 511 256 256 0 0 0 0 0 0 -256 -20466 1255 60 -5120 3071 256 256 0 0 0 0 0 0 0 -256 
245214222 3388 1024 -512 511 256 0 0 0 0 0 0 0 -256 -8690 11072 -3268 -1 2047 256 256 0 0 0 0 0 0 0 -256 21518 13571 3644 -2048 255 256 0 256 0 0 0 0 0 0 -256 21006 20896 -4292 4351 1024 512 256 
256 0 0 0 0 0 -256 19982 30588 316 -2304 1535 0 256 256 0 0 0 0 0 0 -256 20494 -31815 -3012 -1281 -257 511 0 256 0 0 0 0 0 0 -256 -11762 -25066 3388 -1536 -257 511 0 256 0 0 0 0 0 0 
-1106313472 -22117 -4548 5119 -768 511 256 256 0 0 0 0 0 0 -256 526 -15385 4156 -1536 -1793 511 0 256 0 0 0 0 0 0 -256 10766 -12280 60 2816 -2560 511 0 256 0 0 0 0 0 0 -256 21518 -5451 -196 255 2048 256 
16777216 0 0 0 0 0 0 -256 -13810 -2478 3644 512 -256 511 0 256 0 0 0 0 0 0 -256 14862 4246 -1987 6399 768 256 256 0 0 0 0 0 0 0 -256 4110 14068 -2499 1791 256 0 256 0 0 0 0 0 0 
-16777216 -4082 17639 -707 4607 2560 256 256 0 0 0 0 0 0 0 -256 1550 23879 -195 -1281 2047 256 256 256 0 0 0 0 0 0 -256 19470 27335 -1731 1023 1024 0 512 0 0 0 0 0 0 0 -256 28174 -31834 2877 -1792 -1537 
16777471 0 0 0 0 0 0 0 -256 14350 -28417 -3267 3071 1792 0 512 0 0 0 0 0 256 0 -256 -29682 -22031 3133 -2560 -769 511 256 256 0 0 0 0 0 0 -256 -30194 -18610 2365 1536 -2048 511 256 256 0 0 0 0 
0 -256 -14834 -12339 829 -4352 1791 0 256 0 0 0 0 0 0 0 -256 29710 -2536 -1987 3327 -2816 511 256 256 0 0 0 0 0 0 -256 -32242 1521 830 -2048 2047 256 256 256 0 0 0 0 0 0 -256 7182 7296 -1730 5631 
16779264 256 256 0 0 0 0 0 0 -256 27662 11341 -962 2047 512 256 0 256 0 0 0 0 0 0 -256 -9714 17114 -3266 1023 2304 256 0 256 0 0 0 0 0 0 -256 -12786 21190 -4546 5887 2304 0 256 256 0 0 0 
0 0 -256 16910 26813 -1986 3327 -1280 255 0 256 0 0 0 0 0 0 -256 -31218 31031 -1986 3071 2304 256 256 0 0 0 0 0 0 0 -256 3598 -28879 4414 -4608 1279 256 256 0 0 0 0 0 0 0 -256 -9202 -19047 5182 
-184555520 255 256 0 0 0 0 0 0 0 -256 17422 -14523 5438 -5376 -1 255 256 0 0 0 0 0 0 0 -256 -17906 -9350 318 2048 -1792 511 512 0 0 0 0 0 256 0 -256 -9714 -4672 830 2304 -2560 511 512 0 0 0 
0 256 0 -256 -24050 509 -193 1279 512 256 512 0 0 0 0 0 0 0 -256 -26610 5070 63 1792 -768 511 256 0 0 0 0 0 0 0 -256 -15346 10225 -3265 6143 -3328 511 256 0 0 0 0 0 0 0 -256 -2546 14956 
419426879 -3072 511 256 0 0 0 0 0 0 0 -256 32270 19983 -6337 511 0 256 0 0 0 0 0 0 0 0 -256 1550 29760 -705 -1281 1535 256 0 256 0 0 0 0 0 0 -256 27662 -30467 3135 -2304 1535 256 0 256 0 
0 0 0 0 -256 7182 -25912 3135 -2048 2047 256 0 256 0 0 0 0 0 0 -256 13326 -20709 4927 -3072 767 256 256 256 0 0 0 0 0 0 -256 10766 -16173 4927 -2048 2559 256 256 256 0 0 0 0 0 0 -256 9230 
322950414 0 -768 255 512 0 0 0 0 0 256 0 -256 -32242 -6439 4927 512 -1024 255 512 0 0 0 0 0 0 0 -256 -16882 -1097 -1985 3071 -1280 511 256 256 0 0 0 0 0 0 -256 9742 3427 -2240 3327 0 256 256 256 
0 0 0 0 0 -256 23566 13294 -5056 2303 -256 511 256 0 0 0 0 0 0 0 -256 -8178 18929 -4288 -1793 2047 256 256 0 0 0 0 0 0 0 -256 21518 23119 -3520 -513 2559 256 256 256 0 0 0 0 0 0 -256 
1884506126 2880 -1024 3583 0 0 256 0 0 0 0 0 256 -256 9742 -32721 -2240 -1 1023 256 0 256 0 0 0 0 0 0 -256 -18418 -26933 4672 768 768 256 0 256 0 0 0 0 0 0 -256 -12274 -22855 2368 -3584 4863 0 0 
256 0 0 0 0 256 -256 -23026 -17197 2880 -1792 -1025 255 0 256 0 0 0 0 0 0 -256 -10738 -13155 5696 4352 -512 255 256 256 0 0 0 0 0 0 -256 24078 -3278 3392 -2304 -257 511 0 0 0 0 0 0 0 0 
638516992 6455 1089 4096 -512 511 256 0 0 0 0 0 0 0 -256 -31218 6914 -2495 -5121 -769 511 256 256 0 0 0 0 0 0 -256 -8178 12834 -1215 2047 2816 256 512 256 0 0 0 0 256 0 -256 -6130 22546 -1215 -1281 3583 256 
256 0 0 0 0 0 0 -256 4110 22852 2113 -512 2303 256 256 256 0 0 0 0 0 0 -256 10254 26105 -3519 -1537 2047 256 256 0 0 0 0 0 0 0 -256 32270 32398 2625 2048 -2304 511 256 0 0 0 0 0 0 
-16777216 -29170 -29672 -3263 1791 -1536 511 256 0 0 0 0 0 0 0 -256 17422 -12878 -3263 -2817 1791 256 0 256 0 0 0 0 0 0 -256 32270 -12572 -1983 767 1024 256 0 0 0 0 0 0 0 0 -256 14862 -3192 -6847 3327 512 
16777472 256 0 0 0 0 0 0 -256 29198 -2886 -5055 -513 -1537 511 256 256 0 0 0 0 0 0 -256 12814 -367 5697 -3584 255 256 256 256 0 0 0 0 0 0 -256 -1010 6665 -6334 5631 2304 256 0 256 0 0 0 0 
0 -256 -13298 9482 1090 -4352 2303 256 0 0 0 0 0 0 0 0 -256 -30194 19292 -3518 -513 1791 256 256 0 0 0 0 0 0 0 -256 2574 19755 -6078 4607 0 512 256 0 0 0 0 0 0 0 -256 -26098 29068 -5054 5119 
33552384 0 256 0 0 0 0 0 0 -256 18958 -29013 -702 2303 768 256 256 0 0 0 0 0 0 0 -256 23054 -26649 2882 0 -4096 511 256 512 0 0 0 0 0 0 -256 -11250 -19124 -7614 5119 2048 256 256 0 0 0 0 
0 0 -256 29198 -16922 2370 -2816 -513 511 256 256 0 0 0 0 0 0 -256 24590 -9361 -3518 -2561 -4865 255 0 256 0 0 0 0 0 0 -256 14862 -7014 2114 -2560 -513 511 256 256 0 0 0 0 0 0 -256 -4594 515 323 
-2560 511 256 256 0 0 0 0 0 0 -256 16910 2700 -6077 1535 3840 256 256 0 0 0 0 0 0 0 -256 -5106 12465 -5565 3071 768 256 0 256 0 0 0 0 0 0 -256 -1010 20604 -4541 2303 -2560 511 256 256 0 0 
0 0 0 -256 14862 22311 1347 -1024 1279 256 256 0 0 0 0 0 0 0 -256 -11250 30451 -2749 -1281 1279 0 256 0 0 0 0 0 0 0 -256 -17906 32023 3651 1280 -256 511 256 256 0 0 0 0 0 0 -256 25102 -25358 
-100660925 255 256 256 0 0 0 0 0 0 0 -256 22542 -23796 323 1536 -3328 511 256 256 0 0 0 0 0 0 -256 10766 -15500 5443 -3328 1279 256 512 0 0 0 0 0 0 0 -256 9742 -13939 -5821 2559 -256 511 256 256 0 
0 0 0 0 -256 9230 -4089 -3261 1279 -1536 255 256 256 0 0 0 0 0 0 -256 1038 4708 -4540 1535 1792 256 0 0 0 0 0 0 0 0 -256 17422 5639 2116 1024 2560 256 256 0 0 0 0 0 0 0 -256 -18418 
205797450 -512 6399 256 256 0 0 0 0 0 0 0 -256 23566 15494 4676 256 -1280 511 256 0 0 0 0 0 0 0 -256 -32754 24220 6212 -1024 -1025 511 256 0 0 0 0 0 0 0 -256 -4082 25143 1092 -1280 -2561 255 0 256 
0 0 0 0 0 -256 -19954 -31460 580 -2560 -513 255 0 0 0 0 0 0 0 0 -256 -7154 -30509 -2236 255 768 256 0 0 0 0 0 0 0 0 -256 3598 -20784 -700 1791 -768 511 0 256 0 0 0 0 0 0 -256 
-745978354 -700 -1025 2047 256 256 0 0 0 0 0 0 0 -256 12302 -10922 3396 1792 512 256 256 256 0 0 0 0 0 0 -256 -30194 -1577 1860 -1792 -2305 511 256 0 0 0 0 0 0 0 -256 2574 -1117 1092 1536 -2048 511 256 
256 0 0 0 0 0 -256 1038 8261 -3003 1023 -2048 511 256 0 0 0 0 0 0 0 -256 25614 8720 -4539 -4097 -1281 511 0 256 0 0 0 0 0 0 -256 3086 18100 -1979 2815 -768 511 0 0 0 0 0 0 0 0 
-1945174272 18562 -3259 -1281 255 256 -256 255 0 0 0 0 0 0 -256 -21490 28223 -1467 1791 2816 256 0 0 0 0 0 0 0 0 -256 -6642 -27523 3653 3840 -1024 255 256 0 0 0 0 0 0 0 -256 -11250 -27218 2373 -1536 -1 255 
16777472 0 0 0 0 0 0 -256 -27122 -17760 2629 -512 -1537 511 256 256 0 0 0 0 0 0 -256 -7154 -17454 1861 768 -1280 255 256 256 0 0 0 0 0 0 -256 -19954 -8021 -1467 -3329 -1793 511 0 0 0 0 0 0 0 
-16777216 -32242 -7713 -1211 -3329 -513 511 256 256 0 0 0 0 0 0 -256 3598 1777 -2746 255 -1280 511 256 256 0 0 0 0 0 0 -256 31246 2085 -2234 -769 767 256 256 256 0 0 0 0 0 0 -256 -24562 11590 -1210 3071 256 
16777472 0 0 0 0 0 0 0 -256 26638 21423 -1210 -257 3327 256 256 0 0 0 0 0 0 0 -256 -30706 22351 582 -512 2047 0 0 0 0 0 0 0 0 0 -256 -32754 31249 -1466 5375 0 0 0 256 0 0 0 0 
0 -256 11278 32017 3398 -256 -1537 511 256 256 0 0 0 0 0 0 -256 -11250 -24490 4422 -768 -1793 511 0 256 0 0 0 0 0 0 -256 2574 -23722 1606 -6656 -769 511 0 0 0 0 0 0 0 0 -256 7694 -14837 1862 -3328 
16775423 0 0 0 0 0 0 0 0 -256 2574 -13897 -2234 255 256 256 0 256 0 0 0 0 0 0 -256 -15858 -5003 -954 -513 -1281 511 0 256 0 0 0 0 0 0 -256 -16370 4821 -697 -2305 1535 0 256 0 0 0 0 
0 0 -256 10254 14645 -3513 4607 -2560 511 256 256 0 0 0 0 0 0 -256 21518 16196 2887 -3840 511 256 0 256 0 0 0 0 0 0 -256 26638 16501 2375 -512 -2305 511 256 256 0 0 0 0 0 0 -256 12302 24457 -5817 
-67103745 767 256 0 0 0 0 0 0 0 -256 3598 26017 3399 -1536 -769 511 0 256 0 0 0 0 0 0 -256 23566 -31249 1351 -2304 767 0 0 256 0 0 0 0 0 0 -256 -11762 -29851 583 -6144 -2817 511 0 0 0 0 
0 0 0 -256 8206 -21582 2375 0 -1792 511 256 256 0 0 0 0 0 0 -256 9230 -11741 71 -5632 -1 767 0 0 0 0 0 0 0 0 -256 19982 -1913 839 0 256 0 256 0 0 0 0 0 0 0 -256 26638 115 
218101320 1280 0 256 0 0 0 0 0 0 0 -256 -30194 424 -3768 -2049 -3585 511 0 256 0 0 0 0 0 0 -256 -16370 7899 -1976 4351 512 0 256 0 0 0 0 0 0 0 -256 14 10079 2888 -2048 -513 255 0 256 0 
0 0 0 0 -256 5646 17568 -2488 5631 -1280 255 256 0 0 0 0 0 0 0 -256 -27122 19782 7496 -2304 -1281 511 256 0 0 0 0 0 0 0 -256 -13810 27449 -1720 -2561 -257 511 256 512 0 0 0 0 0 256 -256 -5618 
206082461 -2304 -3329 511 0 512 0 0 0 0 0 256 -256 26638 -25621 -5048 3071 1536 256 0 0 0 0 0 0 0 0 -256 10254 -18452 5192 0 -256 511 0 0 0 0 0 0 0 0 -256 -24050 -15790 -3512 -769 -2305 511 0 256 
0 0 0 0 0 -256 -2546 -8720 -1720 -1 1535 512 0 0 0 0 0 0 0 0 -256 18958 -6060 3144 512 0 256 0 256 0 0 0 0 0 0 -256 -6130 1005 -4791 1279 768 256 0 0 0 0 0 0 0 0 -256 
249426958 5961 2560 -1536 511 256 256 0 0 0 0 0 0 -256 17422 10876 -4791 -1025 511 256 256 0 0 0 0 0 0 0 -256 -1010 20694 2633 0 -2048 511 256 256 0 0 0 0 0 0 -256 -25074 23972 -3767 2047 -1280 511 256 
256 0 0 0 0 0 -256 -29170 30387 4937 3584 -512 255 256 256 0 0 0 0 256 0 -256 29710 -31831 841 3328 1024 0 256 256 0 0 0 0 0 0 -256 14862 -25410 73 1280 -1280 511 256 256 0 0 0 0 0 0 
-1643184384 -15551 -2231 2047 1792 256 256 256 0 0 0 0 0 0 -256 -28658 -12278 1353 512 256 256 256 256 0 0 0 0 0 0 -256 -12274 -11972 -951 2303 -1792 511 256 256 0 0 0 0 0 0 -256 -8178 -5681 -3255 767 256 256 
16777472 0 0 0 0 0 0 -256 8206 4076 2122 -3840 2815 0 256 256 0 0 0 0 0 0 -256 -20466 8008 -2998 
16777984 256 256 0 0 0 0 0 0 -256 14862 13790 2634 3584 -2816 255 256 256 0 0 0 0 0 0 -256 13326 17715 3402 -3072 1023 0 256 0 0 0 0 0 0 0 -256 29710 23671 -694 1791 -512 511 256 0 0 0 0 
0 0 -256 15374 27604 2122 -1024 -769 255 0 0 0 0 0 0 0 0 -256 -11762 -32131 -2486 -3841 1023 256 256 0 0 0 0 0 0 0 -256 -26610 -28187 -2230 1535 -1280 767 256 0 0 0 0 0 0 0 -256 1550 -22363 -5046 
-117436417 511 256 0 0 0 0 256 0 0 -256 18958 -12518 -3254 1023 1536 256 0 0 0 0 0 0 0 0 -256 -25074 -7998 -3254 2559 768 256 256 0 0 0 0 0 0 0 -256 -22514 -2709 3146 -256 1279 256 256 0 0 0 
0 0 0 -256 -12786 1819 1611 2816 1024 256 0 0 0 0 0 0 0 0 -256 8718 6960 3403 1024 1536 256 0 0 0 0 0 0 0 0 -256 -29682 11538 3915 1024 256 512 0 256 0 0 0 256 0 0 -256 4622 16876 
-117438389 767 512 0 0 0 0 0 256 0 0 -256 19470 21411 1611 -1536 -1 767 -256 255 0 0 0 0 0 0 -256 -11250 26583 -1205 -2817 -1025 511 0 256 0 0 0 0 0 0 -256 -7666 -29189 -6069 511 1024 0 0 256 0 
0 0 0 0 -256 25102 -24151 -4277 -513 1535 0 256 256 0 0 0 0 0 0 -256 28174 -19326 -2741 767 1024 0 256 256 0 0 0 0 0 0 -256 -3058 -14341 -3509 6911 256 0 256 256 0 0 0 0 0 0 -256 -21490 
-129246589 6143 -768 255 256 256 0 0 0 0 0 0 -256 17934 -4429 3403 2304 512 256 256 0 0 0 0 0 0 0 -256 24590 274 3148 1792 1280 256 256 -256 255 0 0 0 0 0 -256 19982 10008 4684 2304 -3072 511 256 256 
0 0 0 0 0 -256 -26098 10466 2636 -4352 -1025 511 256 -256 255 0 0 0 0 0 -256 -30194 19902 1612 -1280 -1 767 0 0 0 0 0 256 0 0 -256 29198 25413 -4276 767 -256 511 256 0 0 0 0 256 0 0 -256 
-1981689330 -7604 1023 -512 511 0 256 0 0 0 0 0 0 -256 10766 -26179 -7092 -2049 3583 256 256 0 0 0 0 0 0 0 -256 -10738 -25716 -5556 2559 768 256 256 0 0 0 0 0 0 0 -256 -14322 -20524 -3764 2815 2816 256 0 
0 0 0 0 0 0 -256 -6642 -16275 -4020 6143 1792 0 256 256 0 0 0 0 0 0 -256 20494 -10651 1612 0 256 0 0 256 0 0 0 0 0 0 -256 1038 -6571 3660 5120 512 0 256 512 0 0 0 0 0 256 
336527104 3318 6989 256 -2048 511 256 256 0 0 0 0 0 0 -256 -25586 9469 -4787 -3329 2047 0 512 0 0 0 0 0 256 0 -256 -2546 13053 3661 -256 -257 511 256 0 0 0 0 0 0 0 -256 -19954 19333 -6067 1791 768 256 
256 0 0 0 0 0 0 -256 21006 22774 -4275 -4097 3071 256 256 0 0 0 0 0 0 0 -256 -13810 29061 -2995 1023 1280 256 256 0 0 0 0 0 0 0 -256 -16370 32672 -4531 2303 -512 511 256 -256 255 0 0 0 0 
-16777216 -1522 -26608 2893 -2560 511 256 0 0 0 0 0 0 0 0 -256 14 -23157 -3507 767 0 256 256 0 0 0 0 0 0 0 -256 -24050 -13278 2125 -3840 1279 256 0 256 0 0 0 0 0 0 -256 -16882 -6514 -1459 4351 2816 
0 0 0 0 0 0 0 0 -256 23566 -3548 2125 1536 -1536 255 256 256 0 0 0 0 0 256 -256 8206 3335 -3250 1023 -1280 255 0 256 0 0 0 0 0 0 -256 16910 6297 -2994 3583 -1280 255 0 256 0 0 0 0 
0 -256 7694 13033 -2226 2303 256 0 0 256 0 0 0 0 0 0 -256 32270 15994 -178 4351 -2048 255 256 256 0 0 0 0 0 0 -256 -23538 22872 590 4352 -2560 511 256 256 0 0 0 256 0 0 -256 5134 25871 -178 -2305 
33554175 0 0 0 0 0 0 0 0 -256 -19954 -29925 590 -4608 511 256 0 0 0 0 0 0 0 0 -256 526 -22429 -3506 -1025 -1537 255 256 0 0 0 0 0 0 0 -256 -16370 -20089 1358 -4608 1279 256 256 0 0 0 0 
0 0 -256 -20466 -12675 -3250 3327 1024 256 0 256 0 0 0 0 0 0 -256 9742 -10301 -3762 4095 512 256 256 0 0 0 0 0 0 0 -256 4110 -2940 2126 5632 1536 256 256 0 0 0 0 0 0 0 -256 32270 -592 -2738 
-83880705 511 0 256 0 0 0 0 0 0 -256 -8690 9317 -2993 5119 512 256 256 256 0 0 0 0 0 0 -256 24078 9780 335 -256 1535 0 0 512 0 0 0 0 0 256 -256 16910 19052 -177 -1025 -3585 511 256 0 0 0 
0 0 0 -256 4622 27060 -1969 4095 -768 767 0 256 0 0 0 256 0 0 -256 2574 -28776 -1713 -3585 -4865 511 0 0 0 0 0 0 0 0 -256 21006 -28469 1359 1280 1024 256 0 256 0 0 0 0 0 0 -256 -9714 -26919 
100663631 0 0 256 0 0 0 0 0 0 0 -256 -20466 -18886 79 1536 -4352 255 256 0 0 0 0 0 0 0 -256 -4082 -17180 335 2048 -768 511 0 256 0 0 0 0 0 0 -256 14350 -7334 1359 3840 -1024 511 256 0 0 
0 0 0 0 -256 30734 2397 -432 -3585 -1537 511 256 0 0 0 0 0 0 0 -256 -27122 11048 1360 -2560 1791 0 256 256 0 0 0 0 0 0 -256 -4082 11359 80 -3840 1535 256 256 0 0 0 0 0 0 0 -256 -2546 
-162516998 -1793 -1025 511 256 256 0 0 0 0 0 0 -256 30222 20897 1872 4352 -2304 255 256 256 0 0 0 0 0 0 -256 19470 21980 -688 4863 -1536 255 256 256 0 0 0 0 0 0 -256 28174 30797 -1200 767 -4096 511 256 256 
0 0 0 0 0 -256 23054 31719 -1712 -3841 2559 0 256 256 0 0 0 0 0 0 -256 29198 -25041 -2736 -1025 -1537 255 256 256 0 0 0 0 0 0 -256 -26610 -14236 -432 5119 -3328 767 0 256 0 0 0 256 0 0 -256 
-912862706 -432 7679 0 256 0 256 0 0 0 0 0 0 -256 -25586 -4763 80 8704 -1792 255 0 0 0 0 0 0 0 0 -256 -12274 -4305 2640 -5120 -513 255 256 0 0 0 0 0 0 0 -256 -25586 5062 1105 3328 -2048 255 256 
0 0 0 0 0 0 -256 24590 5522 -943 1279 -768 255 0 0 0 0 0 0 0 0 -256 -16882 14731 -943 -769 -2049 255 0 256 0 0 0 0 0 0 -256 -19442 15192 -687 -3073 -769 511 256 256 0 0 0 0 0 0 
101646080 24550 -2735 255 -4608 511 256 0 0 0 0 0 0 0 -256 -8690 25009 -431 -2561 1535 256 256 256 0 0 0 0 0 0 -256 23566 -30814 -1711 511 -1536 767 256 256 0 0 0 0 256 0 -256 -25586 -21008 -2223 -1537 511 256 
0 0 0 0 0 0 0 -256 29198 -20700 -2223 4351 3840 256 256 0 0 0 0 0 0 0 -256 -32754 -11186 -431 4863 -3328 255 0 256 0 0 0 0 0 0 -256 -16370 -10880 3409 0 2048 0 0 0 0 0 0 0 0 
-16777216 -27634 -1083 -1455 4095 -1280 511 0 256 0 0 0 0 0 0 -256 -19954 8270 850 -512 -1793 255 256 256 0 0 0 0 0 0 -256 -9714 8731 -2990 -769 -1 511 0 0 0 0 0 0 0 0 -256 11790 18069 -2478 511 -1792 
255 0 0 0 0 0 0 0 -256 -29170 18528 1618 -5376 3071 256 0 256 0 0 0 0 0 0 -256 -5106 27912 594 -3328 511 256 0 0 0 0 0 0 0 0 -256 26126 28850 -1198 -3585 2047 256 0 256 0 0 0 0 
0 -256 -9202 -27813 -686 -2049 -769 255 256 256 0 0 0 0 0 0 -256 7694 -26869 -2478 5119 -1280 255 256 256 0 0 0 0 0 0 -256 -10738 -17979 -5038 5375 0 256 256 0 0 0 0 256 0 0 -256 -4594 -17060 594 3072 
33552384 256 0 0 0 0 0 0 0 -256 -11250 -8188 1618 -256 2559 256 256 0 0 0 0 0 0 0 -256 5134 -7256 2130 1280 -1792 255 256 256 0 0 0 0 0 0 -256 -15858 1623 339 7168 -3328 255 256 0 0 0 0 
0 0 -256 -24050 11445 -2989 -769 -2049 511 256 0 0 0 0 0 0 0 -256 -22514 12845 83 512 -1792 511 256 0 0 0 0 0 0 0 -256 -26098 21240 595 -1792 -1537 255 256 0 0 0 0 0 0 0 -256 20494 28530 29287 
1914727777 29797 29301 8302 24950 30060 14949 12320 12408 12336 12336 12336 8240 12328 3369 20490 28530 29287 28001 25888 25976 30051 26996 28271 29728 28527 14955 12576 13621 13623 27952 3443 3338 15626 8254 