2000041 1 2 3 4 5 6 7 8 9 10 11 12 13 
2000091 1 2 3 4 5 6 7 8 9 10 11 12 13 
2000141 1 2 3 4 5 6 7 8 9 10 11 12 13 
2000191 1 2 3 4 5 6 7 8 9 10 11 12 13 
2000241 1 2 3 4 5 6 7 8 9 10 11 12 13 
2000291 1 2 3 4 5 6 7 8 9 10 11 12 13 
2000341 1 2 3 4 5 6 7 8 9 10 11 12 13 
2000392 1 2 3 4 5 6 7 8 9 10 11 12 13 
2000442 1 2 3 4 5 6 7 8 9 10 11 12 13 
2000492 1 2 3 4 5 6 7 8 9 10 11 12 13 
2000542 1 2 3 4 5 6 7 8 9 10 11 12 13 
2000592 1 2 3 4 5 6 7 8 9 10 11 12 13 
2000642 1 2 3 4 5 6 7 8 9 10 11 12 13 
2000692 1 2 3 4 5 6 7 8 9 10 11 12 13 
2000742 1 2 3 4 5 6 7 8 9 10 11 12 13 
2000792 1 2 3 4 5 6 7 8 9 10 11 12 13 
2000843 1 2 3 4 5 6 7 8 9 10 11 12 13 
2000893 1 2 3 4 5 6 7 8 9 10 11 12 13 
2000943 1 2 3 4 5 6 7 8 9 10 11 12 13 
2000993 1 2 3 4 5 6 7 8 9 10 11 12 13 
2001043 1 2 3 4 5 6 7 8 9 10 11 12 13 
2001093 1 2 3 4 5 6 7 8 9 10 11 12 13 
2001143 1 2 3 4 5 6 7 8 9 10 11 12 13 
2001193 1 2 3 4 5 6 7 8 9 10 11 12 13 
2001243 1 2 3 4 5 6 7 8 9 10 11 12 13 
2001293 1 2 3 4 5 6 7 8 9 10 11 12 13 
2001344 1 2 3 4 5 6 7 8 9 10 11 12 13 
2001394 1 2 3 4 5 6 7 8 9 10 11 12 13 
2001444 1 2 3 4 5 6 7 8 9 10 11 12 13 
2001494 1 2 3 4 5 6 7 8 9 10 11 12 13 
2001544 1 2 3 4 5 6 7 8 9 10 11 12 13 
2001594 1 2 3 4 5 6 7 8 9 10 11 12 13 
2001644 1 2 3 4 5 6 7 8 9 10 11 12 13 
2001694 1 2 3 4 5 6 7 8 9 10 11 12 13 
2001744 1 2 3 4 5 6 7 8 9 10 11 12 13 
2001794 1 2 3 4 5 6 7 8 9 10 11 12 13 
2001845 1 2 3 4 5 6 7 8 9 10 11 12 13 
2001895 1 2 3 4 5 6 7 8 9 10 11 12 13 
2001945 1 2 3 4 5 6 7 8 9 10 11 12 13 
2001995 1 2 3 4 5 6 7 8 9 10 11 12 13 
2002045 1 2 3 4 5 6 7 8 9 10 11 12 13 
2002095 1 2 3 4 5 6 7 8 9 10 11 12 13 
2002145 1 2 3 4 5 6 7 8 9 10 11 12 13 
2002195 1 2 3 4 5 6 7 8 9 10 11 12 13 
2002245 1 2 3 4 5 6 7 8 9 10 11 12 13 
2002295 1 2 3 4 5 6 7 8 9 10 11 12 13 
2002346 1 2 3 4 5 6 7 8 9 10 11 12 13 
2002396 1 2 3 4 5 6 7 8 9 10 11 12 13 
2002446 1 2 3 4 5 6 7 8 9 10 11 12 13 
2002496 1 2 3 4 5 6 7 8 9 10 11 12 13 
2002546 1 2 3 4 5 6 7 8 9 10 11 12 13 
2002596 1 2 3 4 5 6 7 8 9 10 11 12 13 
2002646 1 2 3 4 5 6 7 8 9 10 11 12 13 
2002696 1 2 3 4 5 6 7 8 9 10 11 12 13 
2002746 1 2 3 4 5 6 7 8 9 10 11 12 13 
2002796 1 2 3 4 5 6 7 8 9 10 11 12 13 
2002846 1 2 3 4 5 6 7 8 9 10 11 12 13 
2002896 1 2 3 4 5 6 7 8 9 10 11 12 13 
2002947 1 2 3 4 5 6 7 8 9 10 11 12 13 
2002997 1 2 3 4 5 6 7 8 9 10 11 12 13 
2003047 1 2 3 4 5 6 7 8 9 10 11 12 13 
2003097 1 2 3 4 5 6 7 8 9 10 11 12 13 
2003147 1 2 3 4 5 6 7 8 9 10 11 12 13 
2003197 1 2 3 4 5 6 7 8 9 10 11 12 13 
2003248 1 2 3 4 5 6 7 8 9 10 11 12 13 
2003298 1 2 3 4 5 6 7 8 9 10 11 12 13 
2003348 1 2 3 4 5 6 7 8 9 10 11 12 13 
2003398 1 2 3 4 5 6 7 8 9 10 11 12 13 
2003448 1 2 3 4 5 6 7 8 9 10 11 12 13 
2003498 1 2 3 4 5 6 7 8 9 10 11 12 13 
2003548 1 2 3 4 5 6 7 8 9 10 11 12 13 
2003598 1 2 3 4 5 6 7 8 9 10 11 12 13 
2003648 1 2 3 4 5 6 7 8 9 10 11 12 13 
2003698 1 2 3 4 5 6 7 8 9 10 11 12 13 
2003748 1 2 3 4 5 6 7 8 9 10 11 12 13 
2003799 1 2 3 4 5 6 7 8 9 10 11 12 13 
2003849 1 2 3 4 5 6 7 8 9 10 11 12 13 
2003899 1 2 3 4 5 6 7 8 9 10 11 12 13 
2003949 1 2 3 4 5 6 7 8 9 10 11 12 13 
2003999 1 2 3 4 5 6 7 8 9 10 11 12 13 
2004049 1 2 3 4 5 6 7 8 9 10 11 12 13 
2004099 1 2 3 4 5 6 7 8 9 10 11 12 13 
2004149 1 2 3 4 5 6 7 8 9 10 11 12 13 
2004199 1 2 3 4 5 6 7 8 9 10 11 12 13 
2004249 1 2 3 4 5 6 7 8 9 10 11 12 13 
2004300 1 2 3 4 5 6 7 8 9 10 11 12 13 
2004350 1 2 3 4 5 6 7 8 9 10 11 12 13 
2004400 1 2 3 4 5 6 7 8 9 10 11 12 13 
2004450 1 2 3 4 5 6 7 8 9 10 11 12 13 
2004500 1 2 3 4 5 6 7 8 9 10 11 12 13 
2004550 1 2 3 4 5 6 7 8 9 10 11 12 13 
2004600 1 2 3 4 5 6 7 8 9 10 11 12 13 
2004650 1 2 3 4 5 6 7 8 9 10 11 12 13 
2004700 1 2 3 4 5 6 7 8 9 10 11 12 13 
2004750 1 2 3 4 5 6 7 8 9 10 11 12 13 
2004800 1 2 3 4 5 6 7 8 9 10 11 12 13 
2004851 1 2 3 4 5 6 7 8 9 10 11 12 13 
2004901 1 2 3 4 5 6 7 8 9 10 11 12 13 
2004951 1 2 3 4 5 6 7 8 9 10 11 12 13 
2005001 1 2 3 4 5 6 7 8 9 10 11 12 13 
2005051 1 2 3 4 5 6 7 8 9 10 11 12 13 
2005101 1 2 3 4 5 6 7 8 9 10 11 12 13 
2005151 1 2 3 4 5 6 7 8 9 10 11 12 13 
2005201 1 2 3 4 5 6 7 8 9 10 11 12 13 
2005251 1 2 3 4 5 6 7 8 9 10 11 12 13 
2005301 1 2 3 4 5 6 7 8 9 10 11 12 13 
2005352 1 2 3 4 5 6 7 8 9 10 11 12 13 
2005402 1 2 3 4 5 6 7 8 9 10 11 12 13 
2005452 1 2 3 4 5 6 7 8 9 10 11 12 13 
2005502 1 2 3 4 5 6 7 8 9 10 11 12 13 
2005552 1 2 3 4 5 6 7 8 9 10 11 12 13 
2005602 1 2 3 4 5 6 7 8 9 10 11 12 13 
2005652 1 2 3 4 5 6 7 8 9 10 11 12 13 
2005702 1 2 3 4 5 6 7 8 9 10 11 12 13 
2005752 1 2 3 4 5 6 7 8 9 10 11 12 13 
2005802 1 2 3 4 5 6 7 8 9 10 11 12 13 
2005852 1 2 3 4 5 6 7 8 9 10 11 12 13 
2005902 1 2 3 4 5 6 7 8 9 10 11 12 13 
2005953 1 2 3 4 5 6 7 8 9 10 11 12 13 
2006003 1 2 3 4 5 6 7 8 9 10 11 12 13 
2006053 1 2 3 4 5 6 7 8 9 10 11 12 13 
2006103 1 2 3 4 5 6 7 8 9 10 11 12 13 
2006153 1 2 3 4 5 6 7 8 9 10 11 12 13 
2006203 1 2 3 4 5 6 7 8 9 10 11 12 13 
2006253 1 2 3 4 5 6 7 8 9 10 11 12 13 
2006303 1 2 3 4 5 6 7 8 9 10 11 12 13 
2006353 1 2 3 4 5 6 7 8 9 10 11 12 13 
2006403 1 2 3 4 5 6 7 8 9 10 11 12 13 
2006454 1 2 3 4 5 6 7 8 9 10 11 12 13 
2006504 1 2 3 4 5 6 7 8 9 10 11 12 13 
2006554 1 2 3 4 5 6 7 8 9 10 11 12 13 
2006604 1 2 3 4 5 6 7 8 9 10 11 12 13 
2006654 1 2 3 4 5 6 7 8 9 10 11 12 13 
2006704 1 2 3 4 5 6 7 8 9 10 11 12 13 
2006754 1 2 3 4 5 6 7 8 9 10 11 12 13 
2006804 1 2 3 4 5 6 7 8 9 10 11 12 13 
2006854 1 2 3 4 5 6 7 8 9 10 11 12 13 
2006904 1 2 3 4 5 6 7 8 9 10 11 12 13 
2006954 1 2 3 4 5 6 7 8 9 10 11 12 13 
2007005 1 2 3 4 5 6 7 8 9 10 11 12 13 
2007055 1 2 3 4 5 6 7 8 9 10 11 12 13 
2007105 1 2 3 4 5 6 7 8 9 10 11 12 13 
2007155 1 2 3 4 5 6 7 8 9 10 11 12 13 
2007205 1 2 3 4 5 6 7 8 9 10 11 12 13 
2007255 1 2 3 4 5 6 7 8 9 10 11 12 13 
2007305 1 2 3 4 5 6 7 8 9 10 11 12 13 
2007355 1 2 3 4 5 6 7 8 9 10 11 12 13 
2007405 1 2 3 4 5 6 7 8 9 10 11 12 13 
2007456 1 2 3 4 5 6 7 8 9 10 11 12 13 
2007506 1 2 3 4 5 6 7 8 9 10 11 12 13 
2007556 1 2 3 4 5 6 7 8 9 10 11 12 13 
2007606 1 2 3 4 5 6 7 8 9 10 11 12 13 
2007656 1 2 3 4 5 6 7 8 9 10 11 12 13 
2007706 1 2 3 4 5 6 7 8 9 10 11 12 13 
2007756 1 2 3 4 5 6 7 8 9 10 11 12 13 
2007806 1 2 3 4 5 6 7 8 9 10 11 12 13 
2007856 1 2 3 4 5 6 7 8 9 10 11 12 13 
2007906 1 2 3 4 5 6 7 8 9 10 11 12 13 
2007956 1 2 3 4 5 6 7 8 9 10 11 12 13 
2008007 1 2 3 4 5 6 7 8 9 10 11 12 13 
2008057 1 2 3 4 5 6 7 8 9 10 11 12 13 
2008107 1 2 3 4 5 6 7 8 9 10 11 12 13 
2008157 1 2 3 4 5 6 7 8 9 10 11 12 13 
2008207 1 2 3 4 5 6 7 8 9 10 11 12 13 
2008257 1 2 3 4 5 6 7 8 9 10 11 12 13 
2008307 1 2 3 4 5 6 7 8 9 10 11 12 13 
2008357 1 2 3 4 5 6 7 8 9 10 11 12 13 
2008407 1 2 3 4 5 6 7 8 9 10 11 12 13 
2008457 1 2 3 4 5 6 7 8 9 10 11 12 13 
2008507 1 2 3 4 5 6 7 8 9 10 11 12 13 
2008558 1 2 3 4 5 6 7 8 9 10 11 12 13 
2008608 1 2 3 4 5 6 7 8 9 10 11 12 13 
2008658 1 2 3 4 5 6 7 8 9 10 11 12 13 
2008708 1 2 3 4 5 6 7 8 9 10 11 12 13 
2008758 1 2 3 4 5 6 7 8 9 10 11 12 13 
2008808 1 2 3 4 5 6 7 8 9 10 11 12 13 
2008858 1 2 3 4 5 6 7 8 9 10 11 12 13 
2008909 1 2 3 4 5 6 7 8 9 10 11 12 13 
2008959 1 2 3 4 5 6 7 8 9 10 11 12 13 
2009009 1 2 3 4 5 6 7 8 9 10 11 12 13 
2009059 1 2 3 4 5 6 7 8 9 10 11 12 13 
2009109 1 2 3 4 5 6 7 8 9 10 11 12 13 
2009159 1 2 3 4 5 6 7 8 9 10 11 12 13 
2009209 1 2 3 4 5 6 7 8 9 10 11 12 13 
2009259 1 2 3 4 5 6 7 8 9 10 11 12 13 
2009309 1 2 3 4 5 6 7 8 9 10 11 12 13 
2009359 1 2 3 4 5 6 7 8 9 10 11 12 13 
2009409 1 2 3 4 5 6 7 8 9 10 11 12 13 
2009460 1 2 3 4 5 6 7 8 9 10 11 12 13 
2009510 1 2 3 4 5 6 7 8 9 10 11 12 13 
2009560 1 2 3 4 5 6 7 8 9 10 11 12 13 
2009610 1 2 3 4 5 6 7 8 9 10 11 12 13 
2009660 1 2 3 4 5 6 7 8 9 10 11 12 13 
2009710 1 2 3 4 5 6 7 8 9 10 11 12 13 
2009760 1 2 3 4 5 6 7 8 9 10 11 12 13 
2009810 1 2 3 4 5 6 7 8 9 10 11 12 13 
2009860 1 2 3 4 5 6 7 8 9 10 11 12 13 
2009910 1 2 3 4 5 6 7 8 9 10 11 12 13 
2009960 1 0 0 0 0 0 768 0 0 0 0 0 0 0 0 0 1024 0 0 0 0 0 0 0 0 0 0 0 0 0 0 0 0 0 0 0 0 0 0 0 0 0 0 0 0 0 1536 0 0 0 
