345603 0 0 0 0 0 0 0 0 0 0 0 0 0 
345653 0 0 0 0 0 0 0 0 0 0 0 0 0 
345703 0 0 0 0 0 0 0 0 0 0 0 0 0 
345753 0 0 0 0 0 0 0 0 0 0 0 0 0 
345803 0 0 0 0 0 0 0 0 0 0 0 0 0 
345854 0 0 0 0 0 0 0 0 0 0 0 0 0 
345904 0 0 0 0 0 0 0 0 0 0 0 0 0 
345954 0 0 0 0 0 0 0 0 0 0 0 0 0 
346004 0 0 0 0 0 0 0 0 0 0 0 0 0 
346054 0 0 0 0 0 0 0 0 0 0 0 0 0 
346104 0 0 0 0 0 0 0 0 0 0 0 0 0 
346154 0 0 0 0 0 0 0 0 0 0 0 0 0 
346204 0 0 0 0 0 0 0 0 0 0 0 0 0 
346255 0 0 0 0 0 0 0 0 0 0 0 0 0 
346305 0 0 0 0 0 0 0 0 0 0 0 0 0 
346355 0 0 0 0 0 0 0 0 0 0 0 0 0 
346405 0 0 0 0 0 0 0 0 0 0 0 0 0 
346455 0 0 0 0 0 0 0 0 0 0 0 0 0 
346505 0 0 0 0 0 0 0 0 0 0 0 0 0 
346555 0 0 0 0 0 0 0 0 0 0 0 0 0 
346605 0 0 0 0 0 0 0 0 0 0 0 0 0 
346655 0 0 0 0 0 0 0 0 0 0 0 0 0 
