565504 0 0 0 0 0 0 0 0 0 0 -32551 -31358 2678 
565554 0 0 0 0 0 0 0 0 0 0 -32551 -31358 2678 
565604 0 0 0 0 0 0 0 0 0 0 -32551 -31358 2678 
565654 0 0 0 0 0 0 0 0 0 0 -32551 -31358 2678 
565704 0 0 0 0 0 0 0 0 0 0 -32551 -31358 2678 
565754 0 0 0 0 0 0 0 0 0 0 -32551 -31358 2678 
565804 0 0 0 0 0 0 0 0 0 0 -32551 -31358 2678 
565854 0 0 0 0 0 0 0 0 0 0 -32551 -31358 2678 
565904 0 0 0 0 0 0 0 0 0 0 -32551 -31358 2678 
565955 0 0 0 0 0 0 0 0 0 0 -32551 -31358 2678 
566005 0 0 0 0 0 0 0 0 0 0 -32551 -31358 2678 
566055 0 0 0 0 0 0 0 0 0 0 -32551 -31358 2678 
566107 0 0 0 0 0 0 0 0 0 0 -32551 -31358 2678 
566157 0 0 0 0 0 0 0 0 0 0 -32551 -31358 2678 
566208 0 0 0 0 0 0 0 0 0 0 -32551 -31358 2678 
566258 0 0 0 0 0 0 0 0 0 0 -32551 -31358 2678 
566308 0 0 0 0 0 0 0 0 0 0 -32551 -31358 2678 
566358 0 0 0 0 0 0 0 0 0 0 -32551 -31358 2678 
566408 0 0 0 0 0 0 0 0 0 0 -32551 -31358 2678 
566458 0 0 0 0 0 0 0 0 0 0 -32551 -31358 2678 
566508 0 0 0 0 0 0 0 0 0 0 -32551 -31358 2678 
566558 0 0 0 0 0 0 0 0 0 0 -32551 -31358 2678 
566608 0 0 0 0 0 0 0 0 0 0 -32551 -31358 2678 
566658 0 0 0 0 0 0 0 0 0 0 -32551 -31358 2678 
566708 0 0 0 0 0 0 0 0 0 0 -32551 -31358 2678 
566759 0 0 0 0 0 0 0 0 0 0 -32551 -31358 2678 
566810 0 0 0 0 0 0 0 0 0 0 -32551 -31358 2678 
566860 0 0 0 0 0 0 0 0 0 0 -32551 -31358 2678 
566910 0 0 0 0 0 0 0 0 0 0 -32551 -31358 2678 
566960 0 0 0 0 0 0 0 0 0 0 -32551 -31358 2678 
567010 0 0 0 0 0 0 0 0 0 0 -32551 -31358 2678 
567060 0 0 0 0 0 0 0 0 0 0 -32551 -31358 2678 
567111 0 0 0 0 0 0 0 0 0 0 -32551 -31358 2678 
567161 0 0 0 0 0 0 0 0 0 0 -32551 -31358 2678 
567211 0 0 0 0 0 0 0 0 0 0 -32551 -31358 2678 
567261 0 0 0 0 0 0 0 0 0 0 -32551 -31358 2678 
567311 0 0 0 0 0 0 0 0 0 0 -32551 -31358 2678 
567361 0 0 0 0 0 0 0 0 0 0 -32551 -31358 2678 
567411 0 0 0 0 0 0 0 0 0 0 -32551 -31358 2678 
567461 0 0 0 0 0 0 0 0 0 0 -32551 -31358 2678 
567512 0 0 0 0 0 0 0 0 0 0 -32551 -31358 2678 
567562 0 0 0 0 0 0 0 0 0 0 -32551 -31358 2678 
567612 0 0 0 0 0 0 0 0 0 0 -32551 -31358 2678 
567662 0 0 0 0 0 0 0 0 0 0 -32551 -31358 2678 
567712 0 0 0 0 0 0 0 0 0 0 -32551 -31358 2678 
567762 0 0 0 0 0 0 0 0 0 0 -32551 -31358 2678 
567812 0 0 0 0 0 0 0 0 0 0 -32551 -31358 2678 
567862 0 0 0 0 0 0 0 0 0 0 -32551 -31358 2678 
567912 0 0 0 0 0 0 0 0 0 0 -32551 -31358 2678 
567962 0 0 0 0 0 0 0 0 0 0 -32551 -31358 2678 
568015 0 0 0 0 0 0 0 0 0 0 -32551 -31358 2678 
568065 0 0 0 0 0 0 0 0 0 0 -32551 -31358 2678 
568116 0 0 0 0 0 0 0 0 0 0 -32551 -31358 2678 
568166 0 0 0 0 0 0 0 0 0 0 -32551 -31358 2678 
568216 0 0 0 0 0 0 0 0 0 0 -32551 -31358 2678 
568266 0 0 0 0 0 0 0 0 0 0 -32551 -31358 2678 
568316 0 0 0 0 0 0 0 0 0 0 -32551 -31358 2678 
568366 0 0 0 0 0 0 0 0 0 0 -32551 -31358 2678 
568416 0 0 0 0 0 0 0 0 0 0 -32551 -31358 2678 
568466 0 0 0 0 0 0 0 0 0 0 -32551 -31358 2678 
568516 0 0 0 0 0 0 0 0 0 0 -32551 -31358 2678 
568566 0 0 0 0 0 0 0 0 0 0 -32551 -31358 2678 
568617 0 0 0 0 0 0 0 0 0 0 -32551 -31358 2678 
568667 0 0 0 0 0 0 0 0 0 0 -32551 -31358 2678 
568717 0 0 0 0 0 0 0 0 0 0 -32551 -31358 2678 
568767 0 0 0 0 0 0 0 0 0 0 -32551 -31358 2678 
568817 0 0 0 0 0 0 0 0 0 0 -32551 -31358 2678 
568867 0 0 0 0 0 0 0 0 0 0 -32551 -31358 2678 
568917 0 0 0 0 0 0 0 0 0 0 -32551 -31358 2678 
568967 0 0 0 0 0 0 0 0 0 0 -32551 -31358 2678 
569019 0 0 0 0 0 0 0 0 0 0 -32551 -31358 2678 
569070 0 0 0 0 0 0 0 0 0 0 -32551 -31358 2678 
569120 0 0 0 0 0 0 0 0 0 0 -32551 -31358 2678 
569170 0 0 0 0 0 0 0 0 0 0 -32551 -31358 2678 
569220 0 0 0 0 0 0 0 0 0 0 -32551 -31358 2678 
569272 0 0 0 0 0 0 0 0 0 0 -32551 -31358 2678 
569323 0 0 0 0 0 0 0 0 0 0 -32551 -31358 2678 
569374 0 0 0 0 0 0 0 0 0 0 -32551 -31358 2678 
569424 0 0 0 0 0 0 0 0 0 0 -32551 -31358 2678 
569476 0 0 0 0 0 0 0 0 0 0 -32551 -31358 2678 
569527 0 0 0 0 0 0 0 0 0 0 -32551 -31358 2678 
569577 0 0 0 0 0 0 0 0 0 0 -32551 -31358 2678 
569627 0 0 0 0 0 0 0 0 0 0 -32551 -31358 2678 
569679 0 0 0 0 0 0 0 0 0 0 -32551 -31358 2678 
569729 0 0 0 0 0 0 0 0 0 0 -32551 -31358 2678 
569782 0 0 0 0 0 0 0 0 0 0 -32551 -31358 2678 
569832 0 0 0 0 0 0 0 0 0 0 -32551 -31358 2678 
569882 0 0 0 0 0 0 0 0 0 0 -32551 -31358 2678 
569932 0 0 0 0 0 0 0 0 0 0 -32551 -31358 2678 
569982 0 0 0 0 0 0 0 0 0 0 -32551 -31358 2678 
570032 0 0 0 0 0 0 0 0 0 0 -32551 -31358 2678 
570082 0 0 0 0 0 0 0 0 0 0 -32551 -31358 2678 
570132 0 0 0 0 0 0 0 0 0 0 -32551 -31358 2678 
570182 0 0 0 0 0 0 0 0 0 0 -32551 -31358 2678 
570233 0 0 0 0 0 0 0 0 0 0 -32551 -31358 2678 
570284 0 0 0 0 0 0 0 0 0 0 -32551 -31358 2678 
570334 0 0 0 0 0 0 0 0 0 0 -32551 -31358 2678 
570387 0 0 0 0 0 0 0 0 0 0 -32551 -31358 2678 
570437 0 0 0 0 0 0 0 0 0 0 -32551 -31358 2678 
570487 0 0 0 0 0 0 0 0 0 0 -32551 -31358 2678 
570538 0 0 0 0 0 0 0 0 0 0 -32551 -31358 2678 
570588 0 0 0 0 0 0 0 0 0 0 -32551 -31358 2678 
570638 0 0 0 0 0 0 0 0 0 0 -32551 -31358 2678 
570688 0 0 0 0 0 0 0 0 0 0 -32551 -31358 2678 
570738 0 0 0 0 0 0 0 0 0 0 -32551 -31358 2678 
570790 0 0 0 0 0 0 0 0 0 0 -32551 -31358 2678 
570840 0 0 0 0 0 0 0 0 0 0 -32551 -31358 2678 
570890 0 0 0 0 0 0 0 0 0 0 -32551 -31358 2678 
