361261 0 0 0 0 0 0 0 0 0 0 2104 -32388 264 
361311 0 0 0 0 0 0 0 0 0 0 2104 -32388 264 
361362 0 0 0 0 0 0 0 0 0 0 2104 -32388 264 
361412 0 0 0 0 0 0 0 0 0 0 2104 -32388 264 
361462 0 0 0 0 0 0 0 0 0 0 2104 -32388 264 
361512 0 0 0 0 0 0 0 0 0 0 2104 -32388 264 
361562 0 0 0 0 0 0 0 0 0 0 2104 -32388 264 
361612 0 0 0 0 0 0 0 0 0 0 2104 -32388 264 
361662 0 0 0 0 0 0 0 0 0 0 2104 -32388 264 
361712 0 0 0 0 0 0 0 0 0 0 2104 -32388 264 
361762 0 0 0 0 0 0 0 0 0 0 2104 -32388 264 
361813 0 0 0 0 0 0 0 0 0 0 2104 -32388 264 
361863 0 0 0 0 0 0 0 0 0 0 2104 -32388 264 
361913 0 0 0 0 0 0 0 0 0 0 2104 -32388 264 
361963 0 0 0 0 0 0 0 0 0 0 2104 -32388 264 
362013 0 0 0 0 0 0 0 0 0 0 2104 -32388 264 
362063 0 0 0 0 0 0 0 0 0 0 2104 -32388 264 
362113 0 0 0 0 0 0 0 0 0 0 2104 -32388 264 
362163 0 0 0 0 0 0 0 0 0 0 2104 -32388 264 
362213 0 0 0 0 0 0 0 0 0 0 2104 -32388 264 
362263 0 0 0 0 0 0 0 0 0 0 2104 -32388 264 
362314 0 0 0 0 0 0 0 0 0 0 2104 -32388 264 
362364 0 0 0 0 0 0 0 0 0 0 2104 -32388 264 
362414 0 0 0 0 0 0 0 0 0 0 2104 -32388 264 
362464 0 0 0 0 0 0 0 0 0 0 2104 -32388 264 
362514 0 0 0 0 0 0 0 0 0 0 2104 -32388 264 
362564 0 0 0 0 0 0 0 0 0 0 2104 -32388 264 
362614 0 0 0 0 0 0 0 0 0 0 2104 -32388 264 
362664 0 0 0 0 0 0 0 0 0 0 2104 -32388 264 
362714 0 0 0 0 0 0 0 0 0 0 2104 -32388 264 
362764 0 0 0 0 0 0 0 0 0 0 2104 -32388 264 
362814 0 0 0 0 0 0 0 0 0 0 2104 -32388 264 
362865 0 0 0 0 0 0 0 0 0 0 2104 -32388 264 
362915 0 0 0 0 0 0 0 0 0 0 2104 -32388 264 
362965 0 0 0 0 0 0 0 0 0 0 2104 -32388 264 
363015 0 0 0 0 0 0 0 0 0 0 2104 -32388 264 
363065 0 0 0 0 0 0 0 0 0 0 2104 -32388 264 
363115 0 0 0 0 0 0 0 0 0 0 2104 -32388 264 
363165 0 0 0 0 0 0 0 0 0 0 2104 -32388 264 
363215 0 0 0 0 0 0 0 0 0 0 2104 -32388 264 
363265 0 0 0 0 0 0 0 0 0 0 2104 -32388 264 
363315 0 0 0 0 0 0 0 0 0 0 2104 -32388 264 
363366 0 0 0 0 0 0 0 0 0 0 2104 -32388 264 
363416 0 0 0 0 0 0 0 0 0 0 2104 -32388 264 
363466 0 0 0 0 0 0 0 0 0 0 2104 -32388 264 
363516 0 0 0 0 0 0 0 0 0 0 2104 -32388 264 
363566 0 0 0 0 0 0 0 0 0 0 2104 -32388 264 
363616 0 0 0 0 0 0 0 0 0 0 2104 -32388 264 
363666 0 0 0 0 0 0 0 0 0 0 2104 -32388 264 
363716 0 0 0 0 0 0 0 0 0 0 2104 -32388 264 
363766 0 0 0 0 0 0 0 0 0 0 2104 -32388 264 
363816 0 0 0 0 0 0 0 0 0 0 2104 -32388 264 
363866 0 0 0 0 0 0 0 0 0 0 2104 -32388 264 
363917 0 0 0 0 0 0 0 0 0 0 2104 -32388 264 
363967 0 0 0 0 0 0 0 0 0 0 2104 -32388 264 
364017 0 0 0 0 0 0 0 0 0 0 2104 -32388 264 
364067 0 0 0 0 0 0 0 0 0 0 2104 -32388 264 
364117 0 0 0 0 0 0 0 0 0 0 2104 -32388 264 
364167 0 0 0 0 0 0 0 0 0 0 2104 -32388 264 
364217 0 0 0 0 0 0 0 0 0 0 2104 -32388 264 
364267 0 0 0 0 0 0 0 0 0 0 2104 -32388 264 
364317 0 0 0 0 0 0 0 0 0 0 2104 -32388 264 
364367 0 0 0 0 0 0 0 0 0 0 2104 -32388 264 
364418 0 0 0 0 0 0 0 0 0 0 2104 -32388 264 
364468 0 0 0 0 0 0 0 0 0 0 2104 -32388 264 
364518 0 0 0 0 0 0 0 0 0 0 2104 -32388 264 
364568 0 0 0 0 0 0 0 0 0 0 2104 -32388 264 
364618 0 0 0 0 0 0 0 0 0 0 2104 -32388 264 
364668 0 0 0 0 0 0 0 0 0 0 2104 -32388 264 
364718 0 0 0 0 0 0 0 0 0 0 2104 -32388 264 
364768 0 0 0 0 0 0 0 0 0 0 2104 -32388 264 
364818 0 0 0 0 0 0 0 0 0 0 2104 -32388 264 
364868 0 0 0 0 0 0 0 0 0 0 2104 -32388 264 
364918 0 0 0 0 0 0 0 0 0 0 2104 -32388 264 
364968 0 0 0 0 0 0 0 0 0 0 2104 -32388 264 
365019 0 0 0 0 0 0 0 0 0 0 2104 -32388 264 
365069 0 0 0 0 0 0 0 0 0 0 2104 -32388 264 
365119 0 0 0 0 0 0 0 0 0 0 2104 -32388 264 
365169 0 0 0 0 0 0 0 0 0 0 2104 -32388 264 
365219 0 0 0 0 0 0 0 0 0 0 2104 -32388 264 
365269 0 0 0 0 0 0 0 0 0 0 2104 -32388 264 
365319 0 0 0 0 0 0 0 0 0 0 2104 -32388 264 
365369 0 0 0 0 0 0 0 0 0 0 2104 -32388 264 
365419 0 0 0 0 0 0 0 0 0 0 2104 -32388 264 
365469 0 0 0 0 0 0 0 0 0 0 2104 -32388 264 
365520 0 0 0 0 0 0 0 0 0 0 2104 -32388 264 
365570 0 0 0 0 0 0 0 0 0 0 2104 -32388 264 
365620 0 0 0 0 0 0 0 0 0 0 2104 -32388 264 
365670 0 0 0 0 0 0 0 0 0 0 2104 -32388 264 
365720 0 0 0 0 0 0 0 0 0 0 2104 -32388 264 
365770 0 0 0 0 0 0 0 0 0 0 2104 -32388 264 
365820 0 0 0 0 0 0 0 0 0 0 2104 -32388 264 
365870 0 0 0 0 0 0 0 0 0 0 2104 -32388 264 
365920 0 0 0 0 0 0 0 0 0 0 2104 -32388 264 
365970 0 0 0 0 0 0 0 0 0 0 2104 -32388 264 
366020 0 0 0 0 0 0 0 0 0 0 2104 -32388 264 
366070 0 0 0 0 0 0 0 0 0 0 2104 -32388 264 
366121 0 0 0 0 0 0 0 0 0 0 2104 -32388 264 
366171 0 0 0 0 0 0 0 0 0 0 2104 -32388 264 
366221 0 0 0 0 0 0 0 0 0 0 2104 -32388 264 
366271 0 0 0 0 0 0 0 0 0 0 2104 -32388 264 
366321 0 0 0 0 0 0 0 0 0 0 2104 -32388 264 
366371 0 0 0 0 0 0 0 0 0 0 2104 -32388 264 
366421 0 0 0 0 0 0 0 0 0 0 2104 -32388 264 
366471 0 0 0 0 0 0 0 0 0 0 2104 -32388 264 
366521 0 0 0 0 0 0 0 0 0 0 2104 -32388 264 
366572 0 0 0 0 0 0 0 0 0 0 2104 -32388 264 
366622 0 0 0 0 0 0 0 0 0 0 2104 -32388 264 
366672 0 0 0 0 0 0 0 0 0 0 2104 -32388 264 
366722 0 0 0 0 0 0 0 0 0 0 2104 -32388 264 
366772 0 0 0 0 0 0 0 0 0 0 2104 -32388 264 
366822 0 0 0 0 0 0 0 0 0 0 2104 -32388 264 
366872 0 0 0 0 0 0 0 0 0 0 2104 -32388 264 
366922 0 0 0 0 0 0 0 0 0 0 2104 -32388 264 
366972 0 0 0 0 0 0 0 0 0 0 2104 -32388 264 
367022 0 0 0 0 0 0 0 0 0 0 2104 -32388 264 
367072 0 0 0 0 0 0 0 0 0 0 2104 -32388 264 
367123 0 0 0 0 0 0 0 0 0 0 2104 -32388 264 
367173 0 0 0 0 0 0 0 0 0 0 2104 -32388 264 
367223 0 0 0 0 0 0 0 0 0 0 2104 -32388 264 
367273 0 0 0 0 0 0 0 0 0 0 2104 -32388 264 
367323 0 0 0 0 0 0 0 0 0 0 2104 -32388 264 
367373 0 0 0 0 0 0 0 0 0 0 2104 -32388 264 
367423 0 0 0 0 0 0 0 0 0 0 2104 -32388 264 
367473 0 0 0 0 0 0 0 0 0 0 2104 -32388 264 
367523 0 0 0 0 0 0 0 0 0 0 2104 -32388 264 
367573 0 0 0 0 0 0 0 0 0 0 2104 -32388 264 
367623 0 0 0 0 0 0 0 0 0 0 2104 -32388 264 
367674 0 0 0 0 0 0 0 0 0 0 2104 -32388 264 
367724 0 0 0 0 0 0 0 0 0 0 2104 -32388 264 
367774 0 0 0 0 0 0 0 0 0 0 2104 -32388 264 
367824 0 0 0 0 0 0 0 0 0 0 2104 -32388 264 
367874 0 0 0 0 0 0 0 0 0 0 2104 -32388 264 
367924 0 0 0 0 0 0 0 0 0 0 2104 -32388 264 
367974 0 0 0 0 0 0 0 0 0 0 2104 -32388 264 
368024 0 0 0 0 0 0 0 0 0 0 2104 -32388 264 
368074 0 0 0 0 0 0 0 0 0 0 2104 -32388 264 
368124 0 0 0 0 0 0 0 0 0 0 2104 -32388 264 
368174 0 0 0 0 0 0 0 0 0 0 2104 -32388 264 
368224 0 0 0 0 0 0 0 0 0 0 2104 -32388 264 
368275 0 0 0 0 0 0 0 0 0 0 2104 -32388 264 
368325 0 0 0 0 0 0 0 0 0 0 2104 -32388 264 
368375 0 0 0 0 0 0 0 0 0 0 2104 -32388 264 
368425 0 0 0 0 0 0 0 0 0 0 2104 -32388 264 
368475 0 0 0 0 0 0 0 0 0 0 2104 -32388 264 
368525 0 0 0 0 0 0 0 0 0 0 2104 -32388 264 
368575 0 0 0 0 0 0 0 0 0 0 2104 -32388 264 
368625 0 0 0 0 0 0 0 0 0 0 2104 -32388 264 
368675 0 0 0 0 0 0 0 0 0 0 2104 -32388 264 
368725 0 0 0 0 0 0 0 0 0 0 2104 -32388 264 
368775 0 0 0 0 0 0 0 0 0 0 2104 -32388 264 
368826 0 0 0 0 0 0 0 0 0 0 2104 -32388 264 
368876 0 0 0 0 0 0 0 0 0 0 2104 -32388 264 
368926 0 0 0 0 0 0 0 0 0 0 2104 -32388 264 
368976 0 0 0 0 0 0 0 0 0 0 2104 -32388 264 
369026 0 0 0 0 0 0 0 0 0 0 2104 -32388 264 
369076 0 0 0 0 0 0 0 0 0 0 2104 -32388 264 
369126 0 0 0 0 0 0 0 0 0 0 2104 -32388 264 
369176 0 0 0 0 0 0 0 0 0 0 2104 -32388 264 
369226 0 0 0 0 0 0 0 0 0 0 2104 -32388 264 
369276 0 0 0 0 0 0 0 0 0 0 2104 -32388 264 
369326 0 0 0 0 0 0 0 0 0 0 2104 -32388 264 
369377 0 0 0 0 0 0 0 0 0 0 2104 -32388 264 
369427 0 0 0 0 0 0 0 0 0 0 2104 -32388 264 
369477 0 0 0 0 0 0 0 0 0 0 2104 -32388 264 
369527 0 0 0 0 0 0 0 0 0 0 2104 -32388 264 
369577 0 0 0 0 0 0 0 0 0 0 2104 -32388 264 
369627 0 0 0 0 0 0 0 0 0 0 2104 -32388 264 
369677 0 0 0 0 0 0 0 0 0 0 2104 -32388 264 
369727 0 0 0 0 0 0 0 0 0 0 2104 -32388 264 
369777 0 0 0 0 0 0 0 0 0 0 2104 -32388 264 
369827 0 0 0 0 0 0 0 0 0 0 2104 -32388 264 
369877 0 0 0 0 0 0 0 0 0 0 2104 -32388 264 
369928 0 0 0 0 0 0 0 0 0 0 2104 -32388 264 
369978 0 0 0 0 0 0 0 0 0 0 2104 -32388 264 
370029 0 0 0 0 0 0 0 0 0 0 2104 -32388 264 
370079 0 0 0 0 0 0 0 0 0 0 2104 -32388 264 
370129 0 0 0 0 0 0 0 0 0 0 2104 -32388 264 
370179 0 0 0 0 0 0 0 0 0 0 2104 -32388 264 
370229 0 0 0 0 0 0 0 0 0 0 2104 -32388 264 
370279 0 0 0 0 0 0 0 0 0 0 2104 -32388 264 
370329 0 0 0 0 0 0 0 0 0 0 2104 -32388 264 
370379 0 0 0 0 0 0 0 0 0 0 2104 -32388 264 
370429 0 0 0 0 0 0 0 0 0 0 2104 -32388 264 
370479 0 0 0 0 0 0 0 0 0 0 2104 -32388 264 
370529 0 0 0 0 0 0 0 0 0 0 2104 -32388 264 
370579 0 0 0 0 0 0 0 0 0 0 2104 -32388 264 
370630 0 0 0 0 0 0 0 0 0 0 2104 -32388 264 
370680 0 0 0 0 0 0 0 0 0 0 2104 -32388 264 
370730 0 0 0 0 0 0 0 0 0 0 2104 -32388 264 
370780 0 0 0 0 0 0 0 0 0 0 2104 -32388 264 
370830 0 0 0 0 0 0 0 0 0 0 2104 -32388 264 
370880 0 0 0 0 0 0 0 0 0 0 2104 -32388 264 
370930 0 0 0 0 0 0 0 0 0 0 2104 -32388 264 
370980 0 0 0 0 0 0 0 0 0 0 2104 -32388 264 
371030 0 0 0 0 0 0 0 0 0 0 2104 -32388 264 
371080 0 0 0 0 0 0 0 0 0 0 2104 -32388 264 
371131 0 0 0 0 0 0 0 0 0 0 2104 -32388 264 
371181 0 0 0 0 0 0 0 0 0 0 2104 -32388 264 
371231 0 0 0 0 0 0 0 0 0 0 2104 -32388 264 
371281 0 0 0 0 0 0 0 0 0 0 2104 -32388 264 
