318688 0 0 0 0 0 0 0 0 0 0 0 0 0 
318738 0 0 0 0 0 0 0 0 0 0 0 0 0 
318788 0 0 0 0 0 0 0 0 0 0 0 0 0 
318838 0 0 0 0 0 0 0 0 0 0 0 0 0 
318888 0 0 0 0 0 0 0 0 0 0 0 0 0 
318938 0 0 0 0 0 0 0 0 0 0 0 0 0 
318988 0 0 0 0 0 0 0 0 0 0 0 0 0 
319038 0 0 0 0 0 0 0 0 0 0 0 0 0 
319089 0 0 0 0 0 0 0 0 0 0 0 0 0 
319139 0 0 0 0 0 0 0 0 0 0 0 0 0 
319189 0 0 0 0 0 0 0 0 0 0 0 0 0 
319239 0 0 0 0 0 0 0 0 0 0 0 0 0 
319289 0 0 0 0 0 0 0 0 0 0 0 0 0 
319339 0 0 0 0 0 0 0 0 0 0 0 0 0 
319389 0 0 0 0 0 0 0 0 0 0 0 0 0 
319439 0 0 0 0 0 0 0 0 0 0 0 0 0 
319489 0 0 0 0 0 0 0 0 0 0 0 0 0 
319540 0 0 0 0 0 0 0 0 0 0 0 0 0 
319590 0 0 0 0 0 0 0 0 0 0 0 0 0 
319640 0 0 0 0 0 0 0 0 0 0 0 0 0 
319690 0 0 0 0 0 0 0 0 0 0 0 0 0 
319740 0 0 0 0 0 0 0 0 0 0 0 0 0 
319790 0 0 0 0 0 0 0 0 0 0 0 0 0 
319840 0 0 0 0 0 0 0 0 0 0 0 0 0 
319890 0 0 0 0 0 0 0 0 0 0 0 0 0 
319940 0 0 0 0 0 0 0 0 0 0 0 0 0 
319990 0 0 0 0 0 0 0 0 0 0 0 0 0 
320040 0 0 0 0 0 0 0 0 0 0 0 0 0 
320091 0 0 0 0 0 0 0 0 0 0 0 0 0 
320141 0 0 0 0 0 0 0 0 0 0 0 0 0 
320191 0 0 0 0 0 0 0 0 0 0 0 0 0 
320241 0 0 0 0 0 0 0 0 0 0 0 0 0 
320291 0 0 0 0 0 0 0 0 0 0 0 0 0 
320341 0 0 0 0 0 0 0 0 0 0 0 0 0 
320392 0 0 0 0 0 0 0 0 0 0 0 0 0 
320442 0 0 0 0 0 0 0 0 0 0 0 0 0 
320492 0 0 0 0 0 0 0 0 0 0 0 0 0 
320542 0 0 0 0 0 0 0 0 0 0 0 0 0 
320592 0 0 0 0 0 0 0 0 0 0 0 0 0 
320642 0 0 0 0 0 0 0 0 0 0 0 0 0 
320692 0 0 0 0 0 0 0 0 0 0 0 0 0 
320743 0 0 0 0 0 0 0 0 0 0 0 0 0 
320793 0 0 0 0 0 0 0 0 0 0 0 0 0 
320843 0 0 0 0 0 0 0 0 0 0 0 0 0 
320893 0 0 0 0 0 0 0 0 0 0 0 0 0 
320943 0 0 0 0 0 0 0 0 0 0 0 0 0 
320993 0 0 0 0 0 0 0 0 0 0 0 0 0 
321044 0 0 0 0 0 0 0 0 0 0 0 0 0 
321094 0 0 0 0 0 0 0 0 0 0 0 0 0 
321145 0 0 0 0 0 0 0 0 0 0 0 0 0 
321195 0 0 0 0 0 0 0 0 0 0 0 0 0 
321245 0 0 0 0 0 0 0 0 0 0 0 0 0 
321295 0 0 0 0 0 0 0 0 0 0 0 0 0 
321345 0 0 0 0 0 0 0 0 0 0 0 0 0 
321395 0 0 0 0 0 0 0 0 0 0 0 0 0 
321445 0 0 0 0 0 0 0 0 0 0 0 0 0 
321495 0 0 0 0 0 0 0 0 0 0 0 0 0 
321545 0 0 0 0 0 0 0 0 0 0 0 0 0 
321596 0 0 0 0 0 0 0 0 0 0 0 0 0 
321646 0 0 0 0 0 0 0 0 0 0 0 0 0 
321696 0 0 0 0 0 0 0 0 0 0 0 0 0 
321746 0 0 0 0 0 0 0 0 0 0 0 0 0 
321796 0 0 0 0 0 0 0 0 0 0 0 0 0 
321846 0 0 0 0 0 0 0 0 0 0 0 0 0 
321896 0 0 0 0 0 0 0 0 0 0 0 0 0 
321946 0 0 0 0 0 0 0 0 0 0 0 0 0 
321996 0 0 0 0 0 0 0 0 0 0 0 0 0 
322046 0 0 0 0 0 0 0 0 0 0 0 0 0 
322097 0 0 0 0 0 0 0 0 0 0 0 0 0 
322147 0 0 0 0 0 0 0 0 0 0 0 0 0 
322197 0 0 0 0 0 0 0 0 0 0 0 0 0 
322247 0 0 0 0 0 0 0 0 0 0 0 0 0 
322297 0 0 0 0 0 0 0 0 0 0 0 0 0 
322347 0 0 0 0 0 0 0 0 0 0 0 0 0 
322397 0 0 0 0 0 0 0 0 0 0 0 0 0 
322447 0 0 0 0 0 0 0 0 0 0 0 0 0 
322497 0 0 0 0 0 0 0 0 0 0 0 0 0 
322547 0 0 0 0 0 0 0 0 0 0 0 0 0 
322597 0 0 0 0 0 0 0 0 0 0 0 0 0 
322648 0 0 0 0 0 0 0 0 0 0 0 0 0 
322698 0 0 0 0 0 0 0 0 0 0 0 0 0 
322748 0 0 0 0 0 0 0 0 0 0 0 0 0 
322798 0 0 0 0 0 0 0 0 0 0 0 0 0 
322848 0 0 0 0 0 0 0 0 0 0 0 0 0 
322898 0 0 0 0 0 0 0 0 0 0 0 0 0 
322948 0 0 0 0 0 0 0 0 0 0 0 0 0 
322998 0 0 0 0 0 0 0 0 0 0 0 0 0 
323048 0 0 0 0 0 0 0 0 0 0 0 0 0 
323098 0 0 0 0 0 0 0 0 0 0 0 0 0 
323149 0 0 0 0 0 0 0 0 0 0 0 0 0 
323199 0 0 0 0 0 0 0 0 0 0 0 0 0 
323249 0 0 0 0 0 0 0 0 0 0 0 0 0 
323299 0 0 0 0 0 0 0 0 0 0 0 0 0 
323349 0 0 0 0 0 0 0 0 0 0 0 0 0 
323399 0 0 0 0 0 0 0 0 0 0 0 0 0 
323449 0 0 0 0 0 0 0 0 0 0 0 0 0 
323499 0 0 0 0 0 0 0 0 0 0 0 0 0 
323549 0 0 0 0 0 0 0 0 0 0 0 0 0 
323599 0 0 0 0 0 0 0 0 0 0 0 0 0 
323649 0 0 0 0 0 0 0 0 0 0 0 0 0 
323700 0 0 0 0 0 0 0 0 0 0 0 0 0 
323750 0 0 0 0 0 0 0 0 0 0 0 0 0 
323800 0 0 0 0 0 0 0 0 0 0 0 0 0 
323850 0 0 0 0 0 0 0 0 0 0 0 0 0 
323900 0 0 0 0 0 0 0 0 0 0 0 0 0 
323950 0 0 0 0 0 0 0 0 0 0 0 0 0 
324000 0 0 0 0 0 0 0 0 0 0 0 0 0 
324050 0 0 0 0 0 0 0 0 0 0 0 0 0 
