74422 0 0 0 0 0 0 0 0 0 0 -30034 22540 30401 
74472 0 0 0 0 0 0 0 0 0 0 -30034 22540 30401 
74522 0 0 0 0 0 0 0 0 0 0 -30034 22540 30401 
74572 0 0 0 0 0 0 0 0 0 0 -30034 22540 30401 
74622 0 0 0 0 0 0 0 0 0 0 -30034 22540 30401 
74672 0 0 0 0 0 0 0 0 0 0 -30034 22540 30401 
74722 0 0 0 0 0 0 0 0 0 0 -30034 22540 30401 
74773 0 0 0 0 0 0 0 0 0 0 -30034 22540 30401 
74823 0 0 0 0 0 0 0 0 0 0 -30034 22540 30401 
74873 0 0 0 0 0 0 0 0 0 0 -30034 22540 30401 
74923 0 0 0 0 0 0 0 0 0 0 -30034 22540 30401 
74973 0 0 0 0 0 0 0 0 0 0 -30034 22540 30401 
75023 0 0 0 0 0 0 0 0 0 0 -30034 22540 30401 
75073 0 0 0 0 0 0 0 0 0 0 -30034 22540 30401 
75123 0 0 0 0 0 0 0 0 0 0 -30034 22540 30401 
75173 0 0 0 0 0 0 0 0 0 0 -30034 22540 30401 
75224 0 0 0 0 0 0 0 0 0 0 -30034 22540 30401 
75274 0 0 0 0 0 0 0 0 0 0 -30034 22540 30401 
75324 0 0 0 0 0 0 0 0 0 0 -30034 22540 30401 
75377 0 0 0 0 0 0 0 0 0 0 -30034 22540 30401 
75428 0 0 0 0 0 0 0 0 0 0 -30034 22540 30401 
75478 0 0 0 0 0 0 0 0 0 0 -30034 22540 30401 
75528 0 0 0 0 0 0 0 0 0 0 -30034 22540 30401 
75578 0 0 0 0 0 0 0 0 0 0 -30034 22540 30401 
75628 0 0 0 0 0 0 0 0 0 0 -30034 22540 30401 
75678 0 0 0 0 0 0 0 0 0 0 -30034 22540 30401 
75728 0 0 0 0 0 0 0 0 0 0 -30034 22540 30401 
75778 0 0 0 0 0 0 0 0 0 0 -30034 22540 30401 
75828 0 0 0 0 0 0 0 0 0 0 -30034 22540 30401 
75878 0 0 0 0 0 0 0 0 0 0 -30034 22540 30401 
75928 0 0 0 0 0 0 0 0 0 0 -30034 22540 30401 
75979 0 0 0 0 0 0 0 0 0 0 -30034 22540 30401 
76029 0 0 0 0 0 0 0 0 0 0 -30034 22540 30401 
76079 0 0 0 0 0 0 0 0 0 0 -30034 22540 30401 
76129 0 0 0 0 0 0 0 0 0 0 -30034 22540 30401 
76179 0 0 0 0 0 0 0 0 0 0 -30034 22540 30401 
76229 0 0 0 0 0 0 0 0 0 0 -30034 22540 30401 
76279 0 0 0 0 0 0 0 0 0 0 -30034 22540 30401 
76329 0 0 0 0 0 0 0 0 0 0 -30034 22540 30401 
76379 0 0 0 0 0 0 0 0 0 0 -30034 22540 30401 
76429 0 0 0 0 0 0 0 0 0 0 -30034 22540 30401 
76480 0 0 0 0 0 0 0 0 0 0 -30034 22540 30401 
76530 0 0 0 0 0 0 0 0 0 0 -30034 22540 30401 
76580 0 0 0 0 0 0 0 0 0 0 -30034 22540 30401 
76630 0 0 0 0 0 0 0 0 0 0 -30034 22540 30401 
76680 0 0 0 0 0 0 0 0 0 0 -30034 22540 30401 
76730 0 0 0 0 0 0 0 0 0 0 -30034 22540 30401 
76780 0 0 0 0 0 0 0 0 0 0 -30034 22540 30401 
76830 0 0 0 0 0 0 0 0 0 0 -30034 22540 30401 
76880 0 0 0 0 0 0 0 0 0 0 -30034 22540 30401 
76930 0 0 0 0 0 0 0 0 0 0 -30034 22540 30401 
76980 0 0 0 0 0 0 0 0 0 0 -30034 22540 30401 
77031 0 0 0 0 0 0 0 0 0 0 -30034 22540 30401 
77081 0 0 0 0 0 0 0 0 0 0 -30034 22540 30401 
77131 0 0 0 0 0 0 0 0 0 0 -30034 22540 30401 
77181 0 0 0 0 0 0 0 0 0 0 -30034 22540 30401 
77231 0 0 0 0 0 0 0 0 0 0 -30034 22540 30401 
77281 0 0 0 0 0 0 0 0 0 0 -30034 22540 30401 
77331 0 0 0 0 0 0 0 0 0 0 -30034 22540 30401 
77381 0 0 0 0 0 0 0 0 0 0 -30034 22540 30401 
77431 0 0 0 0 0 0 0 0 0 0 -30034 22540 30401 
77481 0 0 0 0 0 0 0 0 0 0 -30034 22540 30401 
77532 0 0 0 0 0 0 0 0 0 0 -30034 22540 30401 
77582 0 0 0 0 0 0 0 0 0 0 -30034 22540 30401 
77632 0 0 0 0 0 0 0 0 0 0 -30034 22540 30401 
77682 0 0 0 0 0 0 0 0 0 0 -30034 22540 30401 
77732 0 0 0 0 0 0 0 0 0 0 -30034 22540 30401 
77782 0 0 0 0 0 0 0 0 0 0 -30034 22540 30401 
77832 0 0 0 0 0 0 0 0 0 0 -30034 22540 30401 
77882 0 0 0 0 0 0 0 0 0 0 -30034 22540 30401 
77932 0 0 0 0 0 0 0 0 0 0 -30034 22540 30401 
77982 0 0 0 0 0 0 0 0 0 0 -30034 22540 30401 
78032 0 0 0 0 0 0 0 0 0 0 -30034 22540 30401 
78083 0 0 0 0 0 0 0 0 0 0 -30034 22540 30401 
78133 0 0 0 0 0 0 0 0 0 0 -30034 22540 30401 
78183 0 0 0 0 0 0 0 0 0 0 -30034 22540 30401 
78233 0 0 0 0 0 0 0 0 0 0 -30034 22540 30401 
78283 0 0 0 0 0 0 0 0 0 0 -30034 22540 30401 
78333 0 0 0 0 0 0 0 0 0 0 -30034 22540 30401 
78383 0 0 0 0 0 0 0 0 0 0 -30034 22540 30401 
78433 0 0 0 0 0 0 0 0 0 0 -30034 22540 30401 
78483 0 0 0 0 0 0 0 0 0 0 -30034 22540 30401 
78533 0 0 0 0 0 0 0 0 0 0 -30034 22540 30401 
78583 0 0 0 0 0 0 0 0 0 0 -30034 22540 30401 
78633 0 0 0 0 0 0 0 0 0 0 -30034 22540 30401 
78683 0 0 0 0 0 0 0 0 0 0 -30034 22540 30401 
78734 0 0 0 0 0 0 0 0 0 0 -30034 22540 30401 
78784 0 0 0 0 0 0 0 0 0 0 -30034 22540 30401 
78834 0 0 0 0 0 0 0 0 0 0 -30034 22540 30401 
78884 0 0 0 0 0 0 0 0 0 0 -30034 22540 30401 
78934 0 0 0 0 0 0 0 0 0 0 -30034 22540 30401 
78984 0 0 0 0 0 0 0 0 0 0 -30034 22540 30401 
79034 0 0 0 0 0 0 0 0 0 0 -30034 22540 30401 
79084 0 0 0 0 0 0 0 0 0 0 -30034 22540 30401 
79134 0 0 0 0 0 0 0 0 0 0 -30034 22540 30401 
79184 0 0 0 0 0 0 0 0 0 0 -30034 22540 30401 
79234 0 0 0 0 0 0 0 0 0 0 -30034 22540 30401 
79285 0 0 0 0 0 0 0 0 0 0 -30034 22540 30401 
79335 0 0 0 0 0 0 0 0 0 0 -30034 22540 30401 
79385 0 0 0 0 0 0 0 0 0 0 -30034 22540 30401 
79435 0 0 0 0 0 0 0 0 0 0 -30034 22540 30401 
79485 0 0 0 0 0 0 0 0 0 0 -30034 22540 30401 
79535 0 0 0 0 0 0 0 0 0 0 -30034 22540 30401 
79585 0 0 0 0 0 0 0 0 0 0 -30034 22540 30401 
79635 0 0 0 0 0 0 0 0 0 0 -30034 22540 30401 
79685 0 0 0 0 0 0 0 0 0 0 -30034 22540 30401 
79735 0 0 0 0 0 0 0 0 0 0 -30034 22540 30401 
79786 0 0 0 0 0 0 0 0 0 0 -30034 22540 30401 
