70252 0 0 0 0 0 0 0 0 0 0 0 0 0 
70302 0 0 0 0 0 0 0 0 0 0 0 0 0 
70352 0 0 0 0 0 0 0 0 0 0 0 0 0 
70402 0 0 0 0 0 0 0 0 0 0 0 0 0 
70452 0 0 0 0 0 0 0 0 0 0 0 0 0 
70502 0 0 0 0 0 0 0 0 0 0 0 0 0 
70552 0 0 0 0 0 0 0 0 0 0 0 0 0 
70602 0 0 0 0 0 0 0 0 0 0 0 0 0 
70652 0 0 0 0 0 0 0 0 0 0 0 0 0 
70702 0 0 0 0 0 0 0 0 0 0 0 0 0 
70753 0 0 0 0 0 0 0 0 0 0 0 0 0 
70804 0 0 0 0 0 0 0 0 0 0 0 0 0 
70855 0 0 0 0 0 0 0 0 0 0 0 0 0 
70905 0 0 0 0 0 0 0 0 0 0 0 0 0 
70955 0 0 0 0 0 0 0 0 0 0 0 0 0 
71005 0 0 0 0 0 0 0 0 0 0 0 0 0 
71055 0 0 0 0 0 0 0 0 0 0 0 0 0 
71105 0 0 0 0 0 0 0 0 0 0 0 0 0 
71156 0 0 0 0 0 0 0 0 0 0 0 0 0 
71206 0 0 0 0 0 0 0 0 0 0 0 0 0 
71256 0 0 0 0 0 0 0 0 0 0 0 0 0 
71307 0 0 0 0 0 0 0 0 0 0 0 0 0 
71358 0 0 0 0 0 0 0 0 0 0 0 0 0 
71408 0 0 0 0 0 0 0 0 0 0 0 0 0 
71458 0 0 0 0 0 0 0 0 0 0 0 0 0 
71508 0 0 0 0 0 0 0 0 0 0 0 0 0 
71558 0 0 0 0 0 0 0 0 0 0 0 0 0 
71608 0 0 0 0 0 0 0 0 0 0 0 0 0 
71658 0 0 0 0 0 0 0 0 0 0 0 0 0 
71708 0 0 0 0 0 0 0 0 0 0 0 0 0 
71758 0 0 0 0 0 0 0 0 0 0 0 0 0 
71808 0 0 0 0 0 0 0 0 0 0 0 0 0 
71858 0 0 0 0 0 0 0 0 0 0 0 0 0 
71908 0 0 0 0 0 0 0 0 0 0 0 0 0 
71959 0 0 0 0 0 0 0 0 0 0 0 0 0 
72009 0 0 0 0 0 0 0 0 0 0 0 0 0 
72059 0 0 0 0 0 0 0 0 0 0 0 0 0 
72109 0 0 0 0 0 0 0 0 0 0 0 0 0 
72159 0 0 0 0 0 0 0 0 0 0 0 0 0 
72209 0 0 0 0 0 0 0 0 0 0 0 0 0 
72259 0 0 0 0 0 0 0 0 0 0 0 0 0 
72309 0 0 0 0 0 0 0 0 0 0 0 0 0 
72359 0 0 0 0 0 0 0 0 0 0 0 0 0 
72409 0 0 0 0 0 0 0 0 0 0 0 0 0 
72460 0 0 0 0 0 0 0 0 0 0 0 0 0 
72510 0 0 0 0 0 0 0 0 0 0 0 0 0 
72560 0 0 0 0 0 0 0 0 0 0 0 0 0 
72610 0 0 0 0 0 0 0 0 0 0 0 0 0 
72660 0 0 0 0 0 0 0 0 0 0 0 0 0 
72710 0 0 0 0 0 0 0 0 0 0 0 0 0 
72760 0 0 0 0 0 0 0 0 0 0 0 0 0 
72810 0 0 0 0 0 0 0 0 0 0 0 0 0 
72860 0 0 0 0 0 0 0 0 0 0 0 0 0 
72910 0 0 0 0 0 0 0 0 0 0 0 0 0 
72960 0 0 0 0 0 0 0 0 0 0 0 0 0 
73011 0 0 0 0 0 0 0 0 0 0 0 0 0 
73061 0 0 0 0 0 0 0 0 0 0 0 0 0 
73111 0 0 0 0 0 0 0 0 0 0 0 0 0 
73161 0 0 0 0 0 0 0 0 0 0 0 0 0 
73211 0 0 0 0 0 0 0 0 0 0 0 0 0 
73261 0 0 0 0 0 0 0 0 0 0 0 0 0 
73311 0 0 0 0 0 0 0 0 0 0 0 0 0 
73361 0 0 0 0 0 0 0 0 0 0 0 0 0 
73411 0 0 0 0 0 0 0 0 0 0 0 0 0 
73462 0 0 0 0 0 0 0 0 0 0 0 0 0 
73512 0 0 0 0 0 0 0 0 0 0 0 0 0 
73562 0 0 0 0 0 0 0 0 0 0 0 0 0 
73612 0 0 0 0 0 0 0 0 0 0 0 0 0 
73662 0 0 0 0 0 0 0 0 0 0 0 0 0 
73712 0 0 0 0 0 0 0 0 0 0 0 0 0 
73762 0 0 0 0 0 0 0 0 0 0 0 0 0 
73812 0 0 0 0 0 0 0 0 0 0 0 0 0 
73862 0 0 0 0 0 0 0 0 0 0 0 0 0 
73912 0 0 0 0 0 0 0 0 0 0 0 0 0 
73962 0 0 0 0 0 0 0 0 0 0 0 0 0 
74014 0 0 0 0 0 0 0 0 0 0 0 0 0 
74064 0 0 0 0 0 0 0 0 0 0 0 0 0 
74114 0 0 0 0 0 0 0 0 0 0 0 0 0 
74164 0 0 0 0 0 0 0 0 0 0 0 0 0 
74214 0 0 0 0 0 0 0 0 0 0 0 0 0 
74264 0 0 0 0 0 0 0 0 0 0 0 0 0 
74314 0 0 0 0 0 0 0 0 0 0 0 0 0 
74364 0 0 0 0 0 0 0 0 0 0 0 0 0 
74415 0 0 0 0 0 0 0 0 0 0 0 0 0 
74465 0 0 0 0 0 0 0 0 0 0 0 0 0 
74515 0 0 0 0 0 0 0 0 0 0 0 0 0 
74566 0 0 0 0 0 0 0 0 0 0 0 0 0 
74617 0 0 0 0 0 0 0 0 0 0 0 0 0 
74667 0 0 0 0 0 0 0 0 0 0 0 0 0 
74717 0 0 0 0 0 0 0 0 0 0 0 0 0 
74767 0 0 0 0 0 0 0 0 0 0 0 0 0 
74817 0 0 0 0 0 0 0 0 0 0 0 0 0 
74867 0 0 0 0 0 0 0 0 0 0 0 0 0 
74917 0 0 0 0 0 0 0 0 0 0 0 0 0 
74967 0 0 0 0 0 0 0 0 0 0 0 0 0 
75017 0 0 0 0 0 0 0 0 0 0 0 0 0 
75067 0 0 0 0 0 0 0 0 0 0 0 0 0 
75118 0 0 0 0 0 0 0 0 0 0 0 0 0 
75168 0 0 0 0 0 0 0 0 0 0 0 0 0 
75218 0 0 0 0 0 0 0 0 0 0 0 0 0 
75268 0 0 0 0 0 0 0 0 0 0 0 0 0 
75318 0 0 0 0 0 0 0 0 0 0 0 0 0 
75368 0 0 0 0 0 0 0 0 0 0 0 0 0 
75418 0 0 0 0 0 0 0 0 0 0 0 0 0 
75468 0 0 0 0 0 0 0 0 0 0 0 0 0 
75518 0 0 0 0 0 0 0 0 0 0 0 0 0 
75568 0 0 0 0 0 0 0 0 0 0 0 0 0 
75619 0 0 0 0 0 0 0 0 0 0 0 0 0 
