12380 0 0 0 0 0 0 0 0 0 0 -31842 1712 9065 
12431 0 0 0 0 0 0 0 0 0 0 -31842 1712 9065 
12481 0 0 0 0 0 0 0 0 0 0 -31842 1712 9065 
12531 0 0 0 0 0 0 0 0 0 0 -31842 1712 9065 
12581 0 0 0 0 0 0 0 0 0 0 -31842 1712 9065 
12631 0 0 0 0 0 0 0 0 0 0 -31842 1712 9065 
12681 0 0 0 0 0 0 0 0 0 0 -31842 1712 9065 
12731 0 0 0 0 0 0 0 0 0 0 -31842 1712 9065 
12781 0 0 0 0 0 0 0 0 0 0 -31842 1712 9065 
12831 0 0 0 0 0 0 0 0 0 0 -31842 1712 9065 
12882 0 0 0 0 0 0 0 0 0 0 -31842 1712 9065 
12932 0 0 0 0 0 0 0 0 0 0 -31842 1712 9065 
12982 0 0 0 0 0 0 0 0 0 0 -31842 1712 9065 
13032 0 0 0 0 0 0 0 0 0 0 -31842 1712 9065 
13082 0 0 0 0 0 0 0 0 0 0 -31842 1712 9065 
13132 0 0 0 0 0 0 0 0 0 0 -31842 1712 9065 
13183 0 0 0 0 0 0 0 0 0 0 -31842 1712 9065 
13233 0 0 0 0 0 0 0 0 0 0 -31842 1712 9065 
13283 0 0 0 0 0 0 0 0 0 0 -31842 1712 9065 
13333 0 0 0 0 0 0 0 0 0 0 -31842 1712 9065 
13383 0 0 0 0 0 0 0 0 0 0 -31842 1712 9065 
13433 0 0 0 0 0 0 0 0 0 0 -31842 1712 9065 
13483 0 0 0 0 0 0 0 0 0 0 -31842 1712 9065 
13533 0 0 0 0 0 0 0 0 0 0 -31842 1712 9065 
13583 0 0 0 0 0 0 0 0 0 0 -31842 1712 9065 
13633 0 0 0 0 0 0 0 0 0 0 -31842 1712 9065 
13684 0 0 0 0 0 0 0 0 0 0 -31842 1712 9065 
13734 0 0 0 0 0 0 0 0 0 0 -31842 1712 9065 
13784 0 0 0 0 0 0 0 0 0 0 -31842 1712 9065 
13834 0 0 0 0 0 0 0 0 0 0 -31842 1712 9065 
13884 0 0 0 0 0 0 0 0 0 0 -31842 1712 9065 
13934 0 0 0 0 0 0 0 0 0 0 -31842 1712 9065 
13984 0 0 0 0 0 0 0 0 0 0 -31842 1712 9065 
14034 0 0 0 0 0 0 0 0 0 0 -31842 1712 9065 
14084 0 0 0 0 0 0 0 0 0 0 -31842 1712 9065 
14134 0 0 0 0 0 0 0 0 0 0 -31842 1712 9065 
14184 0 0 0 0 0 0 0 0 0 0 -31842 1712 9065 
14235 0 0 0 0 0 0 0 0 0 0 -31842 1712 9065 
14285 0 0 0 0 0 0 0 0 0 0 -31842 1712 9065 
14335 0 0 0 0 0 0 0 0 0 0 -31842 1712 9065 
14385 0 0 0 0 0 0 0 0 0 0 -31842 1712 9065 
14435 0 0 0 0 0 0 0 0 0 0 -31842 1712 9065 
14485 0 0 0 0 0 0 0 0 0 0 -31842 1712 9065 
14535 0 0 0 0 0 0 0 0 0 0 -31842 1712 9065 
14585 0 0 0 0 0 0 0 0 0 0 -31842 1712 9065 
14635 0 0 0 0 0 0 0 0 0 0 -31842 1712 9065 
14685 0 0 0 0 0 0 0 0 0 0 -31842 1712 9065 
14735 0 0 0 0 0 0 0 0 0 0 -31842 1712 9065 
14786 0 0 0 0 0 0 0 0 0 0 -31842 1712 9065 
14836 0 0 0 0 0 0 0 0 0 0 -31842 1712 9065 
14886 0 0 0 0 0 0 0 0 0 0 -31842 1712 9065 
14936 0 0 0 0 0 0 0 0 0 0 -31842 1712 9065 
14986 0 0 0 0 0 0 0 0 0 0 -31842 1712 9065 
15036 0 0 0 0 0 0 0 0 0 0 -31842 1712 9065 
15086 0 0 0 0 0 0 0 0 0 0 -31842 1712 9065 
15136 0 0 0 0 0 0 0 0 0 0 -31842 1712 9065 
15186 0 0 0 0 0 0 0 0 0 0 -31842 1712 9065 
15236 0 0 0 0 0 0 0 0 0 0 -31842 1712 9065 
15286 0 0 0 0 0 0 0 0 0 0 -31842 1712 9065 
15337 0 0 0 0 0 0 0 0 0 0 -31842 1712 9065 
15387 0 0 0 0 0 0 0 0 0 0 -31842 1712 9065 
15437 0 0 0 0 0 0 0 0 0 0 -31842 1712 9065 
15487 0 0 0 0 0 0 0 0 0 0 -31842 1712 9065 
15537 0 0 0 0 0 0 0 0 0 0 -31842 1712 9065 
15587 0 0 0 0 0 0 0 0 0 0 -31842 1712 9065 
15637 0 0 0 0 0 0 0 0 0 0 -31842 1712 9065 
15687 0 0 0 0 0 0 0 0 0 0 -31842 1712 9065 
15737 0 0 0 0 0 0 0 0 0 0 -31842 1712 9065 
15787 0 0 0 0 0 0 0 0 0 0 -31842 1712 9065 
15838 0 0 0 0 0 0 0 0 0 0 -31842 1712 9065 
15888 0 0 0 0 0 0 0 0 0 0 -31842 1712 9065 
15939 0 0 0 0 0 0 0 0 0 0 -31842 1712 9065 
15989 0 0 0 0 0 0 0 0 0 0 -31842 1712 9065 
16039 0 0 0 0 0 0 0 0 0 0 -31842 1712 9065 
16090 0 0 0 0 0 0 0 0 0 0 -31842 1712 9065 
16140 0 0 0 0 0 0 0 0 0 0 -31842 1712 9065 
16190 0 0 0 0 0 0 0 0 0 0 -31842 1712 9065 
16240 0 0 0 0 0 0 0 0 0 0 -31842 1712 9065 
16290 0 0 0 0 0 0 0 0 0 0 -31842 1712 9065 
16340 0 0 0 0 0 0 0 0 0 0 -31842 1712 9065 
16390 0 0 0 0 0 0 0 0 0 0 -31842 1712 9065 
16440 0 0 0 0 0 0 0 0 0 0 -31842 1712 9065 
16490 0 0 0 0 0 0 0 0 0 0 -31842 1712 9065 
16540 0 0 0 0 0 0 0 0 0 0 -31842 1712 9065 
16590 0 0 0 0 0 0 0 0 0 0 -31842 1712 9065 
16641 0 0 0 0 0 0 0 0 0 0 -31842 1712 9065 
16691 0 0 0 0 0 0 0 0 0 0 -31842 1712 9065 
16741 0 0 0 0 0 0 0 0 0 0 -31842 1712 9065 
16791 0 0 0 0 0 0 0 0 0 0 -31842 1712 9065 
16841 0 0 0 0 0 0 0 0 0 0 -31842 1712 9065 
16891 0 0 0 0 0 0 0 0 0 0 -31842 1712 9065 
16941 0 0 0 0 0 0 0 0 0 0 -31842 1712 9065 
16991 0 0 0 0 0 0 0 0 0 0 -31842 1712 9065 
17041 0 0 0 0 0 0 0 0 0 0 -31842 1712 9065 
17091 0 0 0 0 0 0 0 0 0 0 -31842 1712 9065 
17141 0 0 0 0 0 0 0 0 0 0 -31842 1712 9065 
17191 0 0 0 0 0 0 0 0 0 0 -31842 1712 9065 
17242 0 0 0 0 0 0 0 0 0 0 -31842 1712 9065 
17292 0 0 0 0 0 0 0 0 0 0 -31842 1712 9065 
17342 0 0 0 0 0 0 0 0 0 0 -31842 1712 9065 
17392 0 0 0 0 0 0 0 0 0 0 -31842 1712 9065 
17442 0 0 0 0 0 0 0 0 0 0 -31842 1712 9065 
17492 0 0 0 0 0 0 0 0 0 0 -31842 1712 9065 
17542 0 0 0 0 0 0 0 0 0 0 -31842 1712 9065 
17592 0 0 0 0 0 0 0 0 0 0 -31842 1712 9065 
17642 0 0 0 0 0 0 0 0 0 0 -31842 1712 9065 
17693 0 0 0 0 0 0 0 0 0 0 -31842 1712 9065 
17743 0 0 0 0 0 0 0 0 0 0 -31842 1712 9065 
