-1845493760 1457 0 0 0 0 0 0 0 0 0 0 0 0 0 -256 -15346 1457 0 0 0 0 0 0 0 0 0 0 0 0 0 -256 -2546 1457 0 0 0 0 0 0 0 0 0 0 0 0 0 -256 10254 1458 0 
0 0 0 0 0 0 0 0 0 0 0 -256 23054 1458 0 0 0 0 0 0 0 0 0 0 0 0 0 -256 -29682 1458 0 0 0 0 0 0 0 0 0 0 0 0 0 -256 -16882 1458 0 0 0 0 0 
0 0 0 0 0 0 0 -256 -3826 1458 0 0 0 0 0 0 0 0 0 0 0 0 0 -256 8974 1459 0 0 0 0 0 0 0 0 0 0 0 0 0 -256 21774 1459 0 0 0 0 0 0 0 0 0 
0 0 0 -256 -30962 1459 0 0 0 0 0 0 0 0 0 0 0 0 0 -256 -18162 1459 0 0 0 0 0 0 0 0 0 0 0 0 0 -256 -5362 1459 0 0 0 0 0 0 0 0 0 0 0 0 0 
537853696 1460 0 0 0 0 0 0 0 0 0 0 0 0 0 -256 21006 1460 0 0 0 0 0 0 0 0 0 0 0 0 0 -256 -31730 1460 0 0 0 0 0 0 0 0 0 0 0 0 0 -256 -18930 1460 0 
0 0 0 0 0 0 0 0 0 0 0 -256 -6130 1460 0 0 0 0 0 0 0 0 0 0 0 0 0 -256 6670 1461 0 0 0 0 0 0 0 0 0 0 0 0 0 -256 19470 1461 0 0 0 0 0 
0 0 0 0 0 0 0 -256 32270 1461 0 0 0 0 0 0 0 0 0 0 0 0 0 -256 -20466 1461 0 0 0 0 0 0 0 0 0 0 0 0 0 -256 -7666 1461 0 0 0 0 0 0 0 0 0 
0 0 0 -256 5134 1462 0 0 0 0 0 0 0 0 0 0 0 0 0 -256 17934 1462 0 0 0 0 0 0 0 0 0 0 0 0 0 -256 30990 1462 0 0 0 0 0 0 0 0 0 0 0 0 0 
-1425080576 1462 0 0 0 0 0 0 0 0 0 0 0 0 0 -256 -8946 1462 0 0 0 0 0 0 0 0 0 0 0 0 0 -256 3854 1463 0 0 0 0 0 0 0 0 0 0 0 0 0 -256 16654 1463 0 
0 0 0 0 0 0 0 0 0 0 0 -256 29454 1463 0 0 0 0 0 0 0 0 0 0 0 0 0 -256 -23282 1463 0 0 0 0 0 0 0 0 0 0 0 0 0 -256 -10482 1463 0 0 0 0 0 
0 0 0 0 0 0 0 -256 2318 1464 0 0 0 0 0 0 0 0 0 0 0 0 0 -256 15374 1464 0 0 0 0 0 0 0 0 0 0 0 0 0 -256 28174 1464 0 0 0 0 0 0 0 0 0 
0 0 0 -256 -24562 1464 0 0 0 0 0 0 0 0 0 0 0 0 0 -256 -11762 1464 0 0 0 0 0 0 0 0 0 0 0 0 0 -256 1038 1465 0 0 0 0 0 0 0 0 0 0 0 0 0 
906952448 1465 0 0 0 0 0 0 0 0 0 0 0 0 0 -256 26638 1465 0 0 0 0 0 0 0 0 0 0 0 0 0 -256 -26098 1465 0 0 0 0 0 0 0 0 0 0 0 0 0 -256 -13298 1465 0 
0 0 0 0 0 0 0 0 0 0 0 -256 -498 1465 0 0 0 0 0 0 0 0 0 0 0 0 0 -256 12302 1466 0 0 0 0 0 0 0 0 0 0 0 0 0 -256 25102 1466 0 0 0 0 0 
0 0 0 0 0 0 0 -256 -27378 1466 0 0 0 0 0 0 0 0 0 0 0 0 0 -256 -14578 1466 0 0 0 0 0 0 0 0 0 0 0 0 0 -256 -1778 1466 0 0 0 0 0 0 0 0 0 
0 0 0 -256 11022 1467 0 0 0 0 0 0 0 0 0 0 0 0 0 -256 23822 1467 0 0 0 0 0 0 0 0 0 0 0 0 0 -256 -28914 1467 0 0 0 0 0 0 0 0 0 0 0 0 0 
-1055981824 1467 0 0 0 0 0 0 0 0 0 0 0 0 0 -256 -3314 1467 0 0 0 0 0 0 0 0 0 0 0 0 0 -256 9486 1468 0 0 0 0 0 0 0 0 0 0 0 0 0 -256 22286 1468 0 
0 0 0 0 0 0 0 0 0 0 0 -256 -30450 1468 0 0 0 0 0 0 0 0 0 0 0 0 0 -256 -17394 1468 0 0 0 0 0 0 0 0 0 0 0 0 0 -256 -4594 1468 0 0 0 0 0 
0 0 0 0 0 0 0 -256 8206 1469 0 0 0 0 0 0 0 0 0 0 0 0 0 -256 21006 1469 0 0 0 0 0 0 0 0 0 0 0 0 0 -256 -31730 1469 0 0 0 0 0 0 0 0 0 
0 0 0 -256 -18930 1469 0 0 0 0 0 0 0 0 0 0 0 0 0 -256 -5874 1469 0 0 0 0 0 0 0 0 0 0 0 0 0 -256 6926 1470 0 0 0 0 0 0 0 0 0 0 0 0 0 
1292828416 1470 0 0 0 0 0 0 0 0 0 0 0 0 0 -256 32526 1470 0 0 0 0 0 0 0 0 0 0 0 0 0 -256 -20210 1470 0 0 0 0 0 0 0 0 0 0 0 0 0 -256 -7410 1470 0 
0 0 0 0 0 0 0 0 0 0 0 -256 5390 1471 0 0 0 0 0 0 0 0 0 0 0 0 0 -256 18190 1471 0 0 0 0 0 0 0 0 0 0 0 0 0 -256 30990 1471 0 0 0 0 0 
0 0 0 0 0 0 0 -256 -21490 1471 0 0 0 0 0 0 0 0 0 0 0 0 0 -256 -8690 1471 0 0 0 0 0 0 0 0 0 0 0 0 0 -256 4110 1472 0 0 0 0 0 0 0 0 0 
0 0 0 -256 16910 1472 0 0 0 0 0 0 0 0 0 0 0 0 0 -256 29710 1472 0 0 0 0 0 0 0 0 0 0 0 0 0 -256 -23026 1472 0 0 0 0 0 0 0 0 0 0 0 0 0 
-670105856 1472 0 0 0 0 0 0 0 0 0 0 0 0 0 -256 2574 1473 0 0 0 0 0 0 0 0 0 0 0 0 0 -256 15374 1473 0 0 0 0 0 0 0 0 0 0 0 0 0 -256 28174 1473 0 
0 0 0 0 0 0 0 0 0 0 0 -256 -24306 1473 0 0 0 0 0 0 0 0 0 0 0 0 0 -256 -11506 1473 0 0 0 0 0 0 0 0 0 0 0 0 0 -256 1294 1474 0 0 0 0 0 
0 0 0 0 0 0 0 -256 14094 1474 0 0 0 0 0 0 0 0 0 0 0 0 0 -256 26894 1474 0 0 0 0 0 0 0 0 0 0 0 0 0 -256 -25842 1474 0 0 0 0 0 0 0 0 0 
0 0 0 -256 -13042 1474 0 0 0 0 0 0 0 0 0 0 0 0 0 -256 -242 1474 0 0 0 0 0 0 0 0 0 0 0 0 0 -256 12558 1475 0 0 0 0 0 0 0 0 0 0 0 0 0 
1661927168 1475 0 0 0 0 0 0 0 0 0 0 0 0 0 -256 -27378 1475 0 0 0 0 0 0 0 0 0 0 0 0 0 -256 -14322 1475 0 0 0 0 0 0 0 0 0 0 0 0 0 -256 -1522 1475 0 
0 0 0 0 0 0 0 0 0 0 0 -256 11278 1476 0 0 0 0 0 0 0 0 0 0 0 0 0 -256 24078 1476 0 0 0 0 0 0 0 0 0 0 0 0 0 -256 -28658 1476 0 0 0 0 0 
0 0 0 0 0 0 0 -256 -15858 1476 0 0 0 0 0 0 0 0 0 0 0 0 0 -256 -3058 1476 0 0 0 0 0 0 0 0 0 0 0 0 0 -256 9742 1477 0 0 0 0 0 0 0 0 0 
0 0 0 -256 22542 1477 0 0 0 0 0 0 0 0 0 0 0 0 0 -256 -30194 1477 0 0 0 0 0 0 0 0 0 0 0 0 0 -256 -17394 1477 0 0 0 0 0 0 0 0 0 0 0 0 0 
-284229888 1477 0 0 0 0 0 0 0 0 0 0 0 0 0 -256 8462 1478 0 0 0 0 0 0 0 0 0 0 0 0 0 -256 21262 1478 0 0 0 0 0 0 0 0 0 0 0 0 0 -256 -31474 1478 0 
0 0 0 0 0 0 0 0 0 0 0 -256 4366 5439 0 0 0 0 0 0 0 0 0 0 0 0 0 0 0 0 0 0 0 0 0 0 0 0 0 0 0 0 0 0 0 0 0 0 0 0 0 
