1557082258 0 0 0 0 516 502 408 377 312 489 377 370 388 
1559601058 0 0 0 0 515 502 406 377 313 489 377 370 388 
1561727046 0 0 0 0 515 502 407 378 314 489 378 371 389 
1562080646 0 0 0 0 515 502 408 378 314 489 378 371 389 
1564245046 0 0 0 0 515 502 408 379 313 489 379 372 390 
1564598726 0 0 0 0 514 502 407 379 313 489 379 372 390 
1566722634 0 0 0 0 515 502 407 378 312 490 378 371 389 
1567116638 0 0 0 0 515 502 406 378 312 490 378 371 389 
1569240658 0 0 0 0 515 503 407 377 313 489 377 370 388 
1569633832 0 0 0 0 514 502 407 377 312 489 377 370 388 
1572112232 0 0 0 0 515 502 407 378 312 489 378 371 389 
1574433426 0 0 0 0 515 501 407 378 312 489 378 371 389 
1574629414 0 0 0 0 515 501 407 378 312 489 378 371 389 
1576911808 0 0 0 0 515 502 407 379 312 489 378 371 389 
1577108220 0 0 0 0 515 502 407 378 312 488 378 371 389 
1579428214 0 0 0 0 515 502 407 378 313 489 378 371 389 
1579664208 0 0 0 0 515 502 407 378 313 489 378 371 389 
1581945396 0 0 0 0 515 501 407 378 313 488 378 371 389 
1582142194 0 0 0 0 515 501 407 378 313 488 378 371 389 
1584659794 0 0 0 0 516 502 407 378 312 488 378 372 389 
1587139388 0 0 0 0 515 503 407 378 312 488 378 371 389 
1587297388 0 0 0 0 514 503 407 378 312 488 378 371 389 
1589618188 0 0 0 0 516 503 407 378 312 488 378 371 389 
1589814988 0 0 0 0 515 502 407 378 312 488 378 371 389 
1592134976 0 0 0 0 515 503 408 377 312 488 377 370 388 
1592331776 0 0 0 0 515 503 408 377 312 488 377 370 388 
1594652976 0 0 0 0 515 503 407 377 312 489 377 370 388 
1594810162 0 0 0 0 515 502 408 378 312 489 378 371 389 
1597170562 0 0 0 0 515 502 406 378 313 489 378 371 389 
1599688562 0 0 0 0 515 502 407 378 313 490 378 371 389 
1599806618 0 0 0 0 515 502 407 378 314 490 378 371 389 
1602206150 0 0 0 0 514 501 406 378 313 490 378 371 389 
1602324550 0 0 0 0 515 501 407 378 313 490 378 371 389 
1604724544 0 0 0 0 515 502 407 378 312 490 378 371 389 
1604842944 0 0 0 0 515 502 407 378 311 490 378 371 389 
1607240938 0 0 0 0 515 502 407 378 311 490 378 371 389 
1607359030 0 0 0 0 515 502 407 378 312 490 378 371 389 
1609718938 0 0 0 0 515 502 407 378 312 490 377 370 388 
1612196188 0 0 0 0 516 502 407 378 312 489 378 371 389 
1612432524 0 0 0 0 516 502 407 377 312 489 377 371 389 
1614752568 0 0 0 0 517 501 408 378 313 489 378 372 390 
1614910112 0 0 0 0 516 501 409 378 313 489 378 372 390 
1617228112 0 0 0 0 517 503 406 377 314 489 377 371 389 
1617425186 0 0 0 0 516 503 407 378 314 489 378 371 389 
1619745980 0 0 0 0 515 502 406 378 316 489 378 371 389 
1619942898 0 0 0 0 514 502 407 378 316 489 378 371 389 
1622225306 0 0 0 0 514 503 408 378 315 489 378 371 389 
1624782986 0 0 0 0 514 502 406 377 313 490 377 370 388 
1625098498 0 0 0 0 514 502 405 377 312 490 377 371 389 
1627262886 0 0 0 0 514 501 406 377 312 489 377 370 388 
1627578486 0 0 0 0 514 501 406 377 312 489 377 370 388 
1629782480 0 0 0 0 513 502 407 379 312 488 379 372 389 
1630136886 0 0 0 0 513 502 407 379 311 488 379 372 389 
1632262074 0 0 0 0 516 503 406 380 312 488 379 372 389 
1632614872 0 0 0 0 515 502 406 379 312 488 379 373 390 
1634777668 0 0 0 0 514 502 407 379 311 489 379 373 390 
1637253654 0 0 0 0 516 502 409 379 311 490 379 373 391 
1637765192 0 0 0 0 516 502 409 380 311 491 380 373 391 
1639771654 0 0 0 0 516 502 408 380 312 490 379 372 390 
1640244854 0 0 0 0 516 503 408 379 312 490 379 372 390 
1642290054 0 0 0 0 516 503 408 378 313 488 378 372 389 
1642762040 0 0 0 0 516 503 409 378 313 488 378 371 389 
1644768442 0 0 0 0 516 504 408 377 313 487 377 370 388 
1645320040 0 0 0 0 516 504 407 376 313 487 376 370 388 
1647325630 0 0 0 0 516 503 407 376 313 487 376 369 387 
1649804836 0 0 0 0 515 502 406 376 311 487 376 369 387 
1650433234 0 0 0 0 516 502 406 376 312 487 376 369 387 
1652321222 0 0 0 0 515 502 406 377 313 487 377 370 388 
1652990014 0 0 0 0 515 502 406 377 312 486 377 370 387 
1654840016 0 0 0 0 514 502 407 378 313 487 377 370 388 
1655468414 0 0 0 0 515 502 407 378 313 487 377 370 388 
1657316410 0 0 0 0 514 503 407 379 313 488 379 372 389 
1657984414 0 0 0 0 515 502 407 379 313 489 379 372 390 
1659832410 0 0 0 0 514 503 407 379 313 490 379 372 390 
1662350034 0 0 0 0 514 503 406 379 315 491 379 372 390 
1663137590 0 0 0 0 514 503 406 379 314 491 379 372 390 
1664829454 0 0 0 0 514 503 408 379 314 490 378 371 389 
1665656788 0 0 0 0 514 503 407 379 313 490 379 372 390 
1667387590 0 0 0 0 514 503 407 378 313 490 378 371 389 
1668175182 0 0 0 0 514 503 407 378 312 489 378 371 389 
1669866384 0 0 0 0 514 504 408 378 311 488 378 371 389 
1670652470 0 0 0 0 515 503 407 378 311 488 378 371 389 
1672380766 0 0 0 0 515 502 406 377 312 489 377 370 388 
1674899172 0 0 0 0 515 503 407 377 313 490 377 370 388 
1675843962 0 0 0 0 515 502 407 378 313 490 377 370 388 
1677377566 0 0 0 0 514 502 407 379 312 490 379 372 390 
1678321562 0 0 0 0 514 503 407 379 312 490 379 372 390 
1679895958 0 0 0 0 515 503 407 380 312 490 379 372 390 
1680839556 0 0 0 0 515 503 406 379 313 490 378 371 389 
1682374352 0 0 0 0 515 502 407 378 312 490 378 372 390 
1683358262 0 0 0 0 516 503 408 379 313 490 379 372 390 
1684891540 0 0 0 0 515 503 408 378 312 489 378 371 389 
1687410734 0 0 0 0 516 502 407 377 312 489 377 370 388 
1688513024 0 0 0 0 516 503 407 378 312 489 378 371 389 
1689889934 0 0 0 0 515 502 408 378 313 489 378 371 389 
1690991518 0 0 0 0 516 502 408 378 312 489 377 370 388 
1692447120 0 0 0 0 516 502 406 377 313 489 377 370 388 
1693549112 0 0 0 0 516 502 406 377 313 488 377 370 388 
1694926320 0 0 0 0 515 502 406 378 314 488 378 372 389 
1696029780 0 0 0 0 515 501 407 379 313 488 379 372 389 
1697407102 0 0 0 0 514 502 407 379 314 488 379 372 389 
1699964702 0 0 0 0 515 504 407 379 313 488 379 372 389 
1701183892 0 0 0 0 515 503 406 378 313 489 378 371 389 
1702441894 0 0 0 0 514 503 406 378 313 488 378 371 389 
1703702292 0 0 0 0 514 503 407 378 313 488 378 371 389 
1704923094 0 0 0 0 515 504 408 378 312 488 378 371 389 
1706182292 0 0 0 0 515 504 408 378 311 488 378 371 389 
1707441482 0 0 0 0 515 503 407 377 311 488 377 371 389 
1708700272 0 0 0 0 515 503 407 377 312 488 377 371 389 
1709998282 0 0 0 0 515 503 406 378 313 487 378 371 388 
1712479226 0 0 0 0 515 504 408 378 313 488 378 371 389 
1713856666 0 0 0 0 515 503 407 378 313 489 378 371 389 
1714958476 0 0 0 0 515 503 407 378 314 489 377 370 388 
1716335728 0 0 0 0 515 503 407 378 313 490 378 371 389 
1717516250 0 0 0 0 514 503 406 377 313 490 377 370 388 
1718893566 0 0 0 0 514 503 407 378 313 489 378 371 389 
1719994650 0 0 0 0 515 503 408 379 313 489 379 372 390 
1721372546 0 0 0 0 514 503 406 378 313 489 378 371 389 
1722473438 0 0 0 0 515 504 406 379 313 489 378 371 389 
1725031444 0 0 0 0 515 503 408 378 312 489 378 371 389 
1726564640 0 0 0 0 515 502 408 377 312 489 377 370 388 
1727509900 0 0 0 0 516 503 408 377 312 489 377 370 388 
1729043834 0 0 0 0 515 503 407 377 313 489 377 371 389 
1730026074 0 0 0 0 515 503 407 378 313 488 378 371 389 
1731560226 0 0 0 0 516 503 406 378 313 489 378 371 389 
1732504618 0 0 0 0 516 503 406 378 313 489 378 371 389 
1734078220 0 0 0 0 515 503 406 377 313 489 377 370 388 
1735021806 0 0 0 0 515 503 406 377 314 489 377 370 388 
1737540606 0 0 0 0 514 503 407 379 313 488 378 371 389 
1739191000 0 0 0 0 514 503 408 380 312 488 380 373 390 
1740056598 0 0 0 0 514 503 408 380 312 488 380 373 390 
1741746594 0 0 0 0 515 504 407 379 312 489 379 373 390 
1742534992 0 0 0 0 515 504 407 378 311 489 378 371 389 
1744227388 0 0 0 0 515 504 407 378 312 489 378 371 389 
1745092592 0 0 0 0 515 503 407 377 312 489 377 370 388 
1746745382 0 0 0 0 515 503 406 376 313 489 376 369 387 
1747571380 0 0 0 0 515 503 406 377 313 489 377 370 388 
1750050580 0 0 0 0 515 503 408 378 313 489 378 371 389 
1751896962 0 0 0 0 515 503 406 379 313 490 379 372 390 
1752606172 0 0 0 0 515 502 406 379 313 489 379 372 390 
1754414306 0 0 0 0 515 503 407 379 312 489 379 372 390 
1755083366 0 0 0 0 515 504 407 379 313 489 379 372 390 
1756932556 0 0 0 0 514 504 407 379 312 488 379 372 389 
1757561354 0 0 0 0 514 504 407 379 312 489 379 372 390 
1759410542 0 0 0 0 515 503 407 378 311 489 378 371 389 
1760078954 0 0 0 0 515 504 408 377 311 489 377 370 388 
1762597822 0 0 0 0 516 504 408 377 312 488 377 370 388 
1764604142 0 0 0 0 515 503 407 377 313 488 377 370 388 
1765114940 0 0 0 0 515 502 407 377 313 488 377 370 388 
1767083386 0 0 0 0 515 503 408 377 313 488 377 370 388 
1767594534 0 0 0 0 516 503 408 377 314 489 377 370 388 
1769602522 0 0 0 0 515 503 407 378 314 489 378 371 389 
1770153622 0 0 0 0 515 503 407 378 314 489 378 371 389 
1772119722 0 0 0 0 516 503 406 378 314 489 378 371 389 
1772630514 0 0 0 0 515 502 406 378 313 489 378 371 389 
1775148502 0 0 0 0 514 503 408 378 313 489 378 371 389 
1777232504 0 0 0 0 514 503 408 380 312 488 379 372 389 
1777663696 0 0 0 0 514 503 407 379 311 488 379 372 389 
1779709696 0 0 0 0 514 503 407 379 311 488 379 372 389 
1780142502 0 0 0 0 515 504 406 378 311 488 378 371 389 
1782228084 0 0 0 0 515 503 408 377 311 488 377 371 389 
1782621570 0 0 0 0 515 503 408 378 311 488 378 371 389 
1784746084 0 0 0 0 515 504 408 377 312 489 377 370 388 
1785139682 0 0 0 0 515 503 408 378 312 489 377 370 388 
1787656082 0 0 0 0 516 504 407 378 313 489 378 371 389 
1789898476 0 0 0 0 515 503 407 378 315 489 378 371 389 
1790174476 0 0 0 0 515 503 407 378 314 489 378 371 389 
1792378064 0 0 0 0 515 503 407 379 314 490 379 372 390 
1792849700 0 0 0 0 515 503 407 379 314 489 379 372 390 
1794934452 0 0 0 0 515 503 406 379 313 489 378 371 389 
1795367468 0 0 0 0 515 503 407 378 313 489 378 372 390 
1797414338 0 0 0 0 514 503 407 378 311 489 378 371 389 
1797926450 0 0 0 0 515 503 407 378 311 488 378 371 389 
1800405650 0 0 0 0 516 504 407 379 311 488 378 371 389 
1802568844 0 0 0 0 515 504 408 377 311 488 377 370 388 
1802884438 0 0 0 0 515 504 408 377 311 487 377 370 388 
1805048838 0 0 0 0 516 504 407 377 312 488 377 370 388 
1805442836 0 0 0 0 516 504 408 377 313 488 377 371 389 
1807567232 0 0 0 0 515 503 408 378 314 489 377 370 388 
1807922424 0 0 0 0 515 503 408 378 314 489 377 370 388 
1810085288 0 0 0 0 515 504 408 378 314 490 378 371 389 
1810440018 0 0 0 0 515 504 408 378 314 490 378 371 389 
1812919212 0 0 0 0 515 503 406 377 314 489 377 370 388 
1815238412 0 0 0 0 515 503 406 377 313 489 377 370 388 
1815434812 0 0 0 0 515 502 406 377 313 489 377 370 388 
1817755606 0 0 0 0 514 503 407 378 312 489 378 371 389 
1817951604 0 0 0 0 515 503 407 378 312 488 378 371 389 
1820271992 0 0 0 0 515 503 407 379 311 488 379 372 389 
1820468392 0 0 0 0 515 503 407 379 312 489 379 372 390 
1822749874 0 0 0 0 515 503 407 378 312 488 378 371 389 
1822985586 0 0 0 0 515 503 407 378 312 488 378 371 389 
1825462786 0 0 0 0 515 504 408 377 312 489 377 371 389 
1827901178 0 0 0 0 516 504 407 377 313 489 377 370 388 
1828098398 0 0 0 0 515 503 407 377 313 489 377 370 388 
1830418360 0 0 0 0 515 504 408 378 313 489 378 371 389 
1830614772 0 0 0 0 515 503 407 378 314 489 378 371 389 
1832897154 0 0 0 0 515 503 407 378 314 489 378 371 389 
1833093952 0 0 0 0 515 503 407 378 314 488 378 372 389 
1835414760 0 0 0 0 515 504 406 378 313 489 378 371 389 
1835611558 0 0 0 0 515 503 406 378 313 489 378 371 389 
1837971946 0 0 0 0 515 503 407 378 312 489 378 371 389 
1840488334 0 0 0 0 515 504 407 378 312 488 378 371 389 
1840606346 0 0 0 0 516 504 407 378 312 488 378 371 389 
1843006734 0 0 0 0 516 504 407 379 312 488 378 371 389 
1843124728 0 0 0 0 515 503 406 378 313 488 378 371 389 
1845484808 0 0 0 0 515 504 407 377 313 489 377 370 388 
1845642334 0 0 0 0 515 504 407 377 313 489 377 370 388 
1848003514 0 0 0 0 515 503 408 378 313 489 378 371 389 
1848161126 0 0 0 0 515 503 408 378 312 489 378 371 389 
1850521908 0 0 0 0 515 503 408 378 313 489 378 371 389 
1853038308 0 0 0 0 515 503 406 378 313 489 378 371 389 
1853234976 0 0 0 0 515 503 406 378 313 489 378 371 389 
1855557108 0 0 0 0 515 504 407 378 313 489 378 371 389 
1855754306 0 0 0 0 515 504 406 377 313 489 377 371 389 
1858035094 0 0 0 0 514 502 408 378 312 489 378 371 389 
1858271088 0 0 0 0 514 503 407 378 312 489 378 371 389 
1860513494 0 0 0 0 516 503 408 379 312 489 378 371 389 
1860749888 0 0 0 0 515 503 407 378 311 489 378 371 389 
1863069076 0 0 0 0 516 503 408 379 312 489 378 371 389 
1865584682 0 0 0 0 516 504 407 377 313 489 377 370 388 
1865938962 0 0 0 0 515 504 407 377 313 488 377 370 388 
1868064268 0 0 0 0 515 503 407 378 314 488 378 371 389 
1868419074 0 0 0 0 515 503 407 378 314 488 378 371 389 
1870582738 0 0 0 0 515 503 406 377 313 488 377 370 388 
1870937462 0 0 0 0 515 503 406 377 314 489 377 370 388 
1873062256 0 0 0 0 514 504 408 378 312 489 378 371 389 
1873456262 0 0 0 0 514 504 408 378 312 488 378 372 389 
1875581056 0 0 0 0 515 503 406 378 312 489 377 370 388 
1878058636 0 0 0 0 515 504 406 377 312 488 377 370 388 
1878609930 0 0 0 0 515 504 407 377 312 488 377 370 388 
1880578636 0 0 0 0 515 503 408 378 312 488 377 370 388 
1881128642 0 0 0 0 515 504 408 378 312 489 378 371 389 
1883133836 0 0 0 0 516 504 408 378 312 489 378 371 389 
1883645822 0 0 0 0 516 504 408 378 312 489 378 371 389 
1885614224 0 0 0 0 515 503 408 378 313 489 377 370 388 
1886165422 0 0 0 0 516 503 408 377 313 489 377 371 389 
1888092898 0 0 0 0 515 504 406 377 314 489 377 371 389 
1890609004 0 0 0 0 515 503 407 378 314 489 378 371 389 
1891317008 0 0 0 0 515 503 408 378 313 489 378 371 389 
1893126204 0 0 0 0 515 503 407 378 312 489 378 371 389 
1893833520 0 0 0 0 515 503 407 378 312 489 378 371 389 
1895643004 0 0 0 0 516 503 406 377 313 488 377 370 388 
1896311402 0 0 0 0 515 503 405 376 313 488 376 370 388 
1898118598 0 0 0 0 515 503 407 377 313 488 377 370 388 
1898826990 0 0 0 0 514 502 408 378 312 488 378 371 389 
1900636578 0 0 0 0 515 503 407 379 312 488 378 371 389 
1903154584 0 0 0 0 515 504 407 379 313 489 378 371 389 
1903980576 0 0 0 0 515 504 408 379 313 489 379 372 390 
1905632796 0 0 0 0 515 504 409 379 313 489 379 372 390 
1906459364 0 0 0 0 515 504 408 378 313 490 378 371 389 
1908148566 0 0 0 0 516 504 408 378 313 490 378 371 389 
1909013770 0 0 0 0 516 504 407 377 314 490 377 370 388 
1910704564 0 0 0 0 515 503 406 377 314 489 377 370 388 
1911490150 0 0 0 0 515 503 406 376 314 489 376 369 387 
1913179620 0 0 0 0 515 504 407 377 313 488 377 370 388 
1915658946 0 0 0 0 514 503 406 377 312 488 377 370 388 
1916681350 0 0 0 0 514 502 406 377 312 488 377 370 388 
1918215738 0 0 0 0 515 502 407 378 311 488 378 371 389 
1919160236 0 0 0 0 514 503 407 378 312 489 378 371 389 
1920694532 0 0 0 0 514 503 407 379 311 489 379 372 390 
1921677336 0 0 0 0 515 503 408 379 311 489 379 372 390 
1923171894 0 0 0 0 515 504 408 379 312 489 379 372 390 
1924195330 0 0 0 0 515 504 408 379 313 489 378 371 389 
1925690920 0 0 0 0 515 504 407 378 314 489 378 371 389 
1928206120 0 0 0 0 515 504 407 377 314 490 377 370 388 
1929346916 0 0 0 0 515 504 408 378 314 490 377 370 388 
1930722912 0 0 0 0 514 503 408 378 313 490 378 371 389 
1931864504 0 0 0 0 514 504 407 378 313 490 378 371 389 
1933241694 0 0 0 0 514 504 407 378 313 489 378 371 389 
1934380896 0 0 0 0 515 504 407 377 312 489 377 370 388 
1935718088 0 0 0 0 515 503 406 377 313 489 377 370 388 
1936899696 0 0 0 0 515 504 406 377 314 489 376 369 387 
1938238712 0 0 0 0 515 503 407 376 314 489 376 369 387 
1940717280 0 0 0 0 513 502 407 379 313 489 379 372 390 
1942015278 0 0 0 0 513 503 407 379 312 488 379 372 389 
1943235268 0 0 0 0 514 504 407 380 312 489 379 372 390 
1944532876 0 0 0 0 514 503 407 379 311 489 379 372 390 
