-603979775 9254 10077 5890 2562 -25342 -23807 -22271 -26367 1 0 0 -23552 -22015 -26623 -255 -8178 19093 10077 5890 2306 -25342 -24063 -22271 -26623 1 0 0 -24320 -22015 -26623 -255 -16882 25390 10077 5890 2306 -25598 -24063 -22271 -26367 1 0 0 -24320 -22015 -26623 -255 -7666 28918 10077 
151131906 -25598 -23807 -22271 -26367 1 0 0 -24064 -22015 -26623 -255 14 -30314 10077 5890 2050 -25342 -23807 -22271 -26367 1 0 0 -23552 -22015 -26623 -255 -4594 -26779 10077 5890 2050 -25598 -23807 -22271 -26367 1 0 0 -23552 -22015 -26623 -255 -21490 -20635 10077 5634 2050 -25598 -23807 
-1727944447 1 0 0 -23552 -22015 -26623 -255 9230 -17097 10077 5634 2306 -25598 -23807 -22527 -26367 1 0 0 -23552 -22015 -26623 -255 -20466 -10796 10077 5890 2306 -25342 -23807 -22271 -26623 1 0 0 -23552 -22015 -26623 -255 -24562 -7260 10077 5890 2306 -25342 -23807 -22271 -26623 1 0 
-1543503872 -22271 -26623 -255 10766 2567 10078 5890 2306 -25342 -23807 -22271 -26623 1 0 0 -23552 -22271 -26623 -255 22030 9331 10078 6146 2306 -25342 -24063 -22271 -26623 1 0 0 -23808 -22271 -26623 -255 -23026 12404 10078 6146 2306 -25342 -24063 -22271 -26623 1 0 0 -24064 -22271 -26623 
-468779263 19010 10078 6402 2306 -25342 -24063 -22271 -26623 1 0 0 -24320 -22015 -26623 -255 29198 22087 10078 6402 2306 -25342 -24063 -22271 -26623 1 0 0 -24064 -22015 -26623 -255 5646 28853 10078 6146 2050 -25342 -24063 -22271 -26367 1 0 0 -23808 -22015 -26623 -255 31758 31923 10078 
151131906 -25342 -23807 -22271 -26367 1 0 0 -23552 -22015 -26623 -255 25614 -26849 10078 5634 2562 -25342 -23807 -22271 -26367 1 0 0 -23552 -22015 -26623 -255 18958 -23777 10078 5634 2306 -25342 -23807 -22271 -26367 1 0 0 -23552 -22015 -26623 -255 -1010 -14098 10078 5634 2306 -25598 -24063 
-1744721663 1 0 0 -24320 -22015 -26623 -255 -3570 -6723 10078 5634 2562 -25342 -24063 -22271 -26623 1 0 0 -24064 -22271 -26623 -255 12302 -4266 10078 5634 2562 -25342 -24063 -22271 -26623 1 0 0 -24064 -22271 -26623 -255 13326 2959 10079 5634 2306 -25342 -23807 -22271 -26623 1 0 
-1543503872 -22271 -26623 -255 -21490 5571 10079 5634 2306 -25598 -23807 -22527 -26367 1 0 0 -23552 -22015 -26623 -255 17934 12799 10335 5634 2306 -25598 -23807 -22271 -26623 1 0 0 -23808 -22015 -26623 -255 -12274 15411 10079 5890 2306 -25342 -24063 -22271 -26623 1 0 0 -24320 -22015 -26623 
-1911619839 22632 10079 5890 2306 -25342 -24063 -22271 -26623 1 0 0 -24320 -22015 -26623 -255 -17906 25085 10079 5890 2306 -25342 -24063 -22271 -26623 1 0 0 -24320 -22015 -26623 -255 -14834 -30612 10079 5890 1794 -25598 -24063 -22271 -26623 1 0 0 -24064 -22271 -26879 -255 -11762 -22773 10079 
151131906 -25598 -23807 -22527 -26623 1 0 0 -23808 -22271 -26879 -255 5134 -20777 10079 5890 2050 -25342 -24063 -22271 -26879 1 0 0 -24064 -22271 -26879 -255 32270 -12943 10079 6146 2050 -25598 -23807 -22527 -26623 1 0 0 -23552 -22271 -26879 -255 15374 -11099 10079 6146 2050 -25598 -23807 
-1744721919 1 0 0 -23552 -22271 -26879 -255 2062 -3266 10079 6146 2050 -25342 -23807 -22527 -26623 1 0 0 -23552 -22271 -26879 -255 -26610 -1265 10079 6146 2050 -25598 -23807 -22271 -26623 1 0 0 -23552 -22271 -26879 -255 17422 6565 10080 6402 2050 -25342 -23807 -22527 -26623 1 0 
-1543503872 -22271 -26879 -255 7694 8562 10080 6402 2306 -25342 -23807 -22271 -26623 1 0 0 -23552 -22271 -26879 -255 8206 18237 10080 6146 2050 -25342 -23807 -22527 -26367 1 0 0 -23552 -22015 -26879 -255 -4594 26833 10080 5890 2306 -25342 -23807 -22527 -26367 1 0 0 -23552 -22015 -26879 
-1005650175 28066 10080 5890 2306 -25342 -23807 -22271 -26623 1 0 0 -23552 -22015 -26879 -255 23566 -28870 10080 6146 2562 -25342 -24063 -22271 -26623 1 0 0 -24064 -22015 -26879 -255 28686 -27640 10080 6146 2562 -25598 -23807 -22271 -26623 1 0 0 -24064 -22015 -26879 -255 11278 -19196 10080 
134354946 -25598 -24063 -22271 -26623 1 0 0 -24064 -22015 -26879 -255 -9202 -17817 10080 5890 2306 -25598 -23807 -22271 -26367 1 0 0 -24064 -22015 -26879 -255 2062 -9374 10080 5890 2306 -25598 -23807 -22527 -26367 1 0 0 -23552 -22015 -26879 -255 18446 -8143 10080 5890 2050 -25342 -23807 
-1744721663 1 0 0 -23808 -22271 -26879 -255 -3058 1693 10081 5890 2306 -25598 -23807 -22527 -26623 1 0 0 -23552 -22015 -26879 -255 26638 10749 10081 6146 2306 -25342 -23807 -22527 -26623 1 0 0 -23552 -22015 -26879 -255 11790 11518 10081 6146 2306 -25342 -23807 -22271 -26623 1 0 
-1543503872 -22271 -26879 -255 8206 20579 10081 6146 2050 -25342 -23807 -22271 -26623 1 0 0 -23552 -22015 -26879 -255 18958 21346 10081 6146 2050 -25342 -23807 -22527 -26623 1 0 0 -23552 -22015 -26879 -255 30222 30413 10081 6402 2050 -25342 -23807 -22271 -26623 1 0 0 -23552 -22015 -26879 
-2146500863 31027 10081 6402 2050 -25342 -23807 -22271 -26623 1 0 0 -23552 -22015 -26879 -255 10254 -25443 10081 6402 2050 -25342 -23807 -22271 -26623 1 0 0 -23552 -22015 -26879 -255 29198 -24673 10081 6146 2050 -25342 -23807 -22271 -26623 1 0 0 -23552 -22015 -26879 -255 9230 -14843 10081 
151132162 -25342 -23807 -22271 -26623 1 0 0 -23552 -22015 -26879 -255 19982 -5326 10081 5890 2306 -25598 -23807 -22271 -26367 1 0 0 -23552 -22015 -26879 -255 12814 -4865 10081 6146 2050 -25598 -23807 -22271 -26623 1 0 0 -23552 -22015 -26879 -255 11790 4510 10082 5890 2306 -25598 -23807 
-1727944703 1 0 0 -23552 -22015 -26879 -255 12302 4972 10082 5890 2306 -25342 -24063 -22271 -26367 1 0 0 -23808 -22015 -26879 -255 30222 14341 10082 5890 2306 -25342 -23807 -22527 -26367 1 0 0 -23552 -22271 -26623 -255 -4082 14803 10082 5890 2306 -25342 -23807 -22527 -26367 1 0 
-1543503872 -22271 -26623 -255 5646 24173 10082 5890 2306 -25342 -23807 -22527 -26367 1 0 0 -23808 -22271 -26623 -255 9230 24635 10082 5890 2306 -25342 -24063 -22527 -26367 1 0 0 -24064 -22271 -26623 -255 19982 -31523 10082 6146 2306 -25342 -24063 -22271 -26367 1 0 0 -24320 -22271 -26623 
-1676738815 -21689 10082 5890 2306 -25342 -23807 -22271 -26367 1 0 0 -23808 -22015 -26623 -255 -26610 -21228 10082 6146 2050 -25342 -24063 -22271 -26367 1 0 0 -24320 -22015 -26623 -255 28174 -11856 10082 6146 2050 -25342 -23807 -22271 -26623 1 0 0 -23552 -22015 -26623 -255 24078 -11395 10082 
134354946 -25342 -23807 -22271 -26623 1 0 0 -23552 -22015 -26623 -255 23054 -2020 10082 6146 2050 -25342 -23807 -22271 -26623 1 0 0 -23552 -22015 -26623 -255 -24562 -1714 10082 6146 2306 -25342 -23807 -22271 -26623 1 0 0 -23552 -22015 -26623 -255 28686 7658 10083 6146 2050 -25598 -23807 
-1727944447 1 0 0 -23808 -22015 -26623 -255 -2546 8120 10083 6146 2306 -25598 -23807 -22271 -26367 1 0 0 -23808 -22015 -26623 -255 -13810 17492 10083 5890 2050 -25342 -23807 -22527 -26367 1 0 0 -23552 -22015 -26623 -255 -10738 27331 10083 5890 2050 -25342 -23807 -22271 -26367 1 0 
-1543503872 -22271 -26623 -255 21006 28255 10083 6146 2050 -25342 -23807 -22527 -26111 1 0 0 -23552 -22271 -26367 -255 15886 -28520 10083 6146 2306 -25342 -23807 -22271 -26367 1 0 0 -23552 -22271 -26623 -255 -20978 -27447 10083 6146 2306 -25342 -23807 -22271 -26367 1 0 0 -23552 -22271 -26623 
-1810956543 -18686 10339 5890 2306 -25342 -23807 -22271 -26111 1 0 0 -23808 -22015 -26111 -255 -19442 -17608 10083 6146 2306 -25342 -23807 -22271 -26367 1 0 0 -23552 -22015 -26623 -255 13838 -8848 10083 5890 2306 -25342 -23807 -22271 -26367 1 0 0 -23552 -22015 -26623 -255 -24562 -7772 10083 
151131906 -25342 -23807 -22271 -26367 1 0 0 -23552 -22015 -26623 -255 -1010 987 10084 5634 2562 -25342 -23807 -22271 -26367 1 0 0 -23552 -22015 -26623 -255 7694 10666 10084 5634 2306 -25342 -24063 -22015 -26623 1 0 0 -24064 -22015 -26623 -255 1550 12352 10084 5634 2306 -25598 -23807 
-1744721663 1 0 0 -23808 -22015 -26623 -255 29198 20500 10084 5378 2306 -25854 -23807 -22271 -26623 1 0 0 -24064 -22015 -26623 -255 -32242 22039 10084 5378 2050 -25854 -24063 -22271 -26623 1 0 0 -23808 -22015 -26623 -255 28174 30325 10084 5378 2306 -25598 -23807 -22527 -26367 1 0 
-1543503872 -22015 -26623 -255 -31730 31864 10084 5634 2306 -25598 -23807 -22271 -26623 1 0 0 -23552 -22271 -26623 -255 -15346 -25377 10084 5634 2306 -25598 -23807 -22271 -26623 1 0 0 -23552 -22271 -26623 -255 23566 -23838 10084 5890 2306 -25598 -23807 -22527 -26623 1 0 0 -23552 -22271 -26623 
-1576075519 -15693 10084 6146 2306 -25086 -24063 -22527 -26623 1 0 0 -23808 -22271 -26623 -255 26638 -5861 10084 6146 2050 -25342 -24063 -22527 -26367 1 0 0 -23808 -22271 -26623 -255 23054 -3711 10084 6146 2050 -25342 -23807 -22271 -26623 1 0 0 -23552 -22015 -26623 -255 -3058 3965 10085 
151132162 -25342 -23807 -22271 -26367 1 0 0 -23552 -22015 -26623 -255 22030 6114 10085 6146 2306 -25598 -23807 -22271 -26367 1 0 0 -23552 -22015 -26623 -255 24078 13789 10085 6146 2306 -25598 -23807 -22271 -26367 1 0 0 -23552 -22015 -26623 -255 29198 15942 10085 6146 2306 -25598 -23807 
-1744721663 1 0 0 -23552 -22015 -26623 -255 28174 23467 10085 5634 2306 -25342 -23807 -22271 -26367 1 0 0 -23552 -22015 -26623 -255 -2546 25616 10085 5634 2306 -25342 -23807 -22271 -26623 1 0 0 -23552 -22015 -26623 -255 23054 -32235 10085 5634 2306 -25342 -23807 -22271 -26367 1 0 
-1543503872 -22015 -26623 -255 -24050 -22402 10085 5634 2562 -25342 -23807 -22527 -26367 1 0 0 -23552 -22271 -26623 -255 -23538 -19788 10085 5634 2562 -25342 -23807 -22527 -26367 1 0 0 -23808 -22271 -26623 -255 -8690 -12571 10085 5634 2306 -25342 -23807 -22527 -26367 1 0 0 -23552 -22271 -26623 
1544486657 -9958 10085 5890 2306 -25342 -23807 -22527 -26367 1 0 0 -23552 -22271 -26623 -255 4622 -2889 10085 5890 2562 -25598 -23807 -22527 -26367 1 0 0 -23552 -22271 -26623 -255 18446 -122 10085 5890 2562 -25342 -23807 -22527 -26367 1 0 0 -23552 -22271 -26623 -255 14350 6953 10086 
151131906 -25342 -23807 -22527 -26367 1 0 0 -23552 -22271 -26623 -255 13326 9564 10086 6146 2306 -25086 -24063 -22271 -26367 1 0 0 -23808 -22015 -26623 -255 21518 16781 10086 6146 2306 -25342 -23807 -22271 -26623 1 0 0 -23552 -22015 -26623 -255 -28658 26462 10086 5890 2306 -25342 -23807 
-1744721663 1 0 0 -23552 -22015 -26623 -255 27150 29845 10086 5890 2306 -25342 -23807 -22271 -26623 1 0 0 -23552 -22015 -26623 -255 -11762 -29243 10086 5890 2562 -25086 -23807 -22271 -26623 1 0 0 -23552 -22015 -26623 -255 24590 -25866 10086 5634 2306 -25086 -23807 -22271 -26623 1 0 
-1543503872 -22015 -26623 -255 3598 -19411 10086 5634 2562 -25598 -23807 -22271 -26367 1 0 0 -23808 -22015 -26623 -255 -25586 -16185 10086 5634 2306 -25598 -23807 -22271 -26367 1 0 0 -23552 -22015 -26623 -255 -18418 -9582 10086 5890 2562 -25854 -23807 -22271 -26367 1 0 0 -23808 -22015 -26623 
-1206976767 -6357 10086 5634 2562 -25854 -23807 -22271 -26367 1 0 0 -24064 -22015 -26623 -255 -1522 99 10087 5634 2050 -25854 -24063 -22271 -26367 1 0 0 -24064 -22015 -26623 -255 -2546 9924 10087 5634 2562 -25598 -23807 -22527 -26367 1 0 0 -23552 -22271 -26623 -255 1038 13764 10087 
134354434 -25854 -23807 -22527 -26623 1 0 0 -23552 -22271 -26623 -255 4622 19753 10087 5378 2050 -25854 -23807 -22527 -26623 1 0 0 -23552 -22271 -26623 -255 -13810 23596 10087 5378 2050 -25598 -23807 -22527 -26623 1 0 0 -23552 -22271 -26623 -255 -16882 29432 10087 5378 2306 -25854 -23807 
-1744721663 1 0 0 -23296 -22015 -26623 -255 -5106 -32262 10087 5634 2562 -25598 -23807 -22271 -26623 1 0 0 -23296 -22015 -26623 -255 6670 -26269 10087 5634 2306 -25086 -23807 -22527 -26623 1 0 0 -23296 -22271 -26623 -255 -18418 -22429 10087 5890 2562 -25086 -23807 -22527 -26623 1 0 
-1526726656 -22271 -26623 -255 22030 -16438 10087 5890 2306 -25086 -23807 -22527 -26623 1 0 0 -23296 -22271 -26623 -255 -13810 -6601 10087 6402 2562 -25086 -23807 -22271 -26623 1 0 0 -23296 -22271 -26623 -255 29198 -2296 10087 6146 2818 -25342 -23807 -22271 -26367 1 0 0 -23296 -22015 -26623 
739180289 3084 10088 6146 2562 -25086 -23807 -22015 -26367 1 0 0 -23296 -22015 -26623 -255 25614 7540 10088 6146 2562 -25086 -23807 -22015 -26367 1 0 0 -23552 -22015 -26623 -255 -11762 12913 10088 6146 2562 -25342 -24063 -22015 -26367 1 0 0 -24320 -22015 -26623 -255 5646 17370 10088 
167909122 -25598 -23807 -22015 -26367 1 0 0 -24064 -22015 -26623 -255 -18418 22749 10088 5890 2306 -25598 -24063 -22015 -26367 1 0 0 -24064 -22015 -26623 -255 -10738 27202 10088 5634 2306 -25598 -23807 -22271 -26367 1 0 0 -23808 -22015 -26623 -255 28686 32429 10088 5634 2306 -25598 -23807 
-1727944447 1 0 0 -23552 -22015 -26623 -255 -8690 -23270 10088 5378 2562 -25598 -23807 -22271 -26367 1 0 0 -23552 -22015 -26623 -255 6670 -18202 10344 5378 2562 -25598 -23807 -22271 -26367 1 0 0 -23552 -22015 -26623 -255 -27122 -13440 10088 5122 2562 -25598 -23807 -22271 -26367 1 0 
-1543503872 -22015 -26623 -255 -18418 -8373 10088 5378 2306 -25598 -24063 -22271 -26623 1 0 0 -24064 -22015 -26623 -255 17422 -3605 10088 5378 2562 -25342 -24063 -22271 -26623 1 0 0 -24064 -22015 -26623 -255 21518 1316 10089 5378 2306 -25854 -24063 -22271 -26623 1 0 0 -23808 -22015 -26623 
772734721 6076 10089 5378 2306 -25854 -23807 -22271 -26623 1 0 0 -23552 -22015 -26623 -255 22030 11143 10089 5122 2306 -25598 -23807 -22271 -26623 1 0 0 -23552 -22015 -26623 -255 -12786 15905 10089 5122 2050 -25598 -23551 -22271 -26623 1 0 0 -23552 -22015 -26623 -255 -8178 25744 10089 
167908354 -25854 -23551 -22271 -26623 1 0 0 -23296 -22015 -26623 -255 -14834 31430 10089 5122 2818 -25598 -23551 -22271 -26623 1 0 0 -23296 -22015 -26623 -255 -19954 -30109 10089 5378 3074 -25342 -23807 -22271 -26367 1 0 0 -23296 -22271 -26623 -255 -8690 -24267 10089 5634 2818 -25086 -23807 
-1727944703 1 0 0 -23296 -22271 -26623 -255 -15858 -20272 10089 5634 2562 -25086 -24063 -22527 -26367 1 0 0 -23808 -22271 -26623 -255 -9714 -14592 10089 5634 2818 -25086 -24063 -22527 -26367 1 0 0 -24320 -22271 -26623 -255 18446 -10443 10089 5634 2818 -25342 -23807 -22527 -26367 1 0 
-1577058304 -22271 -26623 -255 -24562 -4759 10089 5634 2818 -25342 -24063 -22527 -26367 1 0 0 -24064 -22015 -26623 -255 13326 -607 10089 5634 2562 -25598 -24063 -22527 -26367 1 0 0 -24320 -22015 -26623 -255 20494 9071 10090 5634 2306 -25598 -23807 -22271 -26623 1 0 0 -23808 -22015 -26623 
1309605633 15371 10090 5634 2050 -25598 -23807 -22271 -26879 1 0 0 -23552 -22015 -26879 -255 -9202 18897 10090 5634 2306 -25854 -23807 -22271 -26879 1 0 0 -23552 -22015 -27135 -255 4622 25204 10090 5378 2050 -25854 -23807 -22015 -26879 1 0 0 -23552 -22015 -27135 -255 -1522 28739 10090 
151131394 -25854 -23807 -22271 -26623 1 0 0 -23552 -22015 -26623 -255 24078 -30487 10090 5378 2562 -25854 -23807 -22015 -26623 1 0 0 -23040 -22015 -26623 -255 -5106 -27111 10090 5378 2562 -25342 -23807 -22015 -26623 1 0 0 -23040 -22015 -26623 -255 20494 -20801 10090 5122 2818 -25342 -23551 
-1727944447 1 0 0 -23296 -22015 -26623 -255 -15858 -17264 10090 5122 2818 -25342 -23551 -22527 -26367 1 0 0 -23296 -22015 -26623 -255 9230 -7429 10090 5378 3074 -25598 -23807 -22527 -26367 1 0 0 -23552 -22271 -26623 -255 -9714 -514 10090 5378 2818 -25342 -24063 -22527 -26367 1 0 
-1577058304 -22271 -26623 -255 -5618 2253 10091 5378 2818 -25342 -24063 -22527 -26367 1 0 0 -24320 -22271 -26623 -255 19470 9163 10091 5378 2562 -25342 -24063 -22527 -26367 1 0 0 -24064 -22271 -26623 -255 -5106 12078 10091 5634 2562 -25342 -23807 -22527 -26367 1 0 0 -23552 -22271 -26623 
1745813249 18991 10091 5634 2818 -25342 -23807 -22527 -26367 1 0 0 -23552 -22271 -26623 -255 3598 21907 10091 5634 2818 -25598 -23807 -22527 -26367 1 0 0 -23552 -22015 -26623 -255 -9714 28814 10091 5634 2818 -25342 -23807 -22271 -26367 1 0 0 -23552 -22015 -26623 -255 -19954 31736 10091 
184685826 -25598 -23807 -22271 -26623 1 0 0 -23552 -22015 -26623 -255 25614 -24120 10091 5378 2818 -25598 -23807 -22271 -26623 1 0 0 -23552 -22015 -26623 -255 10766 -16589 10091 5378 2818 -25342 -23807 -22271 -26623 1 0 0 -23552 -22015 -26623 -255 17422 -14284 10091 5378 2818 -25342 -23807 
-1744721663 1 0 0 -23552 -22015 -26623 -255 -10738 -6758 10091 5378 3074 -25342 -23807 -22527 -26367 1 0 0 -23552 -22015 -26623 -255 -4082 -4455 10091 5378 2818 -25342 -23807 -22271 -26367 1 0 0 -23552 -22271 -26623 -255 -25586 3075 10092 5378 3074 -25342 -23807 -22527 -26367 1 0 
-1543503872 -22271 -26623 -255 -8178 5229 10092 5378 3074 -25086 -23807 -22527 -26367 1 0 0 -23552 -22015 -26623 -255 7694 12913 10092 5378 2818 -25342 -24063 -22527 -26623 1 0 0 -24320 -22271 -26623 -255 -1010 15059 10092 5378 2562 -25598 -24063 -22271 -26623 1 0 0 -24064 -22271 -26623 
-1911619839 24886 10092 5634 2562 -25598 -24063 -22271 -26623 1 0 0 -24320 -22271 -26623 -255 -20466 -32503 10092 5378 2562 -25598 -23807 -22271 -26367 1 0 0 -23552 -22015 -26623 -255 -26098 -30811 10092 5378 2562 -25598 -23807 -22271 -26623 1 0 0 -23552 -22015 -26623 -255 -16370 -22669 10092 
167908610 -25598 -23551 -22271 -26623 1 0 0 -23296 -22015 -26623 -255 27662 -21130 10092 5378 2818 -25598 -23551 -22271 -26623 1 0 0 -23040 -22015 -26623 -255 -1010 -12988 10092 5378 2818 -25598 -23807 -22271 -26623 1 0 0 -23296 -22015 -26879 -255 29710 -11300 10092 5634 3074 -25598 -23807 
-1744721663 1 0 0 -23040 -22015 -26879 -255 -20978 -3158 10092 5634 3074 -25086 -23807 -22527 -26623 1 0 0 -23552 -22271 -26879 -255 17934 -1467 10092 5378 3074 -25086 -23807 -22271 -26623 1 0 0 -23552 -22015 -26879 -255 29198 8225 10093 5378 2818 -25342 -23807 -22527 -26367 1 0 
-1543503872 -22015 -26879 -255 -11250 16984 10093 5634 3074 -25342 -24063 -22271 -26367 1 0 0 -24320 -22015 -26879 -255 15886 18058 10093 5634 3074 -25342 -24063 -22271 -26367 1 0 0 -24064 -22271 -26879 -255 -24562 26817 10093 5634 2818 -25342 -23807 -22271 -26367 1 0 0 -23552 -22271 -26879 
-1609629951 27892 10093 5634 3074 -25342 -23807 -22527 -26367 1 0 0 -24064 -22015 -26879 -255 -2546 -28885 10093 5378 2818 -25598 -23807 -22527 -26367 1 0 0 -23552 -22015 -26879 -255 26126 -27961 10093 5378 2818 -25598 -23807 -22527 -26367 1 0 0 -23552 -22015 -26879 -255 14350 -19053 10093 
184685826 -25342 -23807 -22271 -26623 1 0 0 -23552 -22015 -26879 -255 4622 -18131 10093 5634 2818 -25598 -23807 -22271 -26367 1 0 0 -23552 -22015 -26879 -255 -28146 -8294 10093 5378 2818 -25598 -23807 -22271 -26367 1 0 0 -23552 -22015 -26879 -255 -8690 1076 10094 5122 2818 -25598 -23807 
-1727944447 1 0 0 -23552 -22015 -26879 -255 -14322 1537 10094 5378 2818 -25598 -23807 -22271 -26623 1 0 0 -23552 -22015 -26879 -255 -23538 10909 10094 5378 3074 -25342 -23807 -22271 -26623 1 0 0 -23552 -22015 -26879 -255 -26098 11370 10094 5378 3074 -25342 -23807 -22527 -26367 1 0 
-1543503872 -22015 -26879 -255 9742 20597 10094 5378 3074 -25598 -23807 -22527 -26367 1 0 0 -23552 -22015 -26879 -255 -31218 21056 10094 5378 3074 -25342 -24063 -22271 -26623 1 0 0 -23808 -22271 -26879 -255 31758 30430 10094 5378 2818 -25598 -24063 -22271 -26367 1 0 0 -24064 -22271 -26879 
1678704385 30892 10094 5378 2818 -25598 -24063 -22271 -26367 1 0 0 -23808 -22271 -26879 -255 -12786 -24960 10094 5378 2818 -25598 -23807 -22271 -26367 1 0 0 -23552 -22015 -26879 -255 -11762 -15121 10094 5378 2818 -25342 -23807 -22271 -26367 1 0 0 -23552 -22015 -26879 -255 6158 -14814 10094 
184685826 -25342 -23807 -22271 -26367 1 0 0 -23552 -22015 -26879 -255 -23538 -5288 10094 5378 2818 -25342 -23807 -22271 -26623 1 0 0 -23552 -22015 -26879 -255 -7154 -4982 10094 5378 2818 -25342 -23807 -22271 -26623 1 0 0 -23552 -22271 -26879 -255 -31730 4398 10095 5378 3074 -25342 -23807 
-1727944447 1 0 0 -23552 -22015 -26879 -255 24590 4706 10095 5378 3074 -25342 -23807 -22271 -26367 1 0 0 -23552 -22015 -26879 -255 -25586 14235 10095 5378 3074 -25342 -23807 -22271 -26367 1 0 0 -23552 -22015 -26879 -255 19470 14542 10095 5378 3074 -25342 -23807 -22527 -26367 1 0 
-1543503872 -22015 -26879 -255 -24050 24051 10095 5378 3074 -25598 -23807 -22271 -26367 1 0 0 -23552 -22015 -26879 -255 21518 -31805 10095 5378 3074 -25598 -23807 -22271 -26367 1 0 0 -23808 -22015 -26879 -255 24078 -31035 10095 5378 3074 -25598 -23807 -22271 -26367 1 0 0 -23552 -22271 -26879 
504299265 -21972 10095 5378 2818 -25342 -23807 -22527 -26367 1 0 0 -23552 -22015 -26879 -255 18446 -21205 10095 5122 3074 -25342 -23807 -22527 -26367 1 0 0 -23552 -22015 -26879 -255 29710 -12138 10095 5378 3074 -25342 -23807 -22271 -26367 1 0 0 -23552 -22271 -26879 -255 -22002 -11371 10095 
201463042 -25342 -23807 -22271 -26623 1 0 0 -23552 -22271 -26879 -255 -22002 -2307 10095 5378 3074 -25342 -24063 -22271 -26623 1 0 0 -24064 -22015 -26879 -255 14 -1536 10095 5378 3074 -25598 -24063 -22271 -26623 1 0 0 -23808 -22015 -26879 -255 -5106 7374 10096 5378 3074 -25342 -24063 
-1744721663 1 0 0 -23808 -22015 -26879 -255 7694 17217 10096 5378 2818 -25598 -23807 -22271 -26367 1 0 0 -23552 -22015 -26879 -255 -6642 18599 10096 5378 2818 -25598 -23807 -22271 -26367 1 0 0 -23552 -22015 -26879 -255 526 27053 10096 5378 3074 -25598 -23807 -22271 -26623 1 0 
-1543503872 -22015 -26879 -255 -21490 28282 10096 5378 3074 -25598 -23807 -22271 -26623 1 0 0 -23552 -22015 -26879 -255 -3058 -28798 10096 5378 2818 -25598 -23807 -22271 -26623 1 0 0 -23552 -22015 -26879 -255 -15346 -27415 10096 5122 3074 -25598 -23807 -22271 -26623 1 0 0 -23552 -22015 -26879 
1779367681 -18960 10096 5378 3074 -25342 -23807 -22271 -26623 1 0 0 -23552 -22015 -26879 -255 24590 -17574 10096 5378 3074 -25598 -23807 -22271 -26623 1 0 0 -23552 -22015 -26879 -255 26638 -9124 10096 5122 3074 -25598 -23807 -22527 -26367 1 0 0 -23552 -22015 -26879 -255 -11762 713 10097 
201463042 -25854 -23807 -22527 -26367 1 0 0 -23552 -22271 -26879 -255 -30194 2557 10097 5378 3074 -25598 -23807 -22527 -26367 1 0 0 -23552 -22015 -26879 -255 -5106 10391 10097 5378 3074 -25598 -23807 -22527 -26367 1 0 0 -23552 -22271 -26879 -255 -5106 12389 10097 5378 2818 -25342 -23807 
-1727944703 1 0 0 -23552 -22271 -26879 -255 -4594 20216 10097 5378 3074 -25342 -23807 -22527 -26367 1 0 0 -23552 -22015 -26879 -255 -6130 22216 10097 5378 3074 -25342 -23807 -22527 -26367 1 0 0 -23552 -22271 -26879 -255 25614 30054 10353 5378 3074 -25598 -23807 -22527 -26367 1 0 
-1543503872 -22015 -26879 -255 -26098 31896 10097 5634 3074 -25598 -23807 -22527 -26367 1 0 0 -23552 -22015 -26879 -255 5646 -25652 10097 5634 3074 -25342 -24063 -22271 -26623 1 0 0 -23808 -22015 -26879 -255 -17394 -15973 10097 5378 3074 -25598 -23807 -22271 -26623 1 0 0 -23552 -22015 -26879 
537853697 -13513 10097 5634 3074 -25342 -23807 -22271 -26623 1 0 0 -23552 -22015 -26879 -255 -12786 -6134 10097 5378 3074 -25598 -23807 -22271 -26367 1 0 0 -23552 -22015 -26879 -255 11278 -3674 10097 5378 3074 -25342 -23807 -22271 -26623 1 0 0 -23552 -22015 -26879 -255 10254 3701 10098 
218240258 -25342 -23807 -22271 -26623 1 0 0 -23552 -22015 -26879 -255 6158 6162 10098 5378 3074 -25342 -23807 -22271 -26623 1 0 0 -23552 -22271 -26879 -255 -26610 13536 10098 5378 3074 -25342 -24063 -22527 -26623 1 0 0 -23808 -22271 -26879 -255 13326 15840 10098 5378 3074 -25342 -24063 
-1727944703 1 0 0 -24064 -22271 -26879 -255 -19442 23216 10098 5634 3074 -25342 -24063 -22527 -26623 1 0 0 -24320 -22271 -26879 -255 -14834 -32480 10098 5634 2818 -25342 -24063 -22271 -26623 1 0 0 -24320 -22015 -26879 -255 6670 -29560 10098 5634 3074 -25598 -23807 -22527 -26367 1 0 
-1543503872 -22015 -26879 -255 29198 -22649 10098 5378 3074 -25598 -23807 -22271 -26623 1 0 0 -23552 -22015 -26879 -255 -16370 -19731 10098 5378 3074 -25598 -23807 -22271 -26623 1 0 0 -23552 -22015 -26879 -255 23566 -12965 10098 5378 3074 -25598 -23807 -22271 -26623 1 0 0 -23552 -22015 -26879 
-1609629951 -9890 10098 5378 3074 -25598 -23807 -22271 -26623 1 0 0 -23552 -22015 -26879 -255 -8690 -3128 10098 5378 3074 -25598 -23807 -22271 -26623 1 0 0 -23552 -22015 -26879 -255 -10738 -53 10098 5634 2818 -25598 -23807 -22271 -26623 1 0 0 -23552 -22015 -26879 -255 19982 6710 10099 
184685826 -25598 -24063 -22271 -26623 1 0 0 -23808 -22015 -26879 -255 20494 16385 10099 5378 3074 -25598 -23807 -22527 -26367 1 0 0 -23552 -22015 -26879 -255 14350 20071 10099 5378 3074 -25598 -23807 -22527 -26367 1 0 0 -23552 -22015 -26879 -255 8718 26218 10099 5378 3074 -25598 -23807 
-1727944703 1 0 0 -23552 -22271 -26879 -255 -7154 29901 10099 5378 3074 -25342 -23807 -22527 -26367 1 0 0 -23552 -22271 -26879 -255 -2546 -29497 10099 5378 2818 -25598 -23807 -22527 -26623 1 0 0 -23808 -22271 -26879 -255 -6642 -25961 10099 5634 3074 -25598 -24063 -22527 -26367 1 0 
-1577058304 -22271 -26879 -255 22542 -19662 10099 5634 2818 -25598 -24063 -22271 -26623 1 0 0 -23808 -22015 -26879 -255 8206 -16129 10099 5634 2818 -25598 -23807 -22527 -26367 1 0 0 -23552 -22271 -26879 -255 -8690 -9986 10099 5378 3074 -25598 -23807 -22271 -26367 1 0 0 -23552 -22015 -26879 
1141833473 -162 10099 5378 3074 -25342 -23807 -22271 -26623 1 0 0 -23296 -22015 -26879 -255 -16882 3986 10100 5378 3074 -25598 -23807 -22271 -26623 1 0 0 -23552 -22015 -26879 -255 -1010 9666 10100 5378 3330 -25598 -23807 -22271 -26623 1 0 0 -23552 -22015 -26879 -255 25614 13816 10100 
218240258 -25598 -23807 -22271 -26623 1 0 0 -23552 -22015 -26879 -255 20494 28530 29287 28001 29216 29797 29301 8302 24950 30060 14949 12320 12408 12336 12336 12336 8240 12328 3369 20490 28530 29287 28001 25888 25976 30051 26996 28271 29728 28527 14955 12576 12595 12336 27953 3443 3338 15626 8254 
