49916 0 0 0 0 0 0 0 0 0 0 10 5 1 
49966 0 0 0 0 0 0 0 0 0 0 10 5 1 
50016 0 0 0 0 0 0 0 0 0 0 10 5 1 
50066 0 0 0 0 0 0 0 0 0 0 10 5 1 
50116 0 0 0 0 0 0 0 0 0 0 10 5 1 
50166 0 0 0 0 0 0 0 0 0 0 10 5 1 
50216 0 0 0 0 0 0 0 0 0 0 10 5 1 
50267 0 0 0 0 0 0 0 0 0 0 10 5 1 
50317 0 0 0 0 0 0 0 0 0 0 10 5 1 
50367 0 0 0 0 0 0 0 0 0 0 10 5 1 
50417 0 0 0 0 0 0 0 0 0 0 10 5 1 
50467 0 0 0 0 0 0 0 0 0 0 10 5 1 
50517 0 0 0 0 0 0 0 0 0 0 10 5 1 
50567 0 0 0 0 0 0 0 0 0 0 10 5 1 
50617 0 0 0 0 0 0 0 0 0 0 10 5 1 
50667 0 0 0 0 0 0 0 0 0 0 10 5 1 
50717 0 0 0 0 0 0 0 0 0 0 10 5 1 
50767 0 0 0 0 0 0 0 0 0 0 10 5 1 
50818 0 0 0 0 0 0 0 0 0 0 10 5 1 
50868 0 0 0 0 0 0 0 0 0 0 10 5 1 
50918 0 0 0 0 0 0 0 0 0 0 10 5 1 
50968 0 0 0 0 0 0 0 0 0 0 10 5 1 
51018 0 0 0 0 0 0 0 0 0 0 10 5 1 
51068 0 0 0 0 0 0 0 0 0 0 10 5 1 
51118 0 0 0 0 0 0 0 0 0 0 10 5 1 
51168 0 0 0 0 0 0 0 0 0 0 10 5 1 
51218 0 0 0 0 0 0 0 0 0 0 10 5 1 
51268 0 0 0 0 0 0 0 0 0 0 10 5 1 
51318 0 0 0 0 0 0 0 0 0 0 10 5 1 
51368 0 0 0 0 0 0 0 0 0 0 10 5 1 
51419 0 0 0 0 0 0 0 0 0 0 10 5 1 
51469 0 0 0 0 0 0 0 0 0 0 10 5 1 
51519 0 0 0 0 0 0 0 0 0 0 10 5 1 
51569 0 0 0 0 0 0 0 0 0 0 10 5 1 
51619 0 0 0 0 0 0 0 0 0 0 10 5 1 
51669 0 0 0 0 0 0 0 0 0 0 10 5 1 
51719 0 0 0 0 0 0 0 0 0 0 10 5 1 
51769 0 0 0 0 0 0 0 0 0 0 10 5 1 
51819 0 0 0 0 0 0 0 0 0 0 10 5 1 
51870 0 0 0 0 0 0 0 0 0 0 10 5 1 
51920 0 0 0 0 0 0 0 0 0 0 10 5 1 
51970 0 0 0 0 0 0 0 0 0 0 10 5 1 
52020 0 0 0 0 0 0 0 0 0 0 10 5 1 
52070 0 0 0 0 0 0 0 0 0 0 10 5 1 
52120 0 0 0 0 0 0 0 0 0 0 10 5 1 
52170 0 0 0 0 0 0 0 0 0 0 10 5 1 
52220 0 0 0 0 0 0 0 0 0 0 10 5 1 
52270 0 0 0 0 0 0 0 0 0 0 10 5 1 
52320 0 0 0 0 0 0 0 0 0 0 10 5 1 
52371 0 0 0 0 0 0 0 0 0 0 10 5 1 
52421 0 0 0 0 0 0 0 0 0 0 10 5 1 
52471 0 0 0 0 0 0 0 0 0 0 10 5 1 
52521 0 0 0 0 0 0 0 0 0 0 10 5 1 
52571 0 0 0 0 0 0 0 0 0 0 10 5 1 
52621 0 0 0 0 0 0 0 0 0 0 10 5 1 
52671 0 0 0 0 0 0 0 0 0 0 10 5 1 
52721 0 0 0 0 0 0 0 0 0 0 10 5 1 
52771 0 0 0 0 0 0 0 0 0 0 10 5 1 
52821 0 0 0 0 0 0 0 0 0 0 10 5 1 
52871 0 0 0 0 0 0 0 0 0 0 10 5 1 
52922 0 0 0 0 0 0 0 0 0 0 10 5 1 
52972 0 0 0 0 0 0 0 0 0 0 10 5 1 
53022 0 0 0 0 0 0 0 0 0 0 10 5 1 
53072 0 0 0 0 0 0 0 0 0 0 10 5 1 
53122 0 0 0 0 0 0 0 0 0 0 10 5 1 
53172 0 0 0 0 0 0 0 0 0 0 10 5 1 
53222 0 0 0 0 0 0 0 0 0 0 10 5 1 
53272 0 0 0 0 0 0 0 0 0 0 10 5 1 
53322 0 0 0 0 0 0 0 0 0 0 10 5 1 
53372 0 0 0 0 0 0 0 0 0 0 10 5 1 
53422 0 0 0 0 0 0 0 0 0 0 10 5 1 
53473 0 0 0 0 0 0 0 0 0 0 10 5 1 
53523 0 0 0 0 0 0 0 0 0 0 10 5 1 
53573 0 0 0 0 0 0 0 0 0 0 10 5 1 
53623 0 0 0 0 0 0 0 0 0 0 10 5 1 
53673 0 0 0 0 0 0 0 0 0 0 10 5 1 
53723 0 0 0 0 0 0 0 0 0 0 10 5 1 
53773 0 0 0 0 0 0 0 0 0 0 10 5 1 
53823 0 0 0 0 0 0 0 0 0 0 10 5 1 
53873 0 0 0 0 0 0 0 0 0 0 10 5 1 
53923 0 0 0 0 0 0 0 0 0 0 10 5 1 
53973 0 0 0 0 0 0 0 0 0 0 10 5 1 
54024 0 0 0 0 0 0 0 0 0 0 10 5 1 
54074 0 0 0 0 0 0 0 0 0 0 10 5 1 
54124 0 0 0 0 0 0 0 0 0 0 10 5 1 
54174 0 0 0 0 0 0 0 0 0 0 10 5 1 
54224 0 0 0 0 0 0 0 0 0 0 10 5 1 
54274 0 0 0 0 0 0 0 0 0 0 10 5 1 
54324 0 0 0 0 0 0 0 0 0 0 10 5 1 
54374 0 0 0 0 0 0 0 0 0 0 10 5 1 
54424 0 0 0 0 0 0 0 0 0 0 10 5 1 
54474 0 0 0 0 0 0 0 0 0 0 10 5 1 
54524 0 0 0 0 0 0 0 0 0 0 10 5 1 
54575 0 0 0 0 0 0 0 0 0 0 10 5 1 
54625 0 0 0 0 0 0 0 0 0 0 10 5 1 
54675 0 0 0 0 0 0 0 0 0 0 10 5 1 
54725 0 0 0 0 0 0 0 0 0 0 10 5 1 
54775 0 0 0 0 0 0 0 0 0 0 10 5 1 
54825 0 0 0 0 0 0 0 0 0 0 10 5 1 
54875 0 0 0 0 0 0 0 0 0 0 10 5 1 
54925 0 0 0 0 0 0 0 0 0 0 10 5 1 
54975 0 0 0 0 0 0 0 0 0 0 10 5 1 
55025 0 0 0 0 0 0 0 0 0 0 10 5 1 
55075 0 0 0 0 0 0 0 0 0 0 10 5 1 
55126 0 0 0 0 0 0 0 0 0 0 10 5 1 
55176 0 0 0 0 0 0 0 0 0 0 10 5 1 
55226 0 0 0 0 0 0 0 0 0 0 10 5 1 
55276 0 0 0 0 0 0 0 0 0 0 10 5 1 
