503323 0 0 0 0 0 0 0 0 0 0 -3942 25968 -22874 
503373 0 0 0 0 0 0 0 0 0 0 -3942 25968 -22874 
503423 0 0 0 0 0 0 0 0 0 0 -3942 25968 -22874 
503473 0 0 0 0 0 0 0 0 0 0 -3942 25968 -22874 
503523 0 0 0 0 0 0 0 0 0 0 -3942 25968 -22874 
503573 0 0 0 0 0 0 0 0 0 0 -3942 25968 -22874 
503623 0 0 0 0 0 0 0 0 0 0 -3942 25968 -22874 
503673 0 0 0 0 0 0 0 0 0 0 -3942 25968 -22874 
503723 0 0 0 0 0 0 0 0 0 0 -3942 25968 -22874 
503773 0 0 0 0 0 0 0 0 0 0 -3942 25968 -22874 
503824 0 0 0 0 0 0 0 0 0 0 -3942 25968 -22874 
503874 0 0 0 0 0 0 0 0 0 0 -3942 25968 -22874 
503924 0 0 0 0 0 0 0 0 0 0 -3942 25968 -22874 
503974 0 0 0 0 0 0 0 0 0 0 -3942 25968 -22874 
504024 0 0 0 0 0 0 0 0 0 0 -3942 25968 -22874 
504074 0 0 0 0 0 0 0 0 0 0 -3942 25968 -22874 
504124 0 0 0 0 0 0 0 0 0 0 -3942 25968 -22874 
504174 0 0 0 0 0 0 0 0 0 0 -3942 25968 -22874 
504224 0 0 0 0 0 0 0 0 0 0 -3942 25968 -22874 
504274 0 0 0 0 0 0 0 0 0 0 -3942 25968 -22874 
504325 0 0 0 0 0 0 0 0 0 0 -3942 25968 -22874 
504375 0 0 0 0 0 0 0 0 0 0 -3942 25968 -22874 
504425 0 0 0 0 0 0 0 0 0 0 -3942 25968 -22874 
504475 0 0 0 0 0 0 0 0 0 0 -3942 25968 -22874 
504525 0 0 0 0 0 0 0 0 0 0 -3942 25968 -22874 
504575 0 0 0 0 0 0 0 0 0 0 -3942 25968 -22874 
504625 0 0 0 0 0 0 0 0 0 0 -3942 25968 -22874 
504675 0 0 0 0 0 0 0 0 0 0 -3942 25968 -22874 
504725 0 0 0 0 0 0 0 0 0 0 -3942 25968 -22874 
504775 0 0 0 0 0 0 0 0 0 0 -3942 25968 -22874 
504825 0 0 0 0 0 0 0 0 0 0 -3942 25968 -22874 
504876 0 0 0 0 0 0 0 0 0 0 -3942 25968 -22874 
504926 0 0 0 0 0 0 0 0 0 0 -3942 25968 -22874 
504976 0 0 0 0 0 0 0 0 0 0 -3942 25968 -22874 
505026 0 0 0 0 0 0 0 0 0 0 -3942 25968 -22874 
505076 0 0 0 0 0 0 0 0 0 0 -3942 25968 -22874 
505126 0 0 0 0 0 0 0 0 0 0 -3942 25968 -22874 
505176 0 0 0 0 0 0 0 0 0 0 -3942 25968 -22874 
505226 0 0 0 0 0 0 0 0 0 0 -3942 25968 -22874 
505276 0 0 0 0 0 0 0 0 0 0 -3942 25968 -22874 
505326 0 0 0 0 0 0 0 0 0 0 -3942 25968 -22874 
505376 0 0 0 0 0 0 0 0 0 0 -3942 25968 -22874 
505427 0 0 0 0 0 0 0 0 0 0 -3942 25968 -22874 
505477 0 0 0 0 0 0 0 0 0 0 -3942 25968 -22874 
505527 0 0 0 0 0 0 0 0 0 0 -3942 25968 -22874 
505577 0 0 0 0 0 0 0 0 0 0 -3942 25968 -22874 
505627 0 0 0 0 0 0 0 0 0 0 -3942 25968 -22874 
505677 0 0 0 0 0 0 0 0 0 0 -3942 25968 -22874 
505727 0 0 0 0 0 0 0 0 0 0 -3942 25968 -22874 
505777 0 0 0 0 0 0 0 0 0 0 -3942 25968 -22874 
505832 0 0 0 0 0 0 0 0 0 0 -3942 25968 -22874 
505882 0 0 0 0 0 0 0 0 0 0 -3942 25968 -22874 
505933 0 0 0 0 0 0 0 0 0 0 -3942 25968 -22874 
505983 0 0 0 0 0 0 0 0 0 0 -3942 25968 -22874 
506033 0 0 0 0 0 0 0 0 0 0 -3942 25968 -22874 
506083 0 0 0 0 0 0 0 0 0 0 -3942 25968 -22874 
506133 0 0 0 0 0 0 0 0 0 0 -3942 25968 -22874 
506183 0 0 0 0 0 0 0 0 0 0 -3942 25968 -22874 
506233 0 0 0 0 0 0 0 0 0 0 -3942 25968 -22874 
506283 0 0 0 0 0 0 0 0 0 0 -3942 25968 -22874 
506333 0 0 0 0 0 0 0 0 0 0 -3942 25968 -22874 
506383 0 0 0 0 0 0 0 0 0 0 -3942 25968 -22874 
506433 0 0 0 0 0 0 0 0 0 0 -3942 25968 -22874 
506484 0 0 0 0 0 0 0 0 0 0 -3942 25968 -22874 
506534 0 0 0 0 0 0 0 0 0 0 -3942 25968 -22874 
506584 0 0 0 0 0 0 0 0 0 0 -3942 25968 -22874 
506634 0 0 0 0 0 0 0 0 0 0 -3942 25968 -22874 
506684 0 0 0 0 0 0 0 0 0 0 -3942 25968 -22874 
506734 0 0 0 0 0 0 0 0 0 0 -3942 25968 -22874 
506784 0 0 0 0 0 0 0 0 0 0 -3942 25968 -22874 
506834 0 0 0 0 0 0 0 0 0 0 -3942 25968 -22874 
506884 0 0 0 0 0 0 0 0 0 0 -3942 25968 -22874 
506934 0 0 0 0 0 0 0 0 0 0 -3942 25968 -22874 
506984 0 0 0 0 0 0 0 0 0 0 -3942 25968 -22874 
507035 0 0 0 0 0 0 0 0 0 0 -3942 25968 -22874 
507085 0 0 0 0 0 0 0 0 0 0 -3942 25968 -22874 
507135 0 0 0 0 0 0 0 0 0 0 -3942 25968 -22874 
507185 0 0 0 0 0 0 0 0 0 0 -3942 25968 -22874 
507235 0 0 0 0 0 0 0 0 0 0 -3942 25968 -22874 
507285 0 0 0 0 0 0 0 0 0 0 -3942 25968 -22874 
507335 0 0 0 0 0 0 0 0 0 0 -3942 25968 -22874 
507385 0 0 0 0 0 0 0 0 0 0 -3942 25968 -22874 
507435 0 0 0 0 0 0 0 0 0 0 -3942 25968 -22874 
507485 0 0 0 0 0 0 0 0 0 0 -3942 25968 -22874 
507535 0 0 0 0 0 0 0 0 0 0 -3942 25968 -22874 
507586 0 0 0 0 0 0 0 0 0 0 -3942 25968 -22874 
507636 0 0 0 0 0 0 0 0 0 0 -3942 25968 -22874 
507686 0 0 0 0 0 0 0 0 0 0 -3942 25968 -22874 
507736 0 0 0 0 0 0 0 0 0 0 -3942 25968 -22874 
507786 0 0 0 0 0 0 0 0 0 0 -3942 25968 -22874 
507836 0 0 0 0 0 0 0 0 0 0 -3942 25968 -22874 
507886 0 0 0 0 0 0 0 0 0 0 -3942 25968 -22874 
507936 0 0 0 0 0 0 0 0 0 0 -3942 25968 -22874 
507986 0 0 0 0 0 0 0 0 0 0 -3942 25968 -22874 
508036 0 0 0 0 0 0 0 0 0 0 -3942 25968 -22874 
508086 0 0 0 0 0 0 0 0 0 0 -3942 25968 -22874 
508137 0 0 0 0 0 0 0 0 0 0 -3942 25968 -22874 
508187 0 0 0 0 0 0 0 0 0 0 -3942 25968 -22874 
508237 0 0 0 0 0 0 0 0 0 0 -3942 25968 -22874 
508287 0 0 0 0 0 0 0 0 0 0 -3942 25968 -22874 
508337 0 0 0 0 0 0 0 0 0 0 -3942 25968 -22874 
508387 0 0 0 0 0 0 0 0 0 0 -3942 25968 -22874 
508437 0 0 0 0 0 0 0 0 0 0 -3942 25968 -22874 
508487 0 0 0 0 0 0 0 0 0 0 -3942 25968 -22874 
508537 0 0 0 0 0 0 0 0 0 0 -3942 25968 -22874 
508587 0 0 0 0 0 0 0 0 0 0 -3942 25968 -22874 
508638 0 0 0 0 0 0 0 0 0 0 -3942 25968 -22874 
508688 0 0 0 0 0 0 0 0 0 0 -3942 25968 -22874 
