620756992 3546 0 0 0 0 0 0 0 0 0 0 0 0 0 -256 22286 3546 0 0 0 0 0 0 0 0 0 0 0 0 0 -256 -30450 3546 0 0 0 0 0 0 0 0 0 0 0 0 0 -256 -17650 3546 0 
0 0 0 0 0 0 0 0 0 0 0 -256 -4850 3546 0 0 0 0 0 0 0 0 0 0 0 0 0 -256 7950 3547 0 0 0 0 0 0 0 0 0 0 0 0 0 -256 20750 3547 0 0 0 0 0 
0 0 0 0 0 0 0 -256 -31986 3547 0 0 0 0 0 0 0 0 0 0 0 0 0 -256 -18930 3547 0 0 0 0 0 0 0 0 0 0 0 0 0 -256 -6130 3547 0 0 0 0 0 0 0 0 0 
0 0 0 -256 6670 3548 0 0 0 0 0 0 0 0 0 0 0 0 0 -256 19470 3548 0 0 0 0 0 0 0 0 0 0 0 0 0 -256 32270 3548 0 0 0 0 0 0 0 0 0 0 0 0 0 
-1341194496 3548 0 0 0 0 0 0 0 0 0 0 0 0 0 -256 -7666 3548 0 0 0 0 0 0 0 0 0 0 0 0 0 -256 5134 3549 0 0 0 0 0 0 0 0 0 0 0 0 0 -256 17934 3549 0 
0 0 0 0 0 0 0 0 0 0 0 -256 30734 3549 0 0 0 0 0 0 0 0 0 0 0 0 0 -256 -21746 3549 0 0 0 0 0 0 0 0 0 0 0 0 0 -256 -8946 3549 0 0 0 0 0 
0 0 0 0 0 0 0 -256 3854 3550 0 0 0 0 0 0 0 0 0 0 0 0 0 -256 16654 3550 0 0 0 0 0 0 0 0 0 0 0 0 0 -256 29454 3550 0 0 0 0 0 0 0 0 0 
0 0 0 -256 -23026 3550 0 0 0 0 0 0 0 0 0 0 0 0 0 -256 -10226 3550 0 0 0 0 0 0 0 0 0 0 0 0 0 -256 2574 3551 0 0 0 0 0 0 0 0 0 0 0 0 0 
1007615744 3551 0 0 0 0 0 0 0 0 0 0 0 0 0 -256 28174 3551 0 0 0 0 0 0 0 0 0 0 0 0 0 -256 -24562 3551 0 0 0 0 0 0 0 0 0 0 0 0 0 -256 -11250 3551 0 
0 0 0 0 0 0 0 0 0 0 0 -256 1550 3552 0 0 0 0 0 0 0 0 0 0 0 0 0 -256 14350 3552 0 0 0 0 0 0 0 0 0 0 0 0 0 -256 27150 3552 0 0 0 0 0 
0 0 0 0 0 0 0 -256 -25586 3552 0 0 0 0 0 0 0 0 0 0 0 0 0 -256 -12786 3552 0 0 0 0 0 0 0 0 0 0 0 0 0 -256 14 3553 0 0 0 0 0 0 0 0 0 
0 0 0 -256 12814 3553 0 0 0 0 0 0 0 0 0 0 0 0 0 -256 25870 3553 0 0 0 0 0 0 0 0 0 0 0 0 0 -256 -26866 3553 0 0 0 0 0 0 0 0 0 0 0 0 0 
-921764096 3553 0 0 0 0 0 0 0 0 0 0 0 0 0 -256 -1266 3553 0 0 0 0 0 0 0 0 0 0 0 0 0 -256 11534 3554 0 0 0 0 0 0 0 0 0 0 0 0 0 -256 24334 3554 0 
0 0 0 0 0 0 0 0 0 0 0 -256 -28402 3554 0 0 0 0 0 0 0 0 0 0 0 0 0 -256 -15346 3554 0 0 0 0 0 0 0 0 0 0 0 0 0 -256 -2546 3554 0 0 0 0 0 
0 0 0 0 0 0 0 -256 10254 3555 0 0 0 0 0 0 0 0 0 0 0 0 0 -256 23310 3555 0 0 0 0 0 0 0 0 0 0 0 0 0 -256 -29426 3555 0 0 0 0 0 0 0 0 0 
0 0 0 -256 -16626 3555 0 0 0 0 0 0 0 0 0 0 0 0 0 -256 -3826 3555 0 0 0 0 0 0 0 0 0 0 0 0 0 -256 8974 3556 0 0 0 0 0 0 0 0 0 0 0 0 0 
1427046144 3556 0 0 0 0 0 0 0 0 0 0 0 0 0 -256 -30962 3556 0 0 0 0 0 0 0 0 0 0 0 0 0 -256 -18162 3556 0 0 0 0 0 0 0 0 0 0 0 0 0 -256 -5362 3556 0 
0 0 0 0 0 0 0 0 0 0 0 -256 7438 3557 0 0 0 0 0 0 0 0 0 0 0 0 0 -256 20238 3557 0 0 0 0 0 0 0 0 0 0 0 0 0 -256 -32242 3557 0 0 0 0 0 
0 0 0 0 0 0 0 -256 -19442 3557 0 0 0 0 0 0 0 0 0 0 0 0 0 -256 -6642 3557 0 0 0 0 0 0 0 0 0 0 0 0 0 -256 6158 3558 0 0 0 0 0 0 0 0 0 
0 0 0 -256 18958 3558 0 0 0 0 0 0 0 0 0 0 0 0 0 -256 31758 3558 0 0 0 0 0 0 0 0 0 0 0 0 0 -256 -20978 3558 0 0 0 0 0 0 0 0 0 0 0 0 0 
-535888128 3558 0 0 0 0 0 0 0 0 0 0 0 0 0 -256 4622 3559 0 0 0 0 0 0 0 0 0 0 0 0 0 -256 17422 3559 0 0 0 0 0 0 0 0 0 0 0 0 0 -256 30478 3559 0 
0 0 0 0 0 0 0 0 0 0 0 -256 -22258 3559 0 0 0 0 0 0 0 0 0 0 0 0 0 -256 -9458 3559 0 0 0 0 0 0 0 0 0 0 0 0 0 -256 3342 3560 0 0 0 0 0 
0 0 0 0 0 0 0 -256 16142 3560 0 0 0 0 0 0 0 0 0 0 0 0 0 -256 28942 3560 0 0 0 0 0 0 0 0 0 0 0 0 0 -256 -23538 3560 0 0 0 0 0 0 0 0 0 
0 0 0 -256 -10738 3560 0 0 0 0 0 0 0 0 0 0 0 0 0 -256 2062 3561 0 0 0 0 0 0 0 0 0 0 0 0 0 -256 14862 3561 0 0 0 0 0 0 0 0 0 0 0 0 0 
1812922112 3561 0 0 0 0 0 0 0 0 0 0 0 0 0 -256 -25074 3561 0 0 0 0 0 0 0 0 0 0 0 0 0 -256 -12274 3561 0 0 0 0 0 0 0 0 0 0 0 0 0 -256 526 3562 0 
0 0 0 0 0 0 0 0 0 0 0 -256 13326 3562 0 0 0 0 0 0 0 0 0 0 0 0 0 -256 26126 3562 0 0 0 0 0 0 0 0 0 0 0 0 0 -256 -26354 3562 0 0 0 0 0 
0 0 0 0 0 0 0 -256 -13554 3562 0 0 0 0 0 0 0 0 0 0 0 0 0 -256 -754 3562 0 0 0 0 0 0 0 0 0 0 0 0 0 -256 12046 3563 0 0 0 0 0 0 0 0 0 
0 0 0 -256 24846 3563 0 0 0 0 0 0 0 0 0 0 0 0 0 -256 -27890 3563 0 0 0 0 0 0 0 0 0 0 0 0 0 -256 -15090 3563 0 0 0 0 0 0 0 0 0 0 0 0 0 
-150012160 3563 0 0 0 0 0 0 0 0 0 0 0 0 0 -256 10510 3564 0 0 0 0 0 0 0 0 0 0 0 0 0 -256 23310 3564 0 0 0 0 0 0 0 0 0 0 0 0 0 -256 -29426 3564 0 
0 0 0 0 0 0 0 0 0 0 0 -256 -16626 3564 0 0 0 0 0 0 0 0 0 0 0 0 0 -256 -3570 3564 0 0 0 0 0 0 0 0 0 0 0 0 0 -256 9230 3565 0 0 0 0 0 
0 0 0 0 0 0 0 -256 22030 3565 0 0 0 0 0 0 0 0 0 0 0 0 0 -256 -30706 3565 0 0 0 0 0 0 0 0 0 0 0 0 0 -256 -17906 3565 0 0 0 0 0 0 0 0 0 
0 0 0 -256 -5106 3565 0 0 0 0 0 0 0 0 0 0 0 0 0 -256 7694 3566 0 0 0 0 0 0 0 0 0 0 0 0 0 -256 20494 3566 0 0 0 0 0 0 0 0 0 0 0 0 0 
-2112946432 3566 0 0 0 0 0 0 0 0 0 0 0 0 0 -256 -19442 3566 0 0 0 0 0 0 0 0 0 0 0 0 0 -256 -6386 3566 0 0 0 0 0 0 0 0 0 0 0 0 0 -256 6414 3567 0 
0 0 0 0 0 0 0 0 0 0 0 -256 4366 5439 0 0 0 0 0 0 0 0 0 0 0 0 0 0 0 0 0 0 0 0 0 0 0 0 0 0 0 0 0 0 0 0 0 0 0 0 0 
