7205 0 0 0 0 0 0 0 0 0 0 -18116 3086 -32096 
7255 0 0 0 0 0 0 0 0 0 0 -18116 3086 -32096 
7305 0 0 0 0 0 0 0 0 0 0 -18116 3086 -32096 
7355 0 0 0 0 0 0 0 0 0 0 -18116 3086 -32096 
7405 0 0 0 0 0 0 0 0 0 0 -18116 3086 -32096 
7455 0 0 0 0 0 0 0 0 0 0 -18116 3086 -32096 
7505 0 0 0 0 0 0 0 0 0 0 -18116 3086 -32096 
7556 0 0 0 0 0 0 0 0 0 0 -18116 3086 -32096 
7606 0 0 0 0 0 0 0 0 0 0 -18116 3086 -32096 
7656 0 0 0 0 0 0 0 0 0 0 -18116 3086 -32096 
7706 0 0 0 0 0 0 0 0 0 0 -18116 3086 -32096 
7756 0 0 0 0 0 0 0 0 0 0 -18116 3086 -32096 
7806 0 0 0 0 0 0 0 0 0 0 -18116 3086 -32096 
7856 0 0 0 0 0 0 0 0 0 0 -18116 3086 -32096 
7906 0 0 0 0 0 0 0 0 0 0 -18116 3086 -32096 
7956 0 0 0 0 0 0 0 0 0 0 -18116 3086 -32096 
8006 0 0 0 0 0 0 0 0 0 0 -18116 3086 -32096 
8057 0 0 0 0 0 0 0 0 0 0 -18116 3086 -32096 
8107 0 0 0 0 0 0 0 0 0 0 -18116 3086 -32096 
8157 0 0 0 0 0 0 0 0 0 0 -18116 3086 -32096 
8207 0 0 0 0 0 0 0 0 0 0 -18116 3086 -32096 
8257 0 0 0 0 0 0 0 0 0 0 -18116 3086 -32096 
8307 0 0 0 0 0 0 0 0 0 0 -18116 3086 -32096 
8357 0 0 0 0 0 0 0 0 0 0 -18116 3086 -32096 
8407 0 0 0 0 0 0 0 0 0 0 -18116 3086 -32096 
8457 0 0 0 0 0 0 0 0 0 0 -18116 3086 -32096 
8507 0 0 0 0 0 0 0 0 0 0 -18116 3086 -32096 
8558 0 0 0 0 0 0 0 0 0 0 -18116 3086 -32096 
8608 0 0 0 0 0 0 0 0 0 0 -18116 3086 -32096 
8658 0 0 0 0 0 0 0 0 0 0 -18116 3086 -32096 
8708 0 0 0 0 0 0 0 0 0 0 -18116 3086 -32096 
8758 0 0 0 0 0 0 0 0 0 0 -18116 3086 -32096 
8808 0 0 0 0 0 0 0 0 0 0 -18116 3086 -32096 
8858 0 0 0 0 0 0 0 0 0 0 -18116 3086 -32096 
8908 0 0 0 0 0 0 0 0 0 0 -18116 3086 -32096 
8958 0 0 0 0 0 0 0 0 0 0 -18116 3086 -32096 
9008 0 0 0 0 0 0 0 0 0 0 -18116 3086 -32096 
9059 0 0 0 0 0 0 0 0 0 0 -18116 3086 -32096 
9109 0 0 0 0 0 0 0 0 0 0 -18116 3086 -32096 
9159 0 0 0 0 0 0 0 0 0 0 -18116 3086 -32096 
9209 0 0 0 0 0 0 0 0 0 0 -18116 3086 -32096 
9259 0 0 0 0 0 0 0 0 0 0 -18116 3086 -32096 
9309 0 0 0 0 0 0 0 0 0 0 -18116 3086 -32096 
9359 0 0 0 0 0 0 0 0 0 0 -18116 3086 -32096 
9409 0 0 0 0 0 0 0 0 0 0 -18116 3086 -32096 
9459 0 0 0 0 0 0 0 0 0 0 -18116 3086 -32096 
9509 0 0 0 0 0 0 0 0 0 0 -18116 3086 -32096 
9559 0 0 0 0 0 0 0 0 0 0 -18116 3086 -32096 
9610 0 0 0 0 0 0 0 0 0 0 -18116 3086 -32096 
9660 0 0 0 0 0 0 0 0 0 0 -18116 3086 -32096 
9710 0 0 0 0 0 0 0 0 0 0 -18116 3086 -32096 
9760 0 0 0 0 0 0 0 0 0 0 -18116 3086 -32096 
9810 0 0 0 0 0 0 0 0 0 0 -18116 3086 -32096 
9860 0 0 0 0 0 0 0 0 0 0 -18116 3086 -32096 
9910 0 0 0 0 0 0 0 0 0 0 -18116 3086 -32096 
9960 0 0 0 0 0 0 0 0 0 0 -18116 3086 -32096 
10010 0 0 0 0 0 0 0 0 0 0 -18116 3086 -32096 
10060 0 0 0 0 0 0 0 0 0 0 -18116 3086 -32096 
10111 0 0 0 0 0 0 0 0 0 0 -18116 3086 -32096 
10161 0 0 0 0 0 0 0 0 0 0 -18116 3086 -32096 
10211 0 0 0 0 0 0 0 0 0 0 -18116 3086 -32096 
10261 0 0 0 0 0 0 0 0 0 0 -18116 3086 -32096 
10311 0 0 0 0 0 0 0 0 0 0 -18116 3086 -32096 
10361 0 0 0 0 0 0 0 0 0 0 -18116 3086 -32096 
10411 0 0 0 0 0 0 0 0 0 0 -18116 3086 -32096 
10461 0 0 0 0 0 0 0 0 0 0 -18116 3086 -32096 
10511 0 0 0 0 0 0 0 0 0 0 -18116 3086 -32096 
10561 0 0 0 0 0 0 0 0 0 0 -18116 3086 -32096 
10611 0 0 0 0 0 0 0 0 0 0 -18116 3086 -32096 
10662 0 0 0 0 0 0 0 0 0 0 -18116 3086 -32096 
10712 0 0 0 0 0 0 0 0 0 0 -18116 3086 -32096 
10762 0 0 0 0 0 0 0 0 0 0 -18116 3086 -32096 
10812 0 0 0 0 0 0 0 0 0 0 -18116 3086 -32096 
10862 0 0 0 0 0 0 0 0 0 0 -18116 3086 -32096 
10912 0 0 0 0 0 0 0 0 0 0 -18116 3086 -32096 
10962 0 0 0 0 0 0 0 0 0 0 -18116 3086 -32096 
11012 0 0 0 0 0 0 0 0 0 0 -18116 3086 -32096 
11062 0 0 0 0 0 0 0 0 0 0 -18116 3086 -32096 
11112 0 0 0 0 0 0 0 0 0 0 -18116 3086 -32096 
11162 0 0 0 0 0 0 0 0 0 0 -18116 3086 -32096 
11213 0 0 0 0 0 0 0 0 0 0 -18116 3086 -32096 
11263 0 0 0 0 0 0 0 0 0 0 -18116 3086 -32096 
11313 0 0 0 0 0 0 0 0 0 0 -18116 3086 -32096 
11363 0 0 0 0 0 0 0 0 0 0 -18116 3086 -32096 
11413 0 0 0 0 0 0 0 0 0 0 -18116 3086 -32096 
11463 0 0 0 0 0 0 0 0 0 0 -18116 3086 -32096 
11513 0 0 0 0 0 0 0 0 0 0 -18116 3086 -32096 
11563 0 0 0 0 0 0 0 0 0 0 -18116 3086 -32096 
11613 0 0 0 0 0 0 0 0 0 0 -18116 3086 -32096 
11663 0 0 0 0 0 0 0 0 0 0 -18116 3086 -32096 
11713 0 0 0 0 0 0 0 0 0 0 -18116 3086 -32096 
11764 0 0 0 0 0 0 0 0 0 0 -18116 3086 -32096 
11814 0 0 0 0 0 0 0 0 0 0 -18116 3086 -32096 
11864 0 0 0 0 0 0 0 0 0 0 -18116 3086 -32096 
11914 0 0 0 0 0 0 0 0 0 0 -18116 3086 -32096 
11964 0 0 0 0 0 0 0 0 0 0 -18116 3086 -32096 
12014 0 0 0 0 0 0 0 0 0 0 -18116 3086 -32096 
12064 0 0 0 0 0 0 0 0 0 0 -18116 3086 -32096 
12114 0 0 0 0 0 0 0 0 0 0 -18116 3086 -32096 
12164 0 0 0 0 0 0 0 0 0 0 -18116 3086 -32096 
12214 0 0 0 0 0 0 0 0 0 0 -18116 3086 -32096 
12265 0 0 0 0 0 0 0 0 0 0 -18116 3086 -32096 
12315 0 0 0 0 0 0 0 0 0 0 -18116 3086 -32096 
12365 0 0 0 0 0 0 0 0 0 0 -18116 3086 -32096 
12415 0 0 0 0 0 0 0 0 0 0 -18116 3086 -32096 
12465 0 0 0 0 0 0 0 0 0 0 -18116 3086 -32096 
12515 0 0 0 0 0 0 0 0 0 0 -18116 3086 -32096 
12565 0 0 0 0 0 0 0 0 0 0 -18116 3086 -32096 
