384229 1 2 3 4 5 6 7 8 9 10 11 12 13 
384279 1 2 3 4 5 6 7 8 9 10 11 12 13 
384329 1 2 3 4 5 6 7 8 9 10 11 12 13 
384379 1 2 3 4 5 6 7 8 9 10 11 12 13 
384430 1 2 3 4 5 6 7 8 9 10 11 12 13 
384480 1 2 3 4 5 6 7 8 9 10 11 12 13 
384530 1 2 3 4 5 6 7 8 9 10 11 12 13 
384580 1 2 3 4 5 6 7 8 9 10 11 12 13 
384630 1 2 3 4 5 6 7 8 9 10 11 12 13 
384680 1 2 3 4 5 6 7 8 9 10 11 12 13 
384730 1 2 3 4 5 6 7 8 9 10 11 12 13 
384780 1 2 3 4 5 6 7 8 9 10 11 12 13 
384831 1 2 3 4 5 6 7 8 9 10 11 12 13 
384881 1 2 3 4 5 6 7 8 9 10 11 12 13 
384931 1 2 3 4 5 6 7 8 9 10 11 12 13 
384981 1 2 3 4 5 6 7 8 9 10 11 12 13 
385031 1 2 3 4 5 6 7 8 9 10 11 12 13 
385081 1 2 3 4 5 6 7 8 9 10 11 12 13 
385131 1 2 3 4 5 6 7 8 9 10 11 12 13 
385181 1 2 3 4 5 6 7 8 9 10 11 12 13 
385231 1 2 3 4 5 6 7 8 9 10 11 12 13 
385282 1 2 3 4 5 6 7 8 9 10 11 12 13 
385332 1 2 3 4 5 6 7 8 9 10 11 12 13 
385382 1 2 3 4 5 6 7 8 9 10 11 12 13 
385432 1 2 3 4 5 6 7 8 9 10 11 12 13 
385482 1 2 3 4 5 6 7 8 9 10 11 12 13 
385532 1 2 3 4 5 6 7 8 9 10 11 12 13 
385582 1 2 3 4 5 6 7 8 9 10 11 12 13 
385632 1 2 3 4 5 6 7 8 9 10 11 12 13 
385682 1 2 3 4 5 6 7 8 9 10 11 12 13 
385732 1 2 3 4 5 6 7 8 9 10 11 12 13 
385782 1 2 3 4 5 6 7 8 9 10 11 12 13 
385833 1 2 3 4 5 6 7 8 9 10 11 12 13 
385883 1 2 3 4 5 6 7 8 9 10 11 12 13 
385933 1 2 3 4 5 6 7 8 9 10 11 12 13 
385983 1 2 3 4 5 6 7 8 9 10 11 12 13 
386033 1 2 3 4 5 6 7 8 9 10 11 12 13 
386083 1 2 3 4 5 6 7 8 9 10 11 12 13 
386133 1 2 3 4 5 6 7 8 9 10 11 12 13 
386183 1 2 3 4 5 6 7 8 9 10 11 12 13 
386233 1 2 3 4 5 6 7 8 9 10 11 12 13 
386283 1 2 3 4 5 6 7 8 9 10 11 12 13 
386333 1 2 3 4 5 6 7 8 9 10 11 12 13 
386383 1 2 3 4 5 6 7 8 9 10 11 12 13 
386434 1 2 3 4 5 6 7 8 9 10 11 12 13 
386484 1 2 3 4 5 6 7 8 9 10 11 12 13 
386534 1 2 3 4 5 6 7 8 9 10 11 12 13 
386584 1 2 3 4 5 6 7 8 9 10 11 12 13 
386634 1 2 3 4 5 6 7 8 9 10 11 12 13 
386684 1 2 3 4 5 6 7 8 9 10 11 12 13 
386734 1 2 3 4 5 6 7 8 9 10 11 12 13 
386784 1 2 3 4 5 6 7 8 9 10 11 12 13 
386834 1 2 3 4 5 6 7 8 9 10 11 12 13 
386884 1 2 3 4 5 6 7 8 9 10 11 12 13 
386934 1 2 3 4 5 6 7 8 9 10 11 12 13 
386985 1 2 3 4 5 6 7 8 9 10 11 12 13 
387035 1 2 3 4 5 6 7 8 9 10 11 12 13 
387085 1 2 3 4 5 6 7 8 9 10 11 12 13 
387135 1 2 3 4 5 6 7 8 9 10 11 12 13 
387185 1 2 3 4 5 6 7 8 9 10 11 12 13 
387235 1 2 3 4 5 6 7 8 9 10 11 12 13 
387285 1 2 3 4 5 6 7 8 9 10 11 12 13 
387335 1 2 3 4 5 6 7 8 9 10 11 12 13 
387385 1 2 3 4 5 6 7 8 9 10 11 12 13 
387435 1 2 3 4 5 6 7 8 9 10 11 12 13 
387485 1 2 3 4 5 6 7 8 9 10 11 12 13 
387536 1 2 3 4 5 6 7 8 9 10 11 12 13 
387586 1 2 3 4 5 6 7 8 9 10 11 12 13 
387636 1 2 3 4 5 6 7 8 9 10 11 12 13 
387686 1 2 3 4 5 6 7 8 9 10 11 12 13 
387736 1 2 3 4 5 6 7 8 9 10 11 12 13 
387786 1 2 3 4 5 6 7 8 9 10 11 12 13 
387836 1 2 3 4 5 6 7 8 9 10 11 12 13 
387886 1 2 3 4 5 6 7 8 9 10 11 12 13 
387937 1 2 3 4 5 6 7 8 9 10 11 12 13 
387987 1 2 3 4 5 6 7 8 9 10 11 12 13 
388037 1 2 3 4 5 6 7 8 9 10 11 12 13 
388087 1 2 3 4 5 6 7 8 9 10 11 12 13 
388137 1 2 3 4 5 6 7 8 9 10 11 12 13 
388187 1 2 3 4 5 6 7 8 9 10 11 12 13 
388237 1 2 3 4 5 6 7 8 9 10 11 12 13 
388287 1 2 3 4 5 6 7 8 9 10 11 12 13 
388337 1 2 3 4 5 6 7 8 9 10 11 12 13 
388387 1 2 3 4 5 6 7 8 9 10 11 12 13 
388437 1 2 3 4 5 6 7 8 9 10 11 12 13 
388487 1 2 3 4 5 6 7 8 9 10 11 12 13 
388538 1 2 3 4 5 6 7 8 9 10 11 12 13 
388588 1 2 3 4 5 6 7 8 9 10 11 12 13 
388638 1 2 3 4 5 6 7 8 9 10 11 12 13 
388688 1 2 3 4 5 6 7 8 9 10 11 12 13 
388738 1 2 3 4 5 6 7 8 9 10 11 12 13 
388788 1 2 3 4 5 6 7 8 9 10 11 12 13 
388838 1 2 3 4 5 6 7 8 9 10 11 12 13 
388888 1 2 3 4 5 6 7 8 9 10 11 12 13 
388938 1 2 3 4 5 6 7 8 9 10 11 12 13 
388989 1 2 3 4 5 6 7 8 9 10 11 12 13 
389039 1 2 3 4 5 6 7 8 9 10 11 12 13 
389089 1 2 3 4 5 6 7 8 9 10 11 12 13 
389139 1 2 3 4 5 6 7 8 9 10 11 12 13 
389189 1 2 3 4 5 6 7 8 9 10 11 12 13 
389239 1 2 3 4 5 6 7 8 9 10 11 12 13 
389289 1 2 3 4 5 6 7 8 9 10 11 12 13 
389339 1 2 3 4 5 6 7 8 9 10 11 12 13 
389389 1 2 3 4 5 6 7 8 9 10 11 12 13 
389439 1 2 3 4 5 6 7 8 9 10 11 12 13 
389489 1 2 3 4 5 6 7 8 9 10 11 12 13 
389540 1 2 3 4 5 6 7 8 9 10 11 12 13 
389592 1 2 3 4 5 6 7 8 9 10 11 12 13 
389642 1 2 3 4 5 6 7 8 9 10 11 12 13 
389692 1 2 3 4 5 6 7 8 9 10 11 12 13 
389743 1 2 3 4 5 6 7 8 9 10 11 12 13 
389793 1 2 3 4 5 6 7 8 9 10 11 12 13 
389843 1 2 3 4 5 6 7 8 9 10 11 12 13 
389894 1 2 3 4 5 6 7 8 9 10 11 12 13 
389944 1 2 3 4 5 6 7 8 9 10 11 12 13 
389994 1 2 3 4 5 6 7 8 9 10 11 12 13 
390044 1 2 3 4 5 6 7 8 9 10 11 12 13 
390094 1 2 3 4 5 6 7 8 9 10 11 12 13 
390144 1 2 3 4 5 6 7 8 9 10 11 12 13 
390194 1 2 3 4 5 6 7 8 9 10 11 12 13 
390244 1 2 3 4 5 6 7 8 9 10 11 12 13 
390294 1 2 3 4 5 6 7 8 9 10 11 12 13 
390344 1 2 3 4 5 6 7 8 9 10 11 12 13 
390395 1 2 3 4 5 6 7 8 9 10 11 12 13 
390445 1 2 3 4 5 6 7 8 9 10 11 12 13 
390495 1 2 3 4 5 6 7 8 9 10 11 12 13 
390545 1 2 3 4 5 6 7 8 9 10 11 12 13 
390595 1 2 3 4 5 6 7 8 9 10 11 12 13 
390645 1 2 3 4 5 6 7 8 9 10 11 12 13 
390695 1 2 3 4 5 6 7 8 9 10 11 12 13 
390745 1 2 3 4 5 6 7 8 9 10 11 12 13 
390795 1 2 3 4 5 6 7 8 9 10 11 12 13 
390845 1 2 3 4 5 6 7 8 9 10 11 12 13 
390895 1 2 3 4 5 6 7 8 9 10 11 12 13 
390946 1 2 3 4 5 6 7 8 9 10 11 12 13 
390996 1 2 3 4 5 6 7 8 9 10 11 12 13 
391046 1 2 3 4 5 6 7 8 9 10 11 12 13 
391096 1 2 3 4 5 6 7 8 9 10 11 12 13 
391146 1 2 3 4 5 6 7 8 9 10 11 12 13 
391196 1 2 3 4 5 6 7 8 9 10 11 12 13 
391246 1 2 3 4 5 6 7 8 9 10 11 12 13 
391296 1 2 3 4 5 6 7 8 9 10 11 12 13 
391346 1 2 3 4 5 6 7 8 9 10 11 12 13 
391396 1 2 3 4 5 6 7 8 9 10 11 12 13 
391447 1 2 3 4 5 6 7 8 9 10 11 12 13 
391497 1 2 3 4 5 6 7 8 9 10 11 12 13 
391547 1 2 3 4 5 6 7 8 9 10 11 12 13 
391597 1 2 3 4 5 6 7 8 9 10 11 12 13 
391647 1 2 3 4 5 6 7 8 9 10 11 12 13 
391697 1 2 3 4 5 6 7 8 9 10 11 12 13 
391747 1 2 3 4 5 6 7 8 9 10 11 12 13 
391797 1 2 3 4 5 6 7 8 9 10 11 12 13 
391847 1 2 3 4 5 6 7 8 9 10 11 12 13 
391898 1 2 3 4 5 6 7 8 9 10 11 12 13 
391948 1 2 3 4 5 6 7 8 9 10 11 12 13 
391998 1 2 3 4 5 6 7 8 9 10 11 12 13 
392048 1 2 3 4 5 6 7 8 9 10 11 12 13 
392098 1 2 3 4 5 6 7 8 9 10 11 12 13 
392148 1 2 3 4 5 6 7 8 9 10 11 12 13 
392198 1 2 3 4 5 6 7 8 9 10 11 12 13 
392248 1 2 3 4 5 6 7 8 9 10 11 12 13 
392298 1 2 3 4 5 6 7 8 9 10 11 12 13 
392348 1 2 3 4 5 6 7 8 9 10 11 12 13 
392398 1 2 3 4 5 6 7 8 9 10 11 12 13 
392448 1 2 3 4 5 6 7 8 9 10 11 12 13 
392499 1 2 3 4 5 6 7 8 9 10 11 12 13 
392549 1 2 3 4 5 6 7 8 9 10 11 12 13 
392599 1 2 3 4 5 6 7 8 9 10 11 12 13 
392649 1 2 3 4 5 6 7 8 9 10 11 12 13 
392699 1 2 3 4 5 6 7 8 9 10 11 12 13 
392749 1 2 3 4 5 6 7 8 9 10 11 12 13 
392799 1 2 3 4 5 6 7 8 9 10 11 12 13 
392849 1 2 3 4 5 6 7 8 9 10 11 12 13 
392899 1 2 3 4 5 6 7 8 9 10 11 12 13 
392949 1 2 3 4 5 6 7 8 9 10 11 12 13 
392999 1 2 3 4 5 6 7 8 9 10 11 12 13 
393050 1 2 3 4 5 6 7 8 9 10 11 12 13 
393100 1 2 3 4 5 6 7 8 9 10 11 12 13 
393150 1 2 3 4 5 6 7 8 9 10 11 12 13 
393200 1 2 3 4 5 6 7 8 9 10 11 12 13 
393250 1 2 3 4 5 6 7 8 9 10 11 12 13 
393300 1 2 3 4 5 6 7 8 9 10 11 12 13 
393350 1 2 3 4 5 6 7 8 9 10 11 12 13 
393400 1 2 3 4 5 6 7 8 9 10 11 12 13 
393450 1 2 3 4 5 6 7 8 9 10 11 12 13 
393500 1 2 3 4 5 6 7 8 9 10 11 12 13 
393550 1 2 3 4 5 6 7 8 9 10 11 12 13 
393601 1 2 3 4 5 6 7 8 9 10 11 12 13 
393651 1 2 3 4 5 6 7 8 9 10 11 12 13 
393705 1 2 3 4 5 6 7 8 9 10 11 12 13 
393755 1 2 3 4 5 6 7 8 9 10 11 12 13 
393805 1 2 3 4 5 6 7 8 9 10 11 12 13 
393855 1 2 3 4 5 6 7 8 9 10 11 12 13 
393905 1 2 3 4 5 6 7 8 9 10 11 12 13 
393955 1 2 3 4 5 6 7 8 9 10 11 12 13 
394005 1 2 3 4 5 6 7 8 9 10 11 12 13 
394056 1 2 3 4 5 6 7 8 9 10 11 12 13 
394106 1 2 3 4 5 6 7 8 9 10 11 12 13 
394156 1 2 3 4 5 6 7 8 9 10 11 12 13 
394206 1 2 3 4 5 6 7 8 9 10 11 12 13 
394256 1 2 3 4 5 6 7 8 9 10 11 12 13 
394306 512 4 1536 8 9 10 12 29710 6 768 1024 1280 1792 9 11 13 
