321227 0 0 0 0 0 0 0 0 0 0 -18116 3086 -32096 
321277 0 0 0 0 0 0 0 0 0 0 -18116 3086 -32096 
321327 0 0 0 0 0 0 0 0 0 0 -18116 3086 -32096 
321377 0 0 0 0 0 0 0 0 0 0 -18116 3086 -32096 
321427 0 0 0 0 0 0 0 0 0 0 -18116 3086 -32096 
321478 0 0 0 0 0 0 0 0 0 0 -18116 3086 -32096 
321528 0 0 0 0 0 0 0 0 0 0 -18116 3086 -32096 
321578 0 0 0 0 0 0 0 0 0 0 -18116 3086 -32096 
321628 0 0 0 0 0 0 0 0 0 0 -18116 3086 -32096 
321678 0 0 0 0 0 0 0 0 0 0 -18116 3086 -32096 
321728 0 0 0 0 0 0 0 0 0 0 -18116 3086 -32096 
321778 0 0 0 0 0 0 0 0 0 0 -18116 3086 -32096 
321828 0 0 0 0 0 0 0 0 0 0 -18116 3086 -32096 
321879 0 0 0 0 0 0 0 0 0 0 -18116 3086 -32096 
321929 0 0 0 0 0 0 0 0 0 0 -18116 3086 -32096 
321979 0 0 0 0 0 0 0 0 0 0 -18116 3086 -32096 
322029 0 0 0 0 0 0 0 0 0 0 -18116 3086 -32096 
322079 0 0 0 0 0 0 0 0 0 0 -18116 3086 -32096 
322129 0 0 0 0 0 0 0 0 0 0 -18116 3086 -32096 
322179 0 0 0 0 0 0 0 0 0 0 -18116 3086 -32096 
322229 0 0 0 0 0 0 0 0 0 0 -18116 3086 -32096 
322279 0 0 0 0 0 0 0 0 0 0 -18116 3086 -32096 
322330 0 0 0 0 0 0 0 0 0 0 -18116 3086 -32096 
322380 0 0 0 0 0 0 0 0 0 0 -18116 3086 -32096 
322430 0 0 0 0 0 0 0 0 0 0 -18116 3086 -32096 
322480 0 0 0 0 0 0 0 0 0 0 -18116 3086 -32096 
322530 0 0 0 0 0 0 0 0 0 0 -18116 3086 -32096 
322580 0 0 0 0 0 0 0 0 0 0 -18116 3086 -32096 
322630 0 0 0 0 0 0 0 0 0 0 -18116 3086 -32096 
322680 0 0 0 0 0 0 0 0 0 0 -18116 3086 -32096 
322730 0 0 0 0 0 0 0 0 0 0 -18116 3086 -32096 
322780 0 0 0 0 0 0 0 0 0 0 -18116 3086 -32096 
322830 0 0 0 0 0 0 0 0 0 0 -18116 3086 -32096 
322881 0 0 0 0 0 0 0 0 0 0 -18116 3086 -32096 
322931 0 0 0 0 0 0 0 0 0 0 -18116 3086 -32096 
322981 0 0 0 0 0 0 0 0 0 0 -18116 3086 -32096 
323031 0 0 0 0 0 0 0 0 0 0 -18116 3086 -32096 
323081 0 0 0 0 0 0 0 0 0 0 -18116 3086 -32096 
323131 0 0 0 0 0 0 0 0 0 0 -18116 3086 -32096 
323181 0 0 0 0 0 0 0 0 0 0 -18116 3086 -32096 
323231 0 0 0 0 0 0 0 0 0 0 -18116 3086 -32096 
323281 0 0 0 0 0 0 0 0 0 0 -18116 3086 -32096 
323331 0 0 0 0 0 0 0 0 0 0 -18116 3086 -32096 
323382 0 0 0 0 0 0 0 0 0 0 -18116 3086 -32096 
323432 0 0 0 0 0 0 0 0 0 0 -18116 3086 -32096 
323482 0 0 0 0 0 0 0 0 0 0 -18116 3086 -32096 
323532 0 0 0 0 0 0 0 0 0 0 -18116 3086 -32096 
323582 0 0 0 0 0 0 0 0 0 0 -18116 3086 -32096 
323632 0 0 0 0 0 0 0 0 0 0 -18116 3086 -32096 
323682 0 0 0 0 0 0 0 0 0 0 -18116 3086 -32096 
323732 0 0 0 0 0 0 0 0 0 0 -18116 3086 -32096 
323782 0 0 0 0 0 0 0 0 0 0 -18116 3086 -32096 
323832 0 0 0 0 0 0 0 0 0 0 -18116 3086 -32096 
323883 0 0 0 0 0 0 0 0 0 0 -18116 3086 -32096 
323933 0 0 0 0 0 0 0 0 0 0 -18116 3086 -32096 
323983 0 0 0 0 0 0 0 0 0 0 -18116 3086 -32096 
324033 0 0 0 0 0 0 0 0 0 0 -18116 3086 -32096 
324083 0 0 0 0 0 0 0 0 0 0 -18116 3086 -32096 
324133 0 0 0 0 0 0 0 0 0 0 -18116 3086 -32096 
324183 0 0 0 0 0 0 0 0 0 0 -18116 3086 -32096 
324233 0 0 0 0 0 0 0 0 0 0 -18116 3086 -32096 
324283 0 0 0 0 0 0 0 0 0 0 -18116 3086 -32096 
324333 0 0 0 0 0 0 0 0 0 0 -18116 3086 -32096 
324384 0 0 0 0 0 0 0 0 0 0 -18116 3086 -32096 
324434 0 0 0 0 0 0 0 0 0 0 -18116 3086 -32096 
324484 0 0 0 0 0 0 0 0 0 0 -18116 3086 -32096 
324534 0 0 0 0 0 0 0 0 0 0 -18116 3086 -32096 
324584 0 0 0 0 0 0 0 0 0 0 -18116 3086 -32096 
324634 0 0 0 0 0 0 0 0 0 0 -18116 3086 -32096 
324684 0 0 0 0 0 0 0 0 0 0 -18116 3086 -32096 
324734 0 0 0 0 0 0 0 0 0 0 -18116 3086 -32096 
324784 0 0 0 0 0 0 0 0 0 0 -18116 3086 -32096 
324834 0 0 0 0 0 0 0 0 0 0 -18116 3086 -32096 
324885 0 0 0 0 0 0 0 0 0 0 -18116 3086 -32096 
324935 0 0 0 0 0 0 0 0 0 0 -18116 3086 -32096 
324985 0 0 0 0 0 0 0 0 0 0 -18116 3086 -32096 
325035 0 0 0 0 0 0 0 0 0 0 -18116 3086 -32096 
325085 0 0 0 0 0 0 0 0 0 0 -18116 3086 -32096 
325135 0 0 0 0 0 0 0 0 0 0 -18116 3086 -32096 
325185 0 0 0 0 0 0 0 0 0 0 -18116 3086 -32096 
325235 0 0 0 0 0 0 0 0 0 0 -18116 3086 -32096 
325285 0 0 0 0 0 0 0 0 0 0 -18116 3086 -32096 
325335 0 0 0 0 0 0 0 0 0 0 -18116 3086 -32096 
325386 0 0 0 0 0 0 0 0 0 0 -18116 3086 -32096 
325436 0 0 0 0 0 0 0 0 0 0 -18116 3086 -32096 
325486 0 0 0 0 0 0 0 0 0 0 -18116 3086 -32096 
325536 0 0 0 0 0 0 0 0 0 0 -18116 3086 -32096 
325586 0 0 0 0 0 0 0 0 0 0 -18116 3086 -32096 
325636 0 0 0 0 0 0 0 0 0 0 -18116 3086 -32096 
325686 0 0 0 0 0 0 0 0 0 0 -18116 3086 -32096 
325736 0 0 0 0 0 0 0 0 0 0 -18116 3086 -32096 
325786 0 0 0 0 0 0 0 0 0 0 -18116 3086 -32096 
325837 0 0 0 0 0 0 0 0 0 0 -18116 3086 -32096 
325887 0 0 0 0 0 0 0 0 0 0 -18116 3086 -32096 
325937 0 0 0 0 0 0 0 0 0 0 -18116 3086 -32096 
325987 0 0 0 0 0 0 0 0 0 0 -18116 3086 -32096 
326037 0 0 0 0 0 0 0 0 0 0 -18116 3086 -32096 
326087 0 0 0 0 0 0 0 0 0 0 -18116 3086 -32096 
326138 0 0 0 0 0 0 0 0 0 0 -18116 3086 -32096 
326188 0 0 0 0 0 0 0 0 0 0 -18116 3086 -32096 
326238 0 0 0 0 0 0 0 0 0 0 -18116 3086 -32096 
326288 0 0 0 0 0 0 0 0 0 0 -18116 3086 -32096 
326338 0 0 0 0 0 0 0 0 0 0 -18116 3086 -32096 
326388 0 0 0 0 0 0 0 0 0 0 -18116 3086 -32096 
326438 0 0 0 0 0 0 0 0 0 0 -18116 3086 -32096 
326488 0 0 0 0 0 0 0 0 0 0 -18116 3086 -32096 
326538 0 0 0 0 0 0 0 0 0 0 -18116 3086 -32096 
326588 0 0 0 0 0 0 0 0 0 0 -18116 3086 -32096 
