671881 0 0 0 0 0 0 0 0 0 0 0 0 8192 
671931 0 0 0 0 0 0 0 0 0 0 0 0 8192 
671982 0 0 0 0 0 0 0 0 0 0 0 0 8192 
672032 0 0 0 0 0 0 0 0 0 0 0 0 8192 
672082 0 0 0 0 0 0 0 0 0 0 0 0 8192 
672132 0 0 0 0 0 0 0 0 0 0 0 0 8192 
672182 0 0 0 0 0 0 0 0 0 0 0 0 8192 
672232 0 0 0 0 0 0 0 0 0 0 0 0 8192 
672282 0 0 0 0 0 0 0 0 0 0 0 0 8192 
672332 0 0 0 0 0 0 0 0 0 0 0 0 8192 
672383 0 0 0 0 0 0 0 0 0 0 0 0 8192 
672433 0 0 0 0 0 0 0 0 0 0 0 0 8192 
672483 0 0 0 0 0 0 0 0 0 0 0 0 8192 
672533 0 0 0 0 0 0 0 0 0 0 0 0 8192 
672583 0 0 0 0 0 0 0 0 0 0 0 0 8192 
672633 0 0 0 0 0 0 0 0 0 0 0 0 8192 
672683 0 0 0 0 0 0 0 0 0 0 0 0 8192 
672733 0 0 0 0 0 0 0 0 0 0 0 0 8192 
672783 0 0 0 0 0 0 0 0 0 0 0 0 8192 
672833 0 0 0 0 0 0 0 0 0 0 0 0 8192 
672884 0 0 0 0 0 0 0 0 0 0 0 0 8192 
672934 0 0 0 0 0 0 0 0 0 0 0 0 8192 
