0 0 0 0 0 0 0 0 0 0 0 -23350 -32496 -24408 
0 0 0 0 0 0 0 0 0 0 0 -23350 -32496 -24408 
0 0 0 0 0 0 0 0 0 0 0 -23350 -32496 -24408 
0 0 0 0 0 0 0 0 0 0 0 -23350 -32496 -24408 
0 0 0 0 0 0 0 0 0 0 0 -23350 -32496 -24408 
0 0 0 0 0 0 0 0 0 0 0 -23350 -32496 -24408 
0 0 0 0 0 0 0 0 0 0 0 -23350 -32496 -24408 
0 0 0 0 0 0 0 0 0 0 0 -23350 -32496 -24408 
0 0 0 0 0 0 0 0 0 0 0 -23350 -32496 -24408 
0 0 0 0 0 0 0 0 0 0 0 -23350 -32496 -24408 
0 0 0 0 0 0 0 0 0 0 0 -23350 -32496 -24408 
0 0 0 0 0 0 0 0 0 0 0 -23350 -32496 -24408 
0 0 0 0 0 0 0 0 0 0 0 -23350 -32496 -24408 
0 0 0 0 0 0 0 0 0 0 0 -23350 -32496 -24408 
0 0 0 0 0 0 0 0 0 0 0 -23350 -32496 -24408 
0 0 0 0 0 0 0 0 0 0 0 -23350 -32496 -24408 
0 0 0 0 0 0 0 0 0 0 0 -23350 -32496 -24408 
0 0 0 0 0 0 0 0 0 0 0 -23350 -32496 -24408 
0 0 0 0 0 0 0 0 0 0 0 -23350 -32496 -24408 
0 0 0 0 0 0 0 0 0 0 0 -23350 -32496 -24408 
0 0 0 0 0 0 0 0 0 0 0 -23350 -32496 -24408 
0 0 0 0 0 0 0 0 0 0 0 -23350 -32496 -24408 
