-2080374784 2866 0 0 0 0 0 0 0 0 0 0 0 0 0 -256 -18930 2866 0 0 0 0 0 0 0 0 0 0 0 0 0 -256 -6130 2866 0 0 0 0 0 0 0 0 0 0 0 0 0 -256 6670 2867 0 
0 0 0 0 0 0 0 0 0 0 0 -256 19470 2867 0 0 0 0 0 0 0 0 0 0 0 0 0 -256 32270 2867 0 0 0 0 0 0 0 0 0 0 0 0 0 -256 -20466 2867 0 0 0 0 0 
0 0 0 0 0 0 0 -256 -7666 2867 0 0 0 0 0 0 0 0 0 0 0 0 0 -256 5390 2868 0 0 0 0 0 0 0 0 0 0 0 0 0 -256 18190 2868 0 0 0 0 0 0 0 0 0 
0 0 0 -256 30990 2868 0 0 0 0 0 0 0 0 0 0 0 0 0 -256 -21746 2868 0 0 0 0 0 0 0 0 0 0 0 0 0 -256 -8946 2868 0 0 0 0 0 0 0 0 0 0 0 0 0 
252641024 2869 0 0 0 0 0 0 0 0 0 0 0 0 0 -256 16654 2869 0 0 0 0 0 0 0 0 0 0 0 0 0 -256 29454 2869 0 0 0 0 0 0 0 0 0 0 0 0 0 -256 -23026 2869 0 
0 0 0 0 0 0 0 0 0 0 0 -256 -10226 2869 0 0 0 0 0 0 0 0 0 0 0 0 0 -256 2574 2870 0 0 0 0 0 0 0 0 0 0 0 0 0 -256 15374 2870 0 0 0 0 0 
0 0 0 0 0 0 0 -256 28174 2870 0 0 0 0 0 0 0 0 0 0 0 0 0 -256 -24562 2870 0 0 0 0 0 0 0 0 0 0 0 0 0 -256 -11762 2870 0 0 0 0 0 0 0 0 0 
0 0 0 -256 1038 2871 0 0 0 0 0 0 0 0 0 0 0 0 0 -256 13838 2871 0 0 0 0 0 0 0 0 0 0 0 0 0 -256 26638 2871 0 0 0 0 0 0 0 0 0 0 0 0 0 
-1693516032 2871 0 0 0 0 0 0 0 0 0 0 0 0 0 -256 -13042 2871 0 0 0 0 0 0 0 0 0 0 0 0 0 -256 -242 2871 0 0 0 0 0 0 0 0 0 0 0 0 0 -256 12558 2872 0 
0 0 0 0 0 0 0 0 0 0 0 -256 26126 2872 0 0 0 0 0 0 0 0 0 0 0 0 0 -256 -26610 2872 0 0 0 0 0 0 0 0 0 0 0 0 0 -256 -13810 2872 0 0 0 0 0 
0 0 0 0 0 0 0 -256 -1010 2872 0 0 0 0 0 0 0 0 0 0 0 0 0 -256 11790 2873 0 0 0 0 0 0 0 0 0 0 0 0 0 -256 24590 2873 0 0 0 0 0 0 0 0 0 
0 0 0 -256 -28146 2873 0 0 0 0 0 0 0 0 0 0 0 0 0 -256 -15346 2873 0 0 0 0 0 0 0 0 0 0 0 0 0 -256 -2290 2873 0 0 0 0 0 0 0 0 0 0 0 0 0 
688848640 2874 0 0 0 0 0 0 0 0 0 0 0 0 0 -256 23310 2874 0 0 0 0 0 0 0 0 0 0 0 0 0 -256 -29170 2874 0 0 0 0 0 0 0 0 0 0 0 0 0 -256 -16370 2874 0 
0 0 0 0 0 0 0 0 0 0 0 -256 -3570 2874 0 0 0 0 0 0 0 0 0 0 0 0 0 -256 9230 2875 0 0 0 0 0 0 0 0 0 0 0 0 0 -256 22030 2875 0 0 0 0 0 
0 0 0 0 0 0 0 -256 -30706 2875 0 0 0 0 0 0 0 0 0 0 0 0 0 -256 -17906 2875 0 0 0 0 0 0 0 0 0 0 0 0 0 -256 -5106 2875 0 0 0 0 0 0 0 0 0 
0 0 0 -256 7694 2876 0 0 0 0 0 0 0 0 0 0 0 0 0 -256 20494 2876 0 0 0 0 0 0 0 0 0 0 0 0 0 -256 -32242 2876 0 0 0 0 0 0 0 0 0 0 0 0 0 
-1257308416 2876 0 0 0 0 0 0 0 0 0 0 0 0 0 -256 -6386 2876 0 0 0 0 0 0 0 0 0 0 0 0 0 -256 6414 2877 0 0 0 0 0 0 0 0 0 0 0 0 0 -256 19214 2877 0 
0 0 0 0 0 0 0 0 0 0 0 -256 32014 2877 0 0 0 0 0 0 0 0 0 0 0 0 0 -256 -20722 2877 0 0 0 0 0 0 0 0 0 0 0 0 0 -256 -7922 2877 0 0 0 0 0 
0 0 0 0 0 0 0 -256 4878 2878 0 0 0 0 0 0 0 0 0 0 0 0 0 -256 17678 2878 0 0 0 0 0 0 0 0 0 0 0 0 0 -256 30478 2878 0 0 0 0 0 0 0 0 0 
0 0 0 -256 -22258 2878 0 0 0 0 0 0 0 0 0 0 0 0 0 -256 -9202 2878 0 0 0 0 0 0 0 0 0 0 0 0 0 -256 3598 2879 0 0 0 0 0 0 0 0 0 0 0 0 0 
1074724608 2879 0 0 0 0 0 0 0 0 0 0 0 0 0 -256 29198 2879 0 0 0 0 0 0 0 0 0 0 0 0 0 -256 -23538 2879 0 0 0 0 0 0 0 0 0 0 0 0 0 -256 -10738 2879 0 
0 0 0 0 0 0 0 0 0 0 0 -256 2062 2880 0 0 0 0 0 0 0 0 0 0 0 0 0 -256 14862 2880 0 0 0 0 0 0 0 0 0 0 0 0 0 -256 27662 2880 0 0 0 0 0 
0 0 0 0 0 0 0 -256 -24818 2880 0 0 0 0 0 0 0 0 0 0 0 0 0 -256 -12018 2880 0 0 0 0 0 0 0 0 0 0 0 0 0 -256 782 2881 0 0 0 0 0 0 0 0 0 
0 0 0 -256 13582 2881 0 0 0 0 0 0 0 0 0 0 0 0 0 -256 26382 2881 0 0 0 0 0 0 0 0 0 0 0 0 0 -256 -26354 2881 0 0 0 0 0 0 0 0 0 0 0 0 0 
-888209664 2881 0 0 0 0 0 0 0 0 0 0 0 0 0 -256 -754 2881 0 0 0 0 0 0 0 0 0 0 0 0 0 -256 12046 2882 0 0 0 0 0 0 0 0 0 0 0 0 0 -256 25102 2882 0 
0 0 0 0 0 0 0 0 0 0 0 -256 -27634 2882 0 0 0 0 0 0 0 0 0 0 0 0 0 -256 -14834 2882 0 0 0 0 0 0 0 0 0 0 0 0 0 -256 -2034 2882 0 0 0 0 0 
0 0 0 0 0 0 0 -256 10766 2883 0 0 0 0 0 0 0 0 0 0 0 0 0 -256 23566 2883 0 0 0 0 0 0 0 0 0 0 0 0 0 -256 -29170 2883 0 0 0 0 0 0 0 0 0 
0 0 0 -256 -16370 2883 0 0 0 0 0 0 0 0 0 0 0 0 0 -256 -3570 2883 0 0 0 0 0 0 0 0 0 0 0 0 0 -256 9230 2884 0 0 0 0 0 0 0 0 0 0 0 0 0 
1460600576 2884 0 0 0 0 0 0 0 0 0 0 0 0 0 -256 -30450 2884 0 0 0 0 0 0 0 0 0 0 0 0 0 -256 -17650 2884 0 0 0 0 0 0 0 0 0 0 0 0 0 -256 -4850 2884 0 
0 0 0 0 0 0 0 0 0 0 0 -256 7950 2885 0 0 0 0 0 0 0 0 0 0 0 0 0 -256 20750 2885 0 0 0 0 0 0 0 0 0 0 0 0 0 -256 -31986 2885 0 0 0 0 0 
0 0 0 0 0 0 0 -256 -19186 2885 0 0 0 0 0 0 0 0 0 0 0 0 0 -256 -6386 2885 0 0 0 0 0 0 0 0 0 0 0 0 0 -256 6414 2886 0 0 0 0 0 0 0 0 0 
0 0 0 -256 19214 2886 0 0 0 0 0 0 0 0 0 0 0 0 0 -256 32270 2886 0 0 0 0 0 0 0 0 0 0 0 0 0 -256 -20466 2886 0 0 0 0 0 0 0 0 0 0 0 0 0 
-502333696 2886 0 0 0 0 0 0 0 0 0 0 0 0 0 -256 5134 2887 0 0 0 0 0 0 0 0 0 0 0 0 0 -256 17934 2887 0 0 0 0 0 0 0 0 0 0 0 0 0 -256 30734 2887 0 
0 0 0 0 0 0 0 0 0 0 0 -256 4366 5439 0 0 0 0 0 0 0 0 0 0 0 0 0 0 0 0 0 0 0 0 0 0 0 0 0 0 0 0 0 0 0 0 0 0 0 0 0 
