2945520 1 2 3 4 5 6 7 8 9 10 11 12 13 
2945570 1 2 3 4 5 6 7 8 9 10 11 12 13 
2945620 1 2 3 4 5 6 7 8 9 10 11 12 13 
2945670 1 2 3 4 5 6 7 8 9 10 11 12 13 
2945720 1 2 3 4 5 6 7 8 9 10 11 12 13 
2945770 1 2 3 4 5 6 7 8 9 10 11 12 13 
2945821 1 2 3 4 5 6 7 8 9 10 11 12 13 
2945871 1 2 3 4 5 6 7 8 9 10 11 12 13 
2945921 1 2 3 4 5 6 7 8 9 10 11 12 13 
2945971 1 2 3 4 5 6 7 8 9 10 11 12 13 
2946021 1 2 3 4 5 6 7 8 9 10 11 12 13 
2946071 1 2 3 4 5 6 7 8 9 10 11 12 13 
2946121 1 2 3 4 5 6 7 8 9 10 11 12 13 
2946171 1 2 3 4 5 6 7 8 9 10 11 12 13 
2946222 1 2 3 4 5 6 7 8 9 10 11 12 13 
2946272 1 2 3 4 5 6 7 8 9 10 11 12 13 
2946322 1 2 3 4 5 6 7 8 9 10 11 12 13 
2946372 1 2 3 4 5 6 7 8 9 10 11 12 13 
2946423 1 2 3 4 5 6 7 8 9 10 11 12 13 
2946473 1 2 3 4 5 6 7 8 9 10 11 12 13 
2946523 1 2 3 4 5 6 7 8 9 10 11 12 13 
2946573 1 2 3 4 5 6 7 8 9 10 11 12 13 
2946624 1 2 3 4 5 6 7 8 9 10 11 12 13 
2946675 1 2 3 4 5 6 7 8 9 10 11 12 13 
2946725 1 2 3 4 5 6 7 8 9 10 11 12 13 
2946775 1 2 3 4 5 6 7 8 9 10 11 12 13 
2946825 1 2 3 4 5 6 7 8 9 10 11 12 13 
2946875 1 2 3 4 5 6 7 8 9 10 11 12 13 
2946925 1 2 3 4 5 6 7 8 9 10 11 12 13 
2946975 1 2 3 4 5 6 7 8 9 10 11 12 13 
2947025 1 2 3 4 5 6 7 8 9 10 11 12 13 
2947075 1 2 3 4 5 6 7 8 9 10 11 12 13 
2947125 1 2 3 4 5 6 7 8 9 10 11 12 13 
2947175 1 2 3 4 5 6 7 8 9 10 11 12 13 
2947225 1 2 3 4 5 6 7 8 9 10 11 12 13 
2947276 1 2 3 4 5 6 7 8 9 10 11 12 13 
2947326 1 2 3 4 5 6 7 8 9 10 11 12 13 
2947376 1 2 3 4 5 6 7 8 9 10 11 12 13 
2947426 1 2 3 4 5 6 7 8 9 10 11 12 13 
2947476 1 2 3 4 5 6 7 8 9 10 11 12 13 
2947526 1 2 3 4 5 6 7 8 9 10 11 12 13 
2947576 1 2 3 4 5 6 7 8 9 10 11 12 13 
2947627 1 2 3 4 5 6 7 8 9 10 11 12 13 
2947677 1 2 3 4 5 6 7 8 9 10 11 12 13 
2947727 1 2 3 4 5 6 7 8 9 10 11 12 13 
2947777 1 2 3 4 5 6 7 8 9 10 11 12 13 
2947827 1 2 3 4 5 6 7 8 9 10 11 12 13 
2947877 1 2 3 4 5 6 7 8 9 10 11 12 13 
2947927 1 2 3 4 5 6 7 8 9 10 11 12 13 
2947977 1 2 3 4 5 6 7 8 9 10 11 12 13 
2948027 1 2 3 4 5 6 7 8 9 10 11 12 13 
2948077 1 2 3 4 5 6 7 8 9 10 11 12 13 
2948127 1 2 3 4 5 6 7 8 9 10 11 12 13 
2948178 1 2 3 4 5 6 7 8 9 10 11 12 13 
2948228 1 2 3 4 5 6 7 8 9 10 11 12 13 
2948278 1 2 3 4 5 6 7 8 9 10 11 12 13 
2948328 1 2 3 4 5 6 7 8 9 10 11 12 13 
2948378 1 2 3 4 5 6 7 8 9 10 11 12 13 
2948428 1 2 3 4 5 6 7 8 9 10 11 12 13 
2948478 1 2 3 4 5 6 7 8 9 10 11 12 13 
2948528 1 2 3 4 5 6 7 8 9 10 11 12 13 
2948578 1 2 3 4 5 6 7 8 9 10 11 12 13 
2948628 1 2 3 4 5 6 7 8 9 10 11 12 13 
2948678 1 2 3 4 5 6 7 8 9 10 11 12 13 
2948729 1 2 3 4 5 6 7 8 9 10 11 12 13 
2948779 1 2 3 4 5 6 7 8 9 10 11 12 13 
2948829 1 2 3 4 5 6 7 8 9 10 11 12 13 
2948879 1 2 3 4 5 6 7 8 9 10 11 12 13 
2948929 1 2 3 4 5 6 7 8 9 10 11 12 13 
2948979 1 2 3 4 5 6 7 8 9 10 11 12 13 
2949029 1 2 3 4 5 6 7 8 9 10 11 12 13 
2949079 1 2 3 4 5 6 7 8 9 10 11 12 13 
2949130 1 2 3 4 5 6 7 8 9 10 11 12 13 
2949180 1 2 3 4 5 6 7 8 9 10 11 12 13 
2949230 1 2 3 4 5 6 7 8 9 10 11 12 13 
2949280 1 2 3 4 5 6 7 8 9 10 11 12 13 
2949330 1 2 3 4 5 6 7 8 9 10 11 12 13 
2949380 1 2 3 4 5 6 7 8 9 10 11 12 13 
2949431 1 2 3 4 5 6 7 8 9 10 11 12 13 
2949481 1 2 3 4 5 6 7 8 9 10 11 12 13 
2949531 1 2 3 4 5 6 7 8 9 10 11 12 13 
2949581 1 2 3 4 5 6 7 8 9 10 11 12 13 
2949632 1 2 3 4 5 6 7 8 9 10 11 12 13 
2949682 1 2 3 4 5 6 7 8 9 10 11 12 13 
2949732 1 2 3 4 5 6 7 8 9 10 11 12 13 
2949782 1 2 3 4 5 6 7 8 9 10 11 12 13 
2949832 1 2 3 4 5 6 7 8 9 10 11 12 13 
2949882 1 2 3 4 5 6 7 8 9 10 11 12 13 
2949932 1 2 3 4 5 6 7 8 9 10 11 12 13 
2949982 1 2 3 4 5 6 7 8 9 10 11 12 13 
2950033 1 2 3 4 5 6 7 8 9 10 11 12 13 
2950083 1 2 3 4 5 6 7 8 9 10 11 12 13 
2950133 1 2 3 4 5 6 7 8 9 10 11 12 13 
2950183 1 2 3 4 5 6 7 8 9 10 11 12 13 
2950233 1 2 3 4 5 6 7 8 9 10 11 12 13 
2950283 1 2 3 4 5 6 7 8 9 10 11 12 13 
2950333 1 2 3 4 5 6 7 8 9 10 11 12 13 
2950383 1 2 3 4 5 6 7 8 9 10 11 12 13 
2950433 1 2 3 4 5 6 7 8 9 10 11 12 13 
2950483 1 2 3 4 5 6 7 8 9 10 11 12 13 
2950533 1 2 3 4 5 6 7 8 9 10 11 12 13 
2950584 1 2 3 4 5 6 7 8 9 10 11 12 13 
2950634 1 2 3 4 5 6 7 8 9 10 11 12 13 
2950684 1 2 3 4 5 6 7 8 9 10 11 12 13 
2950734 1 2 3 4 5 6 7 8 9 10 11 12 13 
2950784 1 2 3 4 5 6 7 8 9 10 11 12 13 
2950834 1 2 3 4 5 6 7 8 9 10 11 12 13 
2950884 1 2 3 4 5 6 7 8 9 10 11 12 13 
2950934 1 2 3 4 5 6 7 8 9 10 11 12 13 
2950984 1 2 3 4 5 6 7 8 9 10 11 12 13 
2951034 1 2 3 4 5 6 7 8 9 10 11 12 13 
2951084 1 2 3 4 5 6 7 8 9 10 11 12 13 
2951135 1 2 3 4 5 6 7 8 9 10 11 12 13 
2951185 1 2 3 4 5 6 7 8 9 10 11 12 13 
2951235 1 2 3 4 5 6 7 8 9 10 11 12 13 
2951285 1 2 3 4 5 6 7 8 9 10 11 12 13 
2951335 1 2 3 4 5 6 7 8 9 10 11 12 13 
2951385 1 2 3 4 5 6 7 8 9 10 11 12 13 
2951435 1 2 3 4 5 6 7 8 9 10 11 12 13 
2951485 1 2 3 4 5 6 7 8 9 10 11 12 13 
2951535 1 2 3 4 5 6 7 8 9 10 11 12 13 
2951585 1 2 3 4 5 6 7 8 9 10 11 12 13 
2951635 1 2 3 4 5 6 7 8 9 10 11 12 13 
2951686 1 2 3 4 5 6 7 8 9 10 11 12 13 
2951736 1 2 3 4 5 6 7 8 9 10 11 12 13 
2951786 1 2 3 4 5 6 7 8 9 10 11 12 13 
2951836 1 2 3 4 5 6 7 8 9 10 11 12 13 
2951886 1 2 3 4 5 6 7 8 9 10 11 12 13 
2951936 1 2 3 4 5 6 7 8 9 10 11 12 13 
2951986 1 2 3 4 5 6 7 8 9 10 11 12 13 
2952036 1 2 3 4 5 6 7 8 9 10 11 12 13 
2952086 1 2 3 4 5 6 7 8 9 10 11 12 13 
2952136 1 2 3 4 5 6 7 8 9 10 11 12 13 
2952186 1 2 3 4 5 6 7 8 9 10 11 12 13 
2952237 1 2 3 4 5 6 7 8 9 10 11 12 13 
2952287 1 2 3 4 5 6 7 8 9 10 11 12 13 
2952337 1 2 3 4 5 6 7 8 9 10 11 12 13 
2952387 1 2 3 4 5 6 7 8 9 10 11 12 13 
2952437 1 2 3 4 5 6 7 8 9 10 11 12 13 
2952487 1 2 3 4 5 6 7 8 9 10 11 12 13 
2952537 1 2 3 4 5 6 7 8 9 10 11 12 13 
2952587 1 2 3 4 5 6 7 8 9 10 11 12 13 
2952637 1 2 3 4 5 6 7 8 9 10 11 12 13 
2952687 1 2 3 4 5 6 7 8 9 10 11 12 13 
2952737 1 2 3 4 5 6 7 8 9 10 11 12 13 
2952788 1 2 3 4 5 6 7 8 9 10 11 12 13 
2952838 1 2 3 4 5 6 7 8 9 10 11 12 13 
2952888 1 2 3 4 5 6 7 8 9 10 11 12 13 
2952938 1 2 3 4 5 6 7 8 9 10 11 12 13 
2952988 1 2 3 4 5 6 7 8 9 10 11 12 13 
2953038 1 2 3 4 5 6 7 8 9 10 11 12 13 
2953088 1 2 3 4 5 6 7 8 9 10 11 12 13 
2953138 1 2 3 4 5 6 7 8 9 10 11 12 13 
2953188 1 2 3 4 5 6 7 8 9 10 11 12 13 
2953238 1 2 3 4 5 6 7 8 9 10 11 12 13 
2953289 1 2 3 4 5 6 7 8 9 10 11 12 13 
2953339 1 2 3 4 5 6 7 8 9 10 11 12 13 
2953389 1 2 3 4 5 6 7 8 9 10 11 12 13 
2953439 1 2 3 4 5 6 7 8 9 10 11 12 13 
2953489 1 2 3 4 5 6 7 8 9 10 11 12 13 
2953539 1 2 3 4 5 6 7 8 9 10 11 12 13 
2953589 1 2 3 4 5 6 7 8 9 10 11 12 13 
2953639 1 2 3 4 5 6 7 8 9 10 11 12 13 
2953689 1 2 3 4 5 6 7 8 9 10 11 12 13 
2953739 1 2 3 4 5 6 7 8 9 10 11 12 13 
2953789 1 2 3 4 5 6 7 8 9 10 11 12 13 
2953840 1 2 3 4 5 6 7 8 9 10 11 12 13 
2953890 1 2 3 4 5 6 7 8 9 10 11 12 13 
2953940 1 2 3 4 5 6 7 8 9 10 11 12 13 
2953990 1 2 3 4 5 6 7 8 9 10 11 12 13 
2954040 1 2 3 4 5 6 7 8 9 10 11 12 13 
2954090 1 2 3 4 5 6 7 8 9 10 11 12 13 
2954140 1 2 3 4 5 6 7 8 9 10 11 12 13 
2954190 1 2 3 4 5 6 7 8 9 10 11 12 13 
2954240 1 2 3 4 5 6 7 8 9 10 11 12 13 
2954290 1 2 3 4 5 6 7 8 9 10 11 12 13 
2954341 1 2 3 4 5 6 7 8 9 10 11 12 13 
2954391 1 2 3 4 5 6 7 8 9 10 11 12 13 
2954441 1 2 3 4 5 6 7 8 9 10 11 12 13 
2954491 1 2 3 4 5 6 7 8 9 10 11 12 13 
2954541 1 2 3 4 5 6 7 8 9 10 11 12 13 
2954591 1 2 3 4 5 6 7 8 9 10 11 12 13 
2954641 1 2 3 4 5 6 7 8 9 10 11 12 13 
2954691 1 2 3 4 5 6 7 8 9 10 11 12 13 
2954741 1 2 3 4 5 6 7 8 9 10 11 12 13 
2954791 1 2 3 4 5 6 7 8 9 10 11 12 13 
2954841 1 2 3 4 5 6 7 8 9 10 11 12 13 
2954892 1 2 3 4 5 6 7 8 9 10 11 12 13 
2954942 1 2 3 4 5 6 7 8 9 10 11 12 13 
2954992 1 2 3 4 5 6 7 8 9 10 11 12 13 
2955042 1 2 3 4 5 6 7 8 9 10 11 12 13 
2955092 1 2 3 4 5 6 7 8 9 10 11 12 13 
2955142 1 2 3 4 5 6 7 8 9 10 11 12 13 
2955192 1 2 3 4 5 6 7 8 9 10 11 12 13 
2955242 1 2 3 4 5 6 7 8 9 10 11 12 13 
2955292 1 2 3 4 5 6 7 8 9 10 11 12 13 
2955342 1 2 3 4 5 6 7 8 9 10 11 12 13 
2955393 1 2 3 4 5 6 7 8 9 10 11 12 13 
2955443 1 2 3 4 5 6 7 8 9 10 11 12 13 
2955493 1 2 3 4 5 6 7 8 9 10 11 12 13 
2955543 1 2 3 4 5 6 7 8 9 10 11 12 13 
2955593 1 2 3 4 5 6 7 8 9 10 0 0 0 0 0 0 0 0 0 0 0 12 0 0 0 0 0 0 0 0 0 0 0 0 0 0 0 0 0 0 0 0 31502 0 0 0 0 0 0 0 
