321390 0 0 0 0 0 0 0 0 0 0 0 0 8192 
321440 0 0 0 0 0 0 0 0 0 0 0 0 8192 
321490 0 0 0 0 0 0 0 0 0 0 0 0 8192 
321540 0 0 0 0 0 0 0 0 0 0 0 0 8192 
321590 0 0 0 0 0 0 0 0 0 0 0 0 8192 
321640 0 0 0 0 0 0 0 0 0 0 0 0 8192 
321691 0 0 0 0 0 0 0 0 0 0 0 0 8192 
321741 0 0 0 0 0 0 0 0 0 0 0 0 8192 
321791 0 0 0 0 0 0 0 0 0 0 0 0 8192 
321841 0 0 0 0 0 0 0 0 0 0 0 0 8192 
321891 0 0 0 0 0 0 0 0 0 0 0 0 8192 
321941 0 0 0 0 0 0 0 0 0 0 0 0 8192 
321991 0 0 0 0 0 0 0 0 0 0 0 0 8192 
322041 0 0 0 0 0 0 0 0 0 0 0 0 8192 
322091 0 0 0 0 0 0 0 0 0 0 0 0 8192 
322142 0 0 0 0 0 0 0 0 0 0 0 0 8192 
322192 0 0 0 0 0 0 0 0 0 0 0 0 8192 
322242 0 0 0 0 0 0 0 0 0 0 0 0 8192 
322292 0 0 0 0 0 0 0 0 0 0 0 0 8192 
322342 0 0 0 0 0 0 0 0 0 0 0 0 8192 
322392 0 0 0 0 0 0 0 0 0 0 0 0 8192 
322442 0 0 0 0 0 0 0 0 0 0 0 0 8192 
