842881 0 0 0 0 0 0 0 0 0 0 -32567 -31358 2678 
842932 0 0 0 0 0 0 0 0 0 0 -32567 -31358 2678 
842982 0 0 0 0 0 0 0 0 0 0 -32567 -31358 2678 
843032 0 0 0 0 0 0 0 0 0 0 -32567 -31358 2678 
843082 0 0 0 0 0 0 0 0 0 0 -32567 -31358 2678 
843132 0 0 0 0 0 0 0 0 0 0 -32567 -31358 2678 
843182 0 0 0 0 0 0 0 0 0 0 -32567 -31358 2678 
843232 0 0 0 0 0 0 0 0 0 0 -32567 -31358 2678 
843282 0 0 0 0 0 0 0 0 0 0 -32567 -31358 2678 
843332 0 0 0 0 0 0 0 0 0 0 -32567 -31358 2678 
843382 0 0 0 0 0 0 0 0 0 0 -32567 -31358 2678 
843438 0 0 0 0 0 0 0 0 0 0 -32567 -31358 2678 
843488 0 0 0 0 0 0 0 0 0 0 -32567 -31358 2678 
843538 0 0 0 0 0 0 0 0 0 0 -32567 -31358 2678 
843588 0 0 0 0 0 0 0 0 0 0 -32567 -31358 2678 
843639 0 0 0 0 0 0 0 0 0 0 -32567 -31358 2678 
843689 0 0 0 0 0 0 0 0 0 0 -32567 -31358 2678 
843739 0 0 0 0 0 0 0 0 0 0 -32567 -31358 2678 
843789 0 0 0 0 0 0 0 0 0 0 -32567 -31358 2678 
843839 0 0 0 0 0 0 0 0 0 0 -32567 -31358 2678 
843889 0 0 0 0 0 0 0 0 0 0 -32567 -31358 2678 
843939 0 0 0 0 0 0 0 0 0 0 -32567 -31358 2678 
843989 0 0 0 0 0 0 0 0 0 0 -32567 -31358 2678 
844039 0 0 0 0 0 0 0 0 0 0 -32567 -31358 2678 
844089 0 0 0 0 0 0 0 0 0 0 -32567 -31358 2678 
844140 0 0 0 0 0 0 0 0 0 0 -32567 -31358 2678 
844190 0 0 0 0 0 0 0 0 0 0 -32567 -31358 2678 
844240 0 0 0 0 0 0 0 0 0 0 -32567 -31358 2678 
844290 0 0 0 0 0 0 0 0 0 0 -32567 -31358 2678 
844342 0 0 0 0 0 0 0 0 0 0 -32567 -31358 2678 
844392 0 0 0 0 0 0 0 0 0 0 -32567 -31358 2678 
844442 0 0 0 0 0 0 0 0 0 0 -32567 -31358 2678 
844493 0 0 0 0 0 0 0 0 0 0 -32567 -31358 2678 
844543 0 0 0 0 0 0 0 0 0 0 -32567 -31358 2678 
844593 0 0 0 0 0 0 0 0 0 0 -32567 -31358 2678 
844643 0 0 0 0 0 0 0 0 0 0 -32567 -31358 2678 
844693 0 0 0 0 0 0 0 0 0 0 -32567 -31358 2678 
844743 0 0 0 0 0 0 0 0 0 0 -32567 -31358 2678 
844793 0 0 0 0 0 0 0 0 0 0 -32567 -31358 2678 
844843 0 0 0 0 0 0 0 0 0 0 -32567 -31358 2678 
844893 0 0 0 0 0 0 0 0 0 0 -32567 -31358 2678 
844943 0 0 0 0 0 0 0 0 0 0 -32567 -31358 2678 
844993 0 0 0 0 0 0 0 0 0 0 -32567 -31358 2678 
845044 0 0 0 0 0 0 0 0 0 0 -32567 -31358 2678 
845094 0 0 0 0 0 0 0 0 0 0 -32567 -31358 2678 
845144 0 0 0 0 0 0 0 0 0 0 -32567 -31358 2678 
845194 0 0 0 0 0 0 0 0 0 0 -32567 -31358 2678 
845244 0 0 0 0 0 0 0 0 0 0 -32567 -31358 2678 
845294 0 0 0 0 0 0 0 0 0 0 -32567 -31358 2678 
845344 0 0 0 0 0 0 0 0 0 0 -32567 -31358 2678 
845394 0 0 0 0 0 0 0 0 0 0 -32567 -31358 2678 
845445 0 0 0 0 0 0 0 0 0 0 -32567 -31358 2678 
845495 0 0 0 0 0 0 0 0 0 0 -32567 -31358 2678 
845545 0 0 0 0 0 0 0 0 0 0 -32567 -31358 2678 
845595 0 0 0 0 0 0 0 0 0 0 -32567 -31358 2678 
845645 0 0 0 0 0 0 0 0 0 0 -32567 -31358 2678 
845695 0 0 0 0 0 0 0 0 0 0 -32567 -31358 2678 
845745 0 0 0 0 0 0 0 0 0 0 -32567 -31358 2678 
845795 0 0 0 0 0 0 0 0 0 0 -32567 -31358 2678 
845845 0 0 0 0 0 0 0 0 0 0 -32567 -31358 2678 
845895 0 0 0 0 0 0 0 0 0 0 -32567 -31358 2678 
845945 0 0 0 0 0 0 0 0 0 0 -32567 -31358 2678 
845996 0 0 0 0 0 0 0 0 0 0 -32567 -31358 2678 
846046 0 0 0 0 0 0 0 0 0 0 -32567 -31358 2678 
846096 0 0 0 0 0 0 0 0 0 0 -32567 -31358 2678 
846146 0 0 0 0 0 0 0 0 0 0 -32567 -31358 2678 
846196 0 0 0 0 0 0 0 0 0 0 -32567 -31358 2678 
846246 0 0 0 0 0 0 0 0 0 0 -32567 -31358 2678 
846296 0 0 0 0 0 0 0 0 0 0 -32567 -31358 2678 
846346 0 0 0 0 0 0 0 0 0 0 -32567 -31358 2678 
846396 0 0 0 0 0 0 0 0 0 0 -32567 -31358 2678 
846446 0 0 0 0 0 0 0 0 0 0 -32567 -31358 2678 
846497 0 0 0 0 0 0 0 0 0 0 -32567 -31358 2678 
846547 0 0 0 0 0 0 0 0 0 0 -32567 -31358 2678 
846597 0 0 0 0 0 0 0 0 0 0 -32567 -31358 2678 
846647 0 0 0 0 0 0 0 0 0 0 -32567 -31358 2678 
846697 0 0 0 0 0 0 0 0 0 0 -32567 -31358 2678 
846747 0 0 0 0 0 0 0 0 0 0 -32567 -31358 2678 
846797 0 0 0 0 0 0 0 0 0 0 -32567 -31358 2678 
846847 0 0 0 0 0 0 0 0 0 0 -32567 -31358 2678 
846897 0 0 0 0 0 0 0 0 0 0 -32567 -31358 2678 
846947 0 0 0 0 0 0 0 0 0 0 -32567 -31358 2678 
846997 0 0 0 0 0 0 0 0 0 0 -32567 -31358 2678 
847048 0 0 0 0 0 0 0 0 0 0 -32567 -31358 2678 
847098 0 0 0 0 0 0 0 0 0 0 -32567 -31358 2678 
847148 0 0 0 0 0 0 0 0 0 0 -32567 -31358 2678 
847198 0 0 0 0 0 0 0 0 0 0 -32567 -31358 2678 
847248 0 0 0 0 0 0 0 0 0 0 -32567 -31358 2678 
847298 0 0 0 0 0 0 0 0 0 0 -32567 -31358 2678 
847348 0 0 0 0 0 0 0 0 0 0 -32567 -31358 2678 
847398 0 0 0 0 0 0 0 0 0 0 -32567 -31358 2678 
847448 0 0 0 0 0 0 0 0 0 0 -32567 -31358 2678 
847498 0 0 0 0 0 0 0 0 0 0 -32567 -31358 2678 
847549 0 0 0 0 0 0 0 0 0 0 -32567 -31358 2678 
847599 0 0 0 0 0 0 0 0 0 0 -32567 -31358 2678 
847649 0 0 0 0 0 0 0 0 0 0 -32567 -31358 2678 
847699 0 0 0 0 0 0 0 0 0 0 -32567 -31358 2678 
847749 0 0 0 0 0 0 0 0 0 0 -32567 -31358 2678 
847799 0 0 0 0 0 0 0 0 0 0 -32567 -31358 2678 
847849 0 0 0 0 0 0 0 0 0 0 -32567 -31358 2678 
847899 0 0 0 0 0 0 0 0 0 0 -32567 -31358 2678 
847949 0 0 0 0 0 0 0 0 0 0 -32567 -31358 2678 
847999 0 0 0 0 0 0 0 0 0 0 -32567 -31358 2678 
848049 0 0 0 0 0 0 0 0 0 0 -32567 -31358 2678 
848100 0 0 0 0 0 0 0 0 0 0 -32567 -31358 2678 
848150 0 0 0 0 0 0 0 0 0 0 -32567 -31358 2678 
848200 0 0 0 0 0 0 0 0 0 0 -32567 -31358 2678 
848250 0 0 0 0 0 0 0 0 0 0 -32567 -31358 2678 
