355161 1 2 3 4 5 6 7 8 9 10 11 12 13 
355211 1 2 3 4 5 6 7 8 9 10 11 12 13 
355262 1 2 3 4 5 6 7 8 9 10 11 12 13 
355312 1 2 3 4 5 6 7 8 9 10 11 12 13 
355362 1 2 3 4 5 6 7 8 9 10 11 12 13 
355412 1 2 3 4 5 6 7 8 9 10 11 12 13 
355462 1 2 3 4 5 6 7 8 9 10 11 12 13 
355512 1 2 3 4 5 6 7 8 9 10 11 12 13 
355562 1 2 3 4 5 6 7 8 9 10 11 12 13 
355612 1 2 3 4 5 6 7 8 9 10 11 12 13 
355662 1 2 3 4 5 6 7 8 9 10 11 12 13 
355712 1 2 3 4 5 6 7 8 9 10 11 12 13 
355763 1 2 3 4 5 6 7 8 9 10 11 12 13 
355813 1 2 3 4 5 6 7 8 9 10 11 12 13 
355863 1 2 3 4 5 6 7 8 9 10 11 12 13 
355913 1 2 3 4 5 6 7 8 9 10 11 12 13 
355963 1 2 3 4 5 6 7 8 9 10 11 12 13 
356014 1 2 3 4 5 6 7 8 9 10 11 12 13 
356064 1 2 3 4 5 6 7 8 9 10 11 12 13 
356114 1 2 3 4 5 6 7 8 9 10 11 12 13 
356166 1 2 3 4 5 6 7 8 9 10 11 12 13 
356216 1 2 3 4 5 6 7 8 9 10 11 12 13 
