0 0 0 0 0 0 0 0 0 0 0 1088 -25080 3344 
0 0 0 0 0 0 0 0 0 0 0 1088 -25080 3344 
0 0 0 0 0 0 0 0 0 0 0 1088 -25080 3344 
0 0 0 0 0 0 0 0 0 0 0 1088 -25080 3344 
0 0 0 0 0 0 0 0 0 0 0 1088 -25080 3344 
0 0 0 0 0 0 0 0 0 0 0 1088 -25080 3344 
0 0 0 0 0 0 0 0 0 0 0 1088 -25080 3344 
0 0 0 0 0 0 0 0 0 0 0 1088 -25080 3344 
0 0 0 0 0 0 0 0 0 0 0 1088 -25080 3344 
0 0 0 0 0 0 0 0 0 0 0 1088 -25080 3344 
0 0 0 0 0 0 0 0 0 0 0 1088 -25080 3344 
0 0 0 0 0 0 0 0 0 0 0 1088 -25080 3344 
0 0 0 0 0 0 0 0 0 0 0 1088 -25080 3344 
0 0 0 0 0 0 0 0 0 0 0 1088 -25080 3344 
0 0 0 0 0 0 0 0 0 0 0 1088 -25080 3344 
0 0 0 0 0 0 0 0 0 0 0 1088 -25080 3344 
0 0 0 0 0 0 0 0 0 0 0 1088 -25080 3344 
0 0 0 0 0 0 0 0 0 0 0 1088 -25080 3344 
0 0 0 0 0 0 0 0 0 0 0 1088 -25080 3344 
0 0 0 0 0 0 0 0 0 0 0 1088 -25080 3344 
0 0 0 0 0 0 0 0 0 0 0 1088 -25080 3344 
