9760 0 0 0 0 0 0 0 0 0 0 0 0 0 
9810 0 0 0 0 0 0 0 0 0 0 0 0 0 
9861 0 0 0 0 0 0 0 0 0 0 0 0 0 
9911 0 0 0 0 0 0 0 0 0 0 0 0 0 
9961 0 0 0 0 0 0 0 0 0 0 0 0 0 
10011 0 0 0 0 0 0 0 0 0 0 0 0 0 
10061 0 0 0 0 0 0 0 0 0 0 0 0 0 
10111 0 0 0 0 0 0 0 0 0 0 0 0 0 
10161 0 0 0 0 0 0 0 0 0 0 0 0 0 
10211 0 0 0 0 0 0 0 0 0 0 0 0 0 
10261 0 0 0 0 0 0 0 0 0 0 0 0 0 
10312 0 0 0 0 0 0 0 0 0 0 0 0 0 
10362 0 0 0 0 0 0 0 0 0 0 0 0 0 
10412 0 0 0 0 0 0 0 0 0 0 0 0 0 
10462 0 0 0 0 0 0 0 0 0 0 0 0 0 
10512 0 0 0 0 0 0 0 0 0 0 0 0 0 
10562 0 0 0 0 0 0 0 0 0 0 0 0 0 
10612 0 0 0 0 0 0 0 0 0 0 0 0 0 
10662 0 0 0 0 0 0 0 0 0 0 0 0 0 
10714 0 0 0 0 0 0 0 0 0 0 0 0 0 
10764 0 0 0 0 0 0 0 0 0 0 0 0 0 
10814 0 0 0 0 0 0 0 0 0 0 0 0 0 
10867 0 0 0 0 0 0 0 0 0 0 0 0 0 
10917 0 0 0 0 0 0 0 0 0 0 0 0 0 
10967 0 0 0 0 0 0 0 0 0 0 0 0 0 
11017 0 0 0 0 0 0 0 0 0 0 0 0 0 
11067 0 0 0 0 0 0 0 0 0 0 0 0 0 
11117 0 0 0 0 0 0 0 0 0 0 0 0 0 
11167 0 0 0 0 0 0 0 0 0 0 0 0 0 
11218 0 0 0 0 0 0 0 0 0 0 0 0 0 
11268 0 0 0 0 0 0 0 0 0 0 0 0 0 
11318 0 0 0 0 0 0 0 0 0 0 0 0 0 
11368 0 0 0 0 0 0 0 0 0 0 0 0 0 
11418 0 0 0 0 0 0 0 0 0 0 0 0 0 
11468 0 0 0 0 0 0 0 0 0 0 0 0 0 
11518 0 0 0 0 0 0 0 0 0 0 0 0 0 
11568 0 0 0 0 0 0 0 0 0 0 0 0 0 
11618 0 0 0 0 0 0 0 0 0 0 0 0 0 
11668 0 0 0 0 0 0 0 0 0 0 0 0 0 
11718 0 0 0 0 0 0 0 0 0 0 0 0 0 
11769 0 0 0 0 0 0 0 0 0 0 0 0 0 
11819 0 0 0 0 0 0 0 0 0 0 0 0 0 
11869 0 0 0 0 0 0 0 0 0 0 0 0 0 
11919 0 0 0 0 0 0 0 0 0 0 0 0 0 
11969 0 0 0 0 0 0 0 0 0 0 0 0 0 
12019 0 0 0 0 0 0 0 0 0 0 0 0 0 
12069 0 0 0 0 0 0 0 0 0 0 0 0 0 
12119 0 0 0 0 0 0 0 0 0 0 0 0 0 
12169 0 0 0 0 0 0 0 0 0 0 0 0 0 
12219 0 0 0 0 0 0 0 0 0 0 0 0 0 
12270 0 0 0 0 0 0 0 0 0 0 0 0 0 
12320 0 0 0 0 0 0 0 0 0 0 0 0 0 
12370 0 0 0 0 0 0 0 0 0 0 0 0 0 
12420 0 0 0 0 0 0 0 0 0 0 0 0 0 
12470 0 0 0 0 0 0 0 0 0 0 0 0 0 
12520 0 0 0 0 0 0 0 0 0 0 0 0 0 
12570 0 0 0 0 0 0 0 0 0 0 0 0 0 
12620 0 0 0 0 0 0 0 0 0 0 0 0 0 
12670 0 0 0 0 0 0 0 0 0 0 0 0 0 
12722 0 0 0 0 0 0 0 0 0 0 0 0 0 
12772 0 0 0 0 0 0 0 0 0 0 0 0 0 
12822 0 0 0 0 0 0 0 0 0 0 0 0 0 
12872 0 0 0 0 0 0 0 0 0 0 0 0 0 
12923 0 0 0 0 0 0 0 0 0 0 0 0 0 
12973 0 0 0 0 0 0 0 0 0 0 0 0 0 
13023 0 0 0 0 0 0 0 0 0 0 0 0 0 
13073 0 0 0 0 0 0 0 0 0 0 0 0 0 
13123 0 0 0 0 0 0 0 0 0 0 0 0 0 
13173 0 0 0 0 0 0 0 0 0 0 0 0 0 
13223 0 0 0 0 0 0 0 0 0 0 0 0 0 
13273 0 0 0 0 0 0 0 0 0 0 0 0 0 
13323 0 0 0 0 0 0 0 0 0 0 0 0 0 
13373 0 0 0 0 0 0 0 0 0 0 0 0 0 
13424 0 0 0 0 0 0 0 0 0 0 0 0 0 
13474 0 0 0 0 0 0 0 0 0 0 0 0 0 
13524 0 0 0 0 0 0 0 0 0 0 0 0 0 
13574 0 0 0 0 0 0 0 0 0 0 0 0 0 
13624 0 0 0 0 0 0 0 0 0 0 0 0 0 
13674 0 0 0 0 0 0 0 0 0 0 0 0 0 
13724 0 0 0 0 0 0 0 0 0 0 0 0 0 
13774 0 0 0 0 0 0 0 0 0 0 0 0 0 
13824 0 0 0 0 0 0 0 0 0 0 0 0 0 
13874 0 0 0 0 0 0 0 0 0 0 0 0 0 
13924 0 0 0 0 0 0 0 0 0 0 0 0 0 
13975 0 0 0 0 0 0 0 0 0 0 0 0 0 
14025 0 0 0 0 0 0 0 0 0 0 0 0 0 
14075 0 0 0 0 0 0 0 0 0 0 0 0 0 
14125 0 0 0 0 0 0 0 0 0 0 0 0 0 
14175 0 0 0 0 0 0 0 0 0 0 0 0 0 
14225 0 0 0 0 0 0 0 0 0 0 0 0 0 
14275 0 0 0 0 0 0 0 0 0 0 0 0 0 
14325 0 0 0 0 0 0 0 0 0 0 0 0 0 
14375 0 0 0 0 0 0 0 0 0 0 0 0 0 
14425 0 0 0 0 0 0 0 0 0 0 0 0 0 
14475 0 0 0 0 0 0 0 0 0 0 0 0 0 
14526 0 0 0 0 0 0 0 0 0 0 0 0 0 
14576 0 0 0 0 0 0 0 0 0 0 0 0 0 
14626 0 0 0 0 0 0 0 0 0 0 0 0 0 
14676 0 0 0 0 0 0 0 0 0 0 0 0 0 
14727 0 0 0 0 0 0 0 0 0 0 0 0 0 
14777 0 0 0 0 0 0 0 0 0 0 0 0 0 
14827 0 0 0 0 0 0 0 0 0 0 0 0 0 
14877 0 0 0 0 0 0 0 0 0 0 0 0 0 
14927 0 0 0 0 0 0 0 0 0 0 0 0 0 
14977 0 0 0 0 0 0 0 0 0 0 0 0 0 
15027 0 0 0 0 0 0 0 0 0 0 0 0 0 
15077 0 0 0 0 0 0 0 0 0 0 0 0 0 
15127 0 0 0 0 0 0 0 0 0 0 0 0 0 
