116404 0 0 0 0 0 0 0 0 0 0 -30034 22540 30401 
116454 0 0 0 0 0 0 0 0 0 0 -30034 22540 30401 
116504 0 0 0 0 0 0 0 0 0 0 -30034 22540 30401 
116554 0 0 0 0 0 0 0 0 0 0 -30034 22540 30401 
116604 0 0 0 0 0 0 0 0 0 0 -30034 22540 30401 
116654 0 0 0 0 0 0 0 0 0 0 -30034 22540 30401 
116704 0 0 0 0 0 0 0 0 0 0 -30034 22540 30401 
116754 0 0 0 0 0 0 0 0 0 0 -30034 22540 30401 
116805 0 0 0 0 0 0 0 0 0 0 -30034 22540 30401 
116855 0 0 0 0 0 0 0 0 0 0 -30034 22540 30401 
116905 0 0 0 0 0 0 0 0 0 0 -30034 22540 30401 
116955 0 0 0 0 0 0 0 0 0 0 -30034 22540 30401 
117005 0 0 0 0 0 0 0 0 0 0 -30034 22540 30401 
117055 0 0 0 0 0 0 0 0 0 0 -30034 22540 30401 
117105 0 0 0 0 0 0 0 0 0 0 -30034 22540 30401 
117155 0 0 0 0 0 0 0 0 0 0 -30034 22540 30401 
117205 0 0 0 0 0 0 0 0 0 0 -30034 22540 30401 
117256 0 0 0 0 0 0 0 0 0 0 -30034 22540 30401 
117306 0 0 0 0 0 0 0 0 0 0 -30034 22540 30401 
117356 0 0 0 0 0 0 0 0 0 0 -30034 22540 30401 
117406 0 0 0 0 0 0 0 0 0 0 -30034 22540 30401 
117456 0 0 0 0 0 0 0 0 0 0 -30034 22540 30401 
117506 0 0 0 0 0 0 0 0 0 0 -30034 22540 30401 
117556 0 0 0 0 0 0 0 0 0 0 -30034 22540 30401 
117606 0 0 0 0 0 0 0 0 0 0 -30034 22540 30401 
117656 0 0 0 0 0 0 0 0 0 0 -30034 22540 30401 
117706 0 0 0 0 0 0 0 0 0 0 -30034 22540 30401 
117757 0 0 0 0 0 0 0 0 0 0 -30034 22540 30401 
117807 0 0 0 0 0 0 0 0 0 0 -30034 22540 30401 
117857 0 0 0 0 0 0 0 0 0 0 -30034 22540 30401 
117907 0 0 0 0 0 0 0 0 0 0 -30034 22540 30401 
117957 0 0 0 0 0 0 0 0 0 0 -30034 22540 30401 
118007 0 0 0 0 0 0 0 0 0 0 -30034 22540 30401 
118057 0 0 0 0 0 0 0 0 0 0 -30034 22540 30401 
118107 0 0 0 0 0 0 0 0 0 0 -30034 22540 30401 
118157 0 0 0 0 0 0 0 0 0 0 -30034 22540 30401 
118207 0 0 0 0 0 0 0 0 0 0 -30034 22540 30401 
118257 0 0 0 0 0 0 0 0 0 0 -30034 22540 30401 
118307 0 0 0 0 0 0 0 0 0 0 -30034 22540 30401 
118358 0 0 0 0 0 0 0 0 0 0 -30034 22540 30401 
118408 0 0 0 0 0 0 0 0 0 0 -30034 22540 30401 
118459 0 0 0 0 0 0 0 0 0 0 -30034 22540 30401 
118509 0 0 0 0 0 0 0 0 0 0 -30034 22540 30401 
118559 0 0 0 0 0 0 0 0 0 0 -30034 22540 30401 
118609 0 0 0 0 0 0 0 0 0 0 -30034 22540 30401 
118659 0 0 0 0 0 0 0 0 0 0 -30034 22540 30401 
118709 0 0 0 0 0 0 0 0 0 0 -30034 22540 30401 
118759 0 0 0 0 0 0 0 0 0 0 -30034 22540 30401 
118809 0 0 0 0 0 0 0 0 0 0 -30034 22540 30401 
118859 0 0 0 0 0 0 0 0 0 0 -30034 22540 30401 
118909 0 0 0 0 0 0 0 0 0 0 -30034 22540 30401 
118960 0 0 0 0 0 0 0 0 0 0 -30034 22540 30401 
119010 0 0 0 0 0 0 0 0 0 0 -30034 22540 30401 
119060 0 0 0 0 0 0 0 0 0 0 -30034 22540 30401 
119110 0 0 0 0 0 0 0 0 0 0 -30034 22540 30401 
119160 0 0 0 0 0 0 0 0 0 0 -30034 22540 30401 
119210 0 0 0 0 0 0 0 0 0 0 -30034 22540 30401 
119260 0 0 0 0 0 0 0 0 0 0 -30034 22540 30401 
119310 0 0 0 0 0 0 0 0 0 0 -30034 22540 30401 
119360 0 0 0 0 0 0 0 0 0 0 -30034 22540 30401 
119410 0 0 0 0 0 0 0 0 0 0 -30034 22540 30401 
119460 0 0 0 0 0 0 0 0 0 0 -30034 22540 30401 
119510 0 0 0 0 0 0 0 0 0 0 -30034 22540 30401 
119561 0 0 0 0 0 0 0 0 0 0 -30034 22540 30401 
119611 0 0 0 0 0 0 0 0 0 0 -30034 22540 30401 
119661 0 0 0 0 0 0 0 0 0 0 -30034 22540 30401 
119711 0 0 0 0 0 0 0 0 0 0 -30034 22540 30401 
119761 0 0 0 0 0 0 0 0 0 0 -30034 22540 30401 
119811 0 0 0 0 0 0 0 0 0 0 -30034 22540 30401 
119861 0 0 0 0 0 0 0 0 0 0 -30034 22540 30401 
119911 0 0 0 0 0 0 0 0 0 0 -30034 22540 30401 
119962 0 0 0 0 0 0 0 0 0 0 -30034 22540 30401 
120012 0 0 0 0 0 0 0 0 0 0 -30034 22540 30401 
120062 0 0 0 0 0 0 0 0 0 0 -30034 22540 30401 
120112 0 0 0 0 0 0 0 0 0 0 -30034 22540 30401 
120162 0 0 0 0 0 0 0 0 0 0 -30034 22540 30401 
120212 0 0 0 0 0 0 0 0 0 0 -30034 22540 30401 
120262 0 0 0 0 0 0 0 0 0 0 -30034 22540 30401 
120312 0 0 0 0 0 0 0 0 0 0 -30034 22540 30401 
120363 0 0 0 0 0 0 0 0 0 0 -30034 22540 30401 
120413 0 0 0 0 0 0 0 0 0 0 -30034 22540 30401 
120463 0 0 0 0 0 0 0 0 0 0 -30034 22540 30401 
120513 0 0 0 0 0 0 0 0 0 0 -30034 22540 30401 
120563 0 0 0 0 0 0 0 0 0 0 -30034 22540 30401 
120613 0 0 0 0 0 0 0 0 0 0 -30034 22540 30401 
120663 0 0 0 0 0 0 0 0 0 0 -30034 22540 30401 
120713 0 0 0 0 0 0 0 0 0 0 -30034 22540 30401 
120766 0 0 0 0 0 0 0 0 0 0 -30034 22540 30401 
120816 0 0 0 0 0 0 0 0 0 0 -30034 22540 30401 
120867 0 0 0 0 0 0 0 0 0 0 -30034 22540 30401 
120917 0 0 0 0 0 0 0 0 0 0 -30034 22540 30401 
120967 0 0 0 0 0 0 0 0 0 0 -30034 22540 30401 
121017 0 0 0 0 0 0 0 0 0 0 -30034 22540 30401 
121067 0 0 0 0 0 0 0 0 0 0 -30034 22540 30401 
121117 0 0 0 0 0 0 0 0 0 0 -30034 22540 30401 
121167 0 0 0 0 0 0 0 0 0 0 -30034 22540 30401 
121217 0 0 0 0 0 0 0 0 0 0 -30034 22540 30401 
121267 0 0 0 0 0 0 0 0 0 0 -30034 22540 30401 
121317 0 0 0 0 0 0 0 0 0 0 -30034 22540 30401 
121367 0 0 0 0 0 0 0 0 0 0 -30034 22540 30401 
121418 0 0 0 0 0 0 0 0 0 0 -30034 22540 30401 
121468 0 0 0 0 0 0 0 0 0 0 -30034 22540 30401 
121518 0 0 0 0 0 0 0 0 0 0 -30034 22540 30401 
121568 0 0 0 0 0 0 0 0 0 0 -30034 22540 30401 
121618 0 0 0 0 0 0 0 0 0 0 -30034 22540 30401 
121668 0 0 0 0 0 0 0 0 0 0 -30034 22540 30401 
121718 0 0 0 0 0 0 0 0 0 0 -30034 22540 30401 
121768 0 0 0 0 0 0 0 0 0 0 -30034 22540 30401 
