27586 0 0 0 0 0 0 0 0 0 0 -23350 -32496 -24408 
27636 0 0 0 0 0 0 0 0 0 0 -23350 -32496 -24408 
27686 0 0 0 0 0 0 0 0 0 0 -23350 -32496 -24408 
27736 0 0 0 0 0 0 0 0 0 0 -23350 -32496 -24408 
27786 0 0 0 0 0 0 0 0 0 0 -23350 -32496 -24408 
27837 0 0 0 0 0 0 0 0 0 0 -23350 -32496 -24408 
27887 0 0 0 0 0 0 0 0 0 0 -23350 -32496 -24408 
27937 0 0 0 0 0 0 0 0 0 0 -23350 -32496 -24408 
27987 0 0 0 0 0 0 0 0 0 0 -23350 -32496 -24408 
28037 0 0 0 0 0 0 0 0 0 0 -23350 -32496 -24408 
28087 0 0 0 0 0 0 0 0 0 0 -23350 -32496 -24408 
28137 0 0 0 0 0 0 0 0 0 0 -23350 -32496 -24408 
28188 0 0 0 0 0 0 0 0 0 0 -23350 -32496 -24408 
28239 0 0 0 0 0 0 0 0 0 0 -23350 -32496 -24408 
28290 0 0 0 0 0 0 0 0 0 0 -23350 -32496 -24408 
28342 0 0 0 0 0 0 0 0 0 0 -23350 -32496 -24408 
28392 0 0 0 0 0 0 0 0 0 0 -23350 -32496 -24408 
28444 0 0 0 0 0 0 0 0 0 0 -23350 -32496 -24408 
28494 0 0 0 0 0 0 0 0 0 0 -23350 -32496 -24408 
28544 0 0 0 0 0 0 0 0 0 0 -23350 -32496 -24408 
28594 0 0 0 0 0 0 0 0 0 0 -23350 -32496 -24408 
28644 0 0 0 0 0 0 0 0 0 0 -23350 -32496 -24408 
28694 0 0 0 0 0 0 0 0 0 0 -23350 -32496 -24408 
28745 0 0 0 0 0 0 0 0 0 0 -23350 -32496 -24408 
28795 0 0 0 0 0 0 0 0 0 0 -23350 -32496 -24408 
28845 0 0 0 0 0 0 0 0 0 0 -23350 -32496 -24408 
28895 0 0 0 0 0 0 0 0 0 0 -23350 -32496 -24408 
28945 0 0 0 0 0 0 0 0 0 0 -23350 -32496 -24408 
28995 0 0 0 0 0 0 0 0 0 0 -23350 -32496 -24408 
29045 0 0 0 0 0 0 0 0 0 0 -23350 -32496 -24408 
29095 0 0 0 0 0 0 0 0 0 0 -23350 -32496 -24408 
29145 0 0 0 0 0 0 0 0 0 0 -23350 -32496 -24408 
29195 0 0 0 0 0 0 0 0 0 0 -23350 -32496 -24408 
29246 0 0 0 0 0 0 0 0 0 0 -23350 -32496 -24408 
29296 0 0 0 0 0 0 0 0 0 0 -23350 -32496 -24408 
29346 0 0 0 0 0 0 0 0 0 0 -23350 -32496 -24408 
29396 0 0 0 0 0 0 0 0 0 0 -23350 -32496 -24408 
29446 0 0 0 0 0 0 0 0 0 0 -23350 -32496 -24408 
29496 0 0 0 0 0 0 0 0 0 0 -23350 -32496 -24408 
29546 0 0 0 0 0 0 0 0 0 0 -23350 -32496 -24408 
29596 0 0 0 0 0 0 0 0 0 0 -23350 -32496 -24408 
29646 0 0 0 0 0 0 0 0 0 0 -23350 -32496 -24408 
29696 0 0 0 0 0 0 0 0 0 0 -23350 -32496 -24408 
29746 0 0 0 0 0 0 0 0 0 0 -23350 -32496 -24408 
29796 0 0 0 0 0 0 0 0 0 0 -23350 -32496 -24408 
29847 0 0 0 0 0 0 0 0 0 0 -23350 -32496 -24408 
29897 0 0 0 0 0 0 0 0 0 0 -23350 -32496 -24408 
29947 0 0 0 0 0 0 0 0 0 0 -23350 -32496 -24408 
29997 0 0 0 0 0 0 0 0 0 0 -23350 -32496 -24408 
30047 0 0 0 0 0 0 0 0 0 0 -23350 -32496 -24408 
30097 0 0 0 0 0 0 0 0 0 0 -23350 -32496 -24408 
30147 0 0 0 0 0 0 0 0 0 0 -23350 -32496 -24408 
30197 0 0 0 0 0 0 0 0 0 0 -23350 -32496 -24408 
30247 0 0 0 0 0 0 0 0 0 0 -23350 -32496 -24408 
30297 0 0 0 0 0 0 0 0 0 0 -23350 -32496 -24408 
30348 0 0 0 0 0 0 0 0 0 0 -23350 -32496 -24408 
30398 0 0 0 0 0 0 0 0 0 0 -23350 -32496 -24408 
30448 0 0 0 0 0 0 0 0 0 0 -23350 -32496 -24408 
30498 0 0 0 0 0 0 0 0 0 0 -23350 -32496 -24408 
30548 0 0 0 0 0 0 0 0 0 0 -23350 -32496 -24408 
30598 0 0 0 0 0 0 0 0 0 0 -23350 -32496 -24408 
30648 0 0 0 0 0 0 0 0 0 0 -23350 -32496 -24408 
30698 0 0 0 0 0 0 0 0 0 0 -23350 -32496 -24408 
30748 0 0 0 0 0 0 0 0 0 0 -23350 -32496 -24408 
30798 0 0 0 0 0 0 0 0 0 0 -23350 -32496 -24408 
30848 0 0 0 0 0 0 0 0 0 0 -23350 -32496 -24408 
30899 0 0 0 0 0 0 0 0 0 0 -23350 -32496 -24408 
30949 0 0 0 0 0 0 0 0 0 0 -23350 -32496 -24408 
30999 0 0 0 0 0 0 0 0 0 0 -23350 -32496 -24408 
31049 0 0 0 0 0 0 0 0 0 0 -23350 -32496 -24408 
31099 0 0 0 0 0 0 0 0 0 0 -23350 -32496 -24408 
31149 0 0 0 0 0 0 0 0 0 0 -23350 -32496 -24408 
31199 0 0 0 0 0 0 0 0 0 0 -23350 -32496 -24408 
31249 0 0 0 0 0 0 0 0 0 0 -23350 -32496 -24408 
31299 0 0 0 0 0 0 0 0 0 0 -23350 -32496 -24408 
31349 0 0 0 0 0 0 0 0 0 0 -23350 -32496 -24408 
31400 0 0 0 0 0 0 0 0 0 0 -23350 -32496 -24408 
31450 0 0 0 0 0 0 0 0 0 0 -23350 -32496 -24408 
31500 0 0 0 0 0 0 0 0 0 0 -23350 -32496 -24408 
31550 0 0 0 0 0 0 0 0 0 0 -23350 -32496 -24408 
31600 0 0 0 0 0 0 0 0 0 0 -23350 -32496 -24408 
31650 0 0 0 0 0 0 0 0 0 0 -23350 -32496 -24408 
31700 0 0 0 0 0 0 0 0 0 0 -23350 -32496 -24408 
31750 0 0 0 0 0 0 0 0 0 0 -23350 -32496 -24408 
31800 0 0 0 0 0 0 0 0 0 0 -23350 -32496 -24408 
31852 0 0 0 0 0 0 0 0 0 0 -23350 -32496 -24408 
31903 0 0 0 0 0 0 0 0 0 0 -23350 -32496 -24408 
31953 0 0 0 0 0 0 0 0 0 0 -23350 -32496 -24408 
32003 0 0 0 0 0 0 0 0 0 0 -23350 -32496 -24408 
32053 0 0 0 0 0 0 0 0 0 0 -23350 -32496 -24408 
32103 0 0 0 0 0 0 0 0 0 0 -23350 -32496 -24408 
32153 0 0 0 0 0 0 0 0 0 0 -23350 -32496 -24408 
32203 0 0 0 0 0 0 0 0 0 0 -23350 -32496 -24408 
32253 0 0 0 0 0 0 0 0 0 0 -23350 -32496 -24408 
32304 0 0 0 0 0 0 0 0 0 0 -23350 -32496 -24408 
32354 0 0 0 0 0 0 0 0 0 0 -23350 -32496 -24408 
32404 0 0 0 0 0 0 0 0 0 0 -23350 -32496 -24408 
32454 0 0 0 0 0 0 0 0 0 0 -23350 -32496 -24408 
32504 0 0 0 0 0 0 0 0 0 0 -23350 -32496 -24408 
32554 0 0 0 0 0 0 0 0 0 0 -23350 -32496 -24408 
32604 0 0 0 0 0 0 0 0 0 0 -23350 -32496 -24408 
32654 0 0 0 0 0 0 0 0 0 0 -23350 -32496 -24408 
32704 0 0 0 0 0 0 0 0 0 0 -23350 -32496 -24408 
32754 0 0 0 0 0 0 0 0 0 0 -23350 -32496 -24408 
32805 0 0 0 0 0 0 0 0 0 0 -23350 -32496 -24408 
32855 0 0 0 0 0 0 0 0 0 0 -23350 -32496 -24408 
32905 0 0 0 0 0 0 0 0 0 0 -23350 -32496 -24408 
32955 0 0 0 0 0 0 0 0 0 0 -23350 -32496 -24408 
